0 5762-2-Ultralight.ldr
0 Name: 5762-2 - Ultralight
0 Author: Nenufar
0 Theme: Planes
0 Year: 2011
0 RRP: 6
0 Pieces: 41
0 CustomBrick

1 15 -21.783220 -144.392900 -15.977970 0.935898 -0.198932 0.290700 0.127230 0.960461 0.247640 -0.328470 -0.194783 0.924204 3022.dat
1 25 -45.039230 -164.204100 -89.914290 -0.290701 -0.198932 0.935898 -0.247640 0.960461 0.127230 -0.924204 -0.194783 -0.328470 3020.dat
1 71 79.763820 -170.088300 -41.033590 -0.290700 -0.198932 0.935898 -0.247640 0.960461 0.127230 -0.924204 -0.194783 -0.328469 3034.dat
1 15 33.370550 -142.289000 20.209950 0.935898 -0.198932 0.290700 0.127230 0.960461 0.247640 -0.328470 -0.194783 0.924204 3666.dat
1 15 4.300600 -167.053000 -72.210360 0.935898 -0.198932 0.290700 0.127230 0.960461 0.247640 -0.328470 -0.194783 0.924204 3666.dat
1 71 -13.739790 -153.280600 -26.946440 0.935898 -0.198932 0.290700 0.127230 0.960461 0.247640 -0.328470 -0.194783 0.924204 4081b.dat
1 71 -7.925780 -148.327900 -8.462359 -0.935898 -0.198932 -0.290700 -0.127231 0.960461 -0.247640 0.328469 -0.194783 -0.924204 4081b.dat
1 25 -13.825920 -182.811300 -8.186669 -0.935905 -0.198932 -0.290703 -0.127231 0.960461 -0.247642 0.328473 -0.194783 -0.924210 3023.dat
1 15 -24.729860 -169.343100 -94.925470 0.935898 -0.198932 0.290700 0.127230 0.960461 0.247640 -0.328470 -0.194783 0.924204 41770.dat
1 15 21.782140 -129.720700 52.947170 -0.935898 -0.198932 -0.290700 -0.127230 0.960461 -0.247640 0.328470 -0.194783 -0.924204 41769.dat
1 15 -30.826710 -141.035100 50.886540 -0.935898 -0.198932 -0.290700 -0.127231 0.960461 -0.247640 0.328469 -0.194783 -0.924204 54384.dat
1 15 -65.710040 -170.751800 -60.018100 0.935898 -0.198932 0.290700 0.127230 0.960461 0.247640 -0.328470 -0.194783 0.924204 54383.dat
1 80 47.912560 -145.324100 -91.750400 0.935898 -0.198932 0.290700 0.127231 0.960461 0.247640 -0.328470 -0.194783 0.924204 6141.dat
1 46 -59.936340 -188.272900 -111.239300 -0.290700 -0.198932 0.935898 -0.247640 0.960461 0.127230 -0.924204 -0.194783 -0.328470 6141.dat
1 80 76.982330 -120.560100 0.670360 0.290700 -0.198932 -0.935903 0.247641 0.960461 -0.127231 0.924205 -0.194783 0.328471 6141.dat
1 46 4.017650 -133.792100 92.085590 -0.290700 -0.198932 0.935898 -0.247640 0.960461 0.127230 -0.924204 -0.194783 -0.328469 6141.dat
1 25 92.707320 -150.022600 3.618300 -0.935898 -0.198932 -0.290700 -0.127230 0.960461 -0.247640 0.328470 -0.194783 -0.924204 3023.dat
1 25 63.637380 -174.786600 -88.802070 -0.935898 -0.198932 -0.290700 -0.127230 0.960461 -0.247640 0.328470 -0.194783 -0.924204 3023.dat
1 25 -56.036200 -164.849400 0.277320 -0.935898 -0.198932 -0.290700 -0.127230 0.960461 -0.247640 0.328470 -0.194783 -0.924204 3020.dat
1 15 43.327960 -169.647500 -83.790880 0.935898 -0.198932 0.290700 0.127230 0.960461 0.247640 -0.328470 -0.194783 0.924204 3710.dat
1 15 72.397900 -144.883500 8.629439 0.935898 -0.198932 0.290700 0.127230 0.960461 0.247640 -0.328470 -0.194783 0.924204 3710.dat
1 25 -68.578090 -150.754400 0.445510 0.935898 -0.198932 0.290700 0.127230 0.960461 0.247640 -0.328470 -0.194783 0.924204 3021.dat
1 25 1.472720 -124.581600 57.958310 -0.290701 -0.198932 0.935898 -0.247640 0.960461 0.127230 -0.924204 -0.194783 -0.328470 3020.dat
1 25 -6.057890 -173.855200 -13.029610 0.290700 -0.198932 -0.935898 0.247640 0.960461 -0.127230 0.924203 -0.194783 0.328470 3794b.dat
1 25 -24.776370 -176.399900 -6.460240 0.290703 -0.198932 -0.935905 0.247642 0.960461 -0.127231 0.924210 -0.194783 0.328473 3794b.dat
1 25 90.714240 -176.499600 -42.760020 0.290700 -0.198932 -0.935898 0.247640 0.960461 -0.127230 0.924203 -0.194783 0.328470 3794b.dat
1 25 -3.466920 -176.009000 -67.367420 0.935898 -0.198932 0.290700 0.127230 0.960461 0.247640 -0.328470 -0.194783 0.924204 3070b.dat
1 25 25.603020 -151.245000 25.052880 0.935898 -0.198932 0.290700 0.127230 0.960461 0.247640 -0.328470 -0.194783 0.924204 3070b.dat
1 71 -17.008850 -167.443900 -11.303200 0.935905 -0.198932 0.290703 0.127231 0.960461 0.247642 -0.328473 -0.194783 0.924210 4488.dat
1 25 -62.803720 -168.275500 -50.775790 -0.290700 -0.198932 0.935898 -0.247640 0.960461 0.127230 -0.924204 -0.194783 -0.328469 54200.dat
1 25 -33.733720 -143.511400 41.644530 -0.290700 -0.198932 0.935898 -0.247640 0.960461 0.127230 -0.924204 -0.194783 -0.328470 54200.dat
1 72 -30.188740 -147.192000 19.875790 -0.290701 -0.198932 0.935898 -0.247640 0.960461 0.127230 -0.924204 -0.194783 -0.328470 61409b.dat
1 72 -47.630740 -162.050300 -35.576400 -0.290701 -0.198932 0.935898 -0.247640 0.960461 0.127230 -0.924204 -0.194783 -0.328470 61409b.dat
1 25 -85.704610 -160.982600 8.573170 0.290700 -0.198932 -0.935898 0.247640 0.960461 -0.127230 0.924203 -0.194783 0.328470 3023.dat
1 80 49.504020 -153.007900 -90.192130 -0.290700 -0.198932 0.935898 -0.247640 0.960461 0.127230 -0.924203 -0.194783 -0.328470 6141.dat
1 80 78.573960 -128.243800 2.228210 -0.290700 -0.198932 0.935898 -0.247640 0.960461 0.127230 -0.924203 -0.194783 -0.328470 6141.dat
1 25 -31.543860 -179.825900 -57.513340 0.935898 -0.198932 0.290700 0.127230 0.960461 0.247640 -0.328470 -0.194783 0.924204 3069b.dat
1 25 -2.473920 -155.061900 34.906990 0.935898 -0.198932 0.290700 0.127230 0.960461 0.247640 -0.328470 -0.194783 0.924204 3069b.dat
1 40 -56.036200 -164.849400 0.277320 -0.290700 -0.198932 0.935898 -0.247640 0.960461 0.127230 -0.924204 -0.194783 -0.328470 30602.dat
1 36 90.714240 -176.499600 -42.760020 -0.290700 -0.198932 0.935898 -0.247640 0.960461 0.127231 -0.924204 -0.194783 -0.328469 54200.dat
1 0 7.266100 -159.206300 -21.145930 0.290702 -0.935905 0.198932 0.247642 -0.127232 -0.960461 0.924211 0.328472 0.194783 2421.dat
