0 5762-1-PropellerPlane.ldr
0 Name: 5762-1 - Propeller Plane
0 Author: Nenufar
0 Theme: Planes
0 Year: 2011
0 RRP: 6
0 Pieces: 52
0 CustomBrick

1 15 -79.493880 -209.642100 -9.971720 0.960450 -0.102710 -0.258819 0.016755 0.949118 -0.314475 0.277950 0.297701 0.913301 3022.dat
1 15 -41.075930 -208.972000 1.146270 -0.258819 -0.102710 -0.960450 -0.314475 0.949118 -0.016755 0.913301 0.297701 -0.277950 3020.dat
1 25 54.969020 -207.296500 28.941240 -0.960450 -0.102710 0.258819 -0.016755 0.949118 0.314475 -0.277950 0.297701 -0.913301 3020.dat
1 15 -2.657950 -208.301700 12.264260 -0.258819 -0.102710 -0.960450 -0.314475 0.949118 -0.016755 0.913301 0.297701 -0.277950 51739.dat
1 71 -22.688620 -201.043900 9.086860 0.960450 -0.102710 -0.258819 0.016755 0.949118 -0.314475 0.277950 0.297701 0.913301 3034.dat
1 15 -4.424450 -219.039500 19.015670 0.960450 -0.102710 -0.258819 0.016755 0.949118 -0.314475 0.277950 0.297701 0.913301 3666.dat
1 15 0.751930 -212.750000 0.749650 0.960450 -0.102710 -0.258819 0.016755 0.949118 -0.314475 0.277950 0.297701 0.913301 3666.dat
1 71 -66.479520 -213.922800 -18.706840 0.960450 -0.102710 -0.258819 0.016755 0.949118 -0.314475 0.277950 0.297701 0.913301 4081b.dat
1 71 -71.655900 -220.212300 -0.440820 -0.960450 -0.102710 0.258820 -0.016755 0.949118 0.314475 -0.277950 0.297701 -0.913301 4081b.dat
1 25 -88.276710 -217.402600 -15.132830 -0.258819 -0.102710 -0.960450 -0.314475 0.949118 -0.016755 0.913301 0.297701 -0.277950 3023.dat
1 15 64.646980 -227.133300 68.650630 -0.960450 -0.102710 0.258819 -0.016755 0.949118 0.314475 -0.277950 0.297701 -0.913301 41770.dat
1 15 85.352500 -201.975300 -4.413410 0.960450 -0.102710 -0.258819 0.016755 0.949118 -0.314475 0.277950 0.297701 0.913301 41769.dat
1 15 -9.944220 -191.239400 -71.519870 0.960450 -0.102710 -0.258819 0.016755 0.949118 -0.314475 0.277950 0.297701 0.913301 54384.dat
1 15 -51.355940 -241.555400 74.608000 -0.960450 -0.102710 0.258819 -0.016755 0.949118 0.314475 -0.277950 0.297701 -0.913301 54383.dat
1 80 -73.033960 -205.936100 -39.712850 -0.258819 0.960450 -0.102710 -0.314475 0.016755 0.949118 0.913301 0.277950 0.297701 6141.dat
1 46 -80.717530 -206.070100 -41.936450 -0.258819 0.960450 -0.102710 -0.314475 0.016755 0.949118 0.913301 0.277950 0.297701 6141.dat
1 80 -88.563110 -224.804600 15.085190 -0.258819 0.960450 -0.102710 -0.314475 0.016755 0.949118 0.913301 0.277950 0.297701 6141.dat
1 46 -96.246700 -224.938700 12.861590 -0.258819 0.960450 -0.102710 -0.314475 0.016755 0.949118 0.913301 0.277950 0.297701 6141.dat
1 25 -80.438720 -227.972700 -5.601930 -0.960450 -0.102710 0.258819 -0.016755 0.949118 0.314475 -0.277950 0.297701 -0.913301 3023.dat
1 25 -75.262340 -221.683300 -23.867950 -0.960450 -0.102710 0.258819 -0.016755 0.949118 0.314475 -0.277950 0.297701 -0.913301 3023.dat
1 25 -49.037070 -224.325400 -6.396450 -0.258819 -0.102710 -0.960450 -0.314475 0.949118 -0.016755 0.913301 0.297701 -0.277950 3666.dat
1 25 -1.014570 -223.487700 7.501040 -0.960450 -0.102710 0.258819 -0.016755 0.949118 0.314475 -0.277950 0.297701 -0.913301 3020.dat
1 15 78.409580 -219.002500 20.604020 0.960450 -0.102710 -0.258819 0.016755 0.949118 -0.314475 0.277950 0.297701 0.913301 3710.dat
1 15 73.233240 -225.292100 38.870050 0.960450 -0.102710 -0.258819 0.016755 0.949118 -0.314475 0.277950 0.297701 0.913301 3710.dat
1 25 28.620580 -230.578000 13.457940 0.960450 -0.102710 -0.258819 0.016755 0.949118 -0.314475 0.277950 0.297701 0.913301 3021.dat
1 25 -38.610890 -231.750800 -5.998570 -0.960450 -0.102710 0.258819 -0.016755 0.949118 0.314475 -0.277950 0.297701 -0.913301 3020.dat
1 25 -86.633380 -232.588500 -19.896050 0.258820 -0.102710 0.960450 0.314475 0.949118 0.016755 -0.913301 0.297701 0.277950 44728.dat
1 25 67.038560 -229.907800 24.575940 -0.258819 -0.102710 -0.960450 -0.314475 0.949118 -0.016755 0.913301 0.297701 -0.277950 3794b.dat
1 25 86.247570 -229.572600 30.134940 -0.258819 -0.102710 -0.960450 -0.314475 0.949118 -0.016755 0.913301 0.297701 -0.277950 3794b.dat
1 25 105.456500 -229.237600 35.693940 -0.258819 -0.102710 -0.960450 -0.314475 0.949118 -0.016755 0.913301 0.297701 -0.277950 3794b.dat
1 25 -20.566940 -189.733200 -106.859600 0.960450 -0.102710 -0.258819 0.016755 0.949118 -0.314475 0.277950 0.297701 0.913301 3070b.dat
1 25 -77.507150 -258.917700 94.066660 0.960450 -0.102710 -0.258819 0.016755 0.949118 -0.314475 0.277950 0.297701 0.913301 3070b.dat
1 71 -37.936010 -199.335000 -82.239970 -0.960450 -0.102710 0.258819 -0.016755 0.949118 0.314475 -0.277950 0.297701 -0.913301 4488.dat
1 71 -79.347070 -249.650800 63.888130 -0.960450 -0.102710 0.258819 -0.016755 0.949118 0.314475 -0.277950 0.297701 -0.913301 4488.dat
1 25 -41.272480 -214.891100 -33.795470 0.960450 -0.102710 -0.258819 0.016755 0.949118 -0.314475 0.277950 0.297701 0.913301 54200.dat
1 25 -56.801640 -233.759600 21.002580 -0.960450 -0.102710 0.258819 -0.016755 0.949118 0.314475 -0.277950 0.297701 -0.913301 54200.dat
1 72 -35.347830 -196.190200 -91.372970 -0.258819 -0.102710 -0.960450 -0.314475 0.949118 -0.016755 0.913301 0.297701 -0.277950 61409b.dat
1 72 -81.935260 -252.795600 73.021100 -0.258819 -0.102710 -0.960450 -0.314475 0.949118 -0.016755 0.913301 0.297701 -0.277950 61409b.dat
1 25 -47.393680 -239.511300 -11.159670 -0.258819 -0.102710 -0.960450 -0.314475 0.949118 -0.016755 0.913301 0.297701 -0.277950 3023.dat
1 80 -85.541690 -254.266600 49.594000 0.258819 -0.102710 0.960450 0.314475 0.949118 0.016754 -0.913301 0.297701 0.277950 6141.dat
1 80 -49.307020 -210.240200 -78.268100 0.258819 -0.102710 0.960450 0.314475 0.949118 0.016754 -0.913301 0.297701 0.277950 6141.dat
1 25 -73.619000 -236.869200 -28.631160 0.960450 -0.102710 -0.258819 0.016755 0.949118 -0.314475 0.277950 0.297701 0.913301 3069b.dat
1 25 -78.795360 -243.158600 -10.365140 0.960450 -0.102710 -0.258819 0.016755 0.949118 -0.314475 0.277950 0.297701 0.913301 3069b.dat
1 0 -125.184700 -214.242900 -24.504130 -0.258819 0.960450 -0.102710 -0.314475 0.016755 0.949118 0.913301 0.277950 0.297701 30165.dat
1 40 -44.805520 -236.366500 -20.292680 0.258820 -0.102710 0.960450 0.314475 0.949118 0.016755 -0.913301 0.297701 0.277950 54200.dat
1 40 -49.981870 -242.656000 -2.026660 0.258820 -0.102710 0.960450 0.314475 0.949118 0.016755 -0.913301 0.297701 0.277950 54200.dat
1 40 -0.192890 -231.080600 5.119410 -0.258819 -0.102710 -0.960450 -0.314475 0.949118 -0.016755 0.913301 0.297701 -0.277950 30602.dat
1 40 -26.541340 -254.362100 -10.363890 -0.258819 -0.102710 -0.960450 -0.314475 0.949118 -0.016755 0.913301 0.297701 -0.277950 3065.dat
1 0 107.921600 -252.016400 28.549140 0.258820 -0.102710 0.960450 0.314475 0.949118 0.016755 -0.913301 0.297701 0.277950 4286.dat
1 36 107.921600 -252.016400 28.549140 0.258820 -0.102710 0.960450 0.314475 0.949118 0.016755 -0.913301 0.297701 0.277950 54200.dat
1 0 -64.381710 -195.041700 -88.256130 0.258819 0.960450 0.102710 0.314475 0.016755 -0.949118 -0.913301 0.277950 -0.297701 2421.dat
1 0 -105.792800 -245.357700 57.872000 0.258819 0.960450 0.102710 0.314475 0.016755 -0.949118 -0.913301 0.277950 -0.297701 2421.dat
