0 60250-1-MailPlane.ldr
0 Name: 60250-1 - Mail Plane
0 Author: Nenufar
0 Theme: Planes
0 Year: 2020
0 RRP: 10
0 Pieces: 80
0 CustomBrick

1 14 40.000000 -96.000000 -311.250000 -1.000000 0.000000 0.000000 0.000000 1.000000 0.000000 0.000000 0.000000 -1.000000 3626ap01.dat
1 320 40.000000 -96.000000 -311.250000 -1.000000 0.000000 0.000000 0.000000 1.000000 0.000000 0.000000 0.000000 -1.000000 3624.dat
1 4 40.000000 -72.000000 -311.250000 -1.000000 0.000000 0.000000 0.000000 1.000000 0.000000 0.000000 0.000000 -1.000000 973.dat
1 4 24.434660 -63.090660 -311.250000 -0.985328 -0.170671 0.000000 -0.170671 0.985328 0.000000 0.000000 0.000000 -1.000000 3819.dat
1 4 55.574620 -63.092840 -311.250000 -0.985495 0.119999 0.119998 0.169703 0.696850 0.696850 0.000000 0.707107 -0.707107 3818.dat
1 14 61.642090 -57.321260 -291.097500 0.000000 1.000000 -0.000001 1.000000 0.000000 0.000000 0.000000 0.000000 -1.000000 3820.dat
1 14 16.265290 -45.222780 -301.250000 -0.991469 0.049255 0.120682 -0.049255 0.715638 -0.696732 -0.120682 -0.696732 -0.707107 3820.dat
1 0 40.000000 -40.000000 -311.250000 -1.000000 0.000000 0.000000 0.000000 1.000000 0.000000 0.000000 0.000000 -1.000000 970.dat
1 0 40.000000 -28.000000 -311.250000 -1.000000 0.000000 0.000000 0.000000 1.000000 0.000000 0.000000 0.000000 -1.000000 971.dat
1 0 40.000000 -28.000000 -311.250000 -1.000000 0.000000 0.000000 0.000000 1.000000 0.000000 0.000000 0.000000 -1.000000 972.dat
1 15 40.000000 -8.000000 -220.000000 1.000000 0.000000 0.000000 0.000000 1.000000 0.000000 0.000000 0.000000 1.000000 3020.dat
1 70 40.000000 -32.000000 -220.000000 1.000000 0.000000 0.000000 0.000000 1.000000 0.000000 0.000000 0.000000 1.000000 3941.dat
1 4 40.000000 -80.000000 -220.000000 1.000000 0.000000 0.000000 0.000000 1.000000 0.000000 0.000000 0.000000 1.000000 4345b.dat
1 4 40.000000 -62.000000 -290.000000 1.000000 0.000000 0.000000 0.000000 0.000000 -1.000000 0.000000 1.000000 0.000000 4346.dat
1 15 50.000000 -80.000000 -210.000000 1.000000 0.000000 0.000000 0.000000 1.000000 0.000000 0.000000 0.000000 1.000000 2546.dat
1 15 39.000000 -48.000000 -230.000000 0.000000 0.000000 1.000000 0.000000 1.000000 0.000000 -1.000000 0.000000 0.000000 3069bp0c.dat
1 15 41.000000 -56.000000 -230.000000 0.000000 0.000000 1.000000 0.000000 1.000000 0.000000 -1.000000 0.000000 0.000000 3069bp01.dat
1 72 -141.213200 -32.000000 28.787100 0.707107 0.000000 -0.707101 0.000000 1.000000 0.000000 0.707101 0.000000 0.707107 3795.dat
1 15 -105.857700 -56.000000 64.142090 0.707101 0.000000 0.707107 0.000000 1.000000 0.000000 -0.707107 0.000000 0.707101 4856.dat
1 2 -112.928800 -48.000000 57.071040 0.707107 0.000000 -0.707101 0.000000 1.000000 0.000000 0.707101 0.000000 0.707107 3022.dat
1 19 -105.857700 -56.000000 64.142090 0.707107 0.000000 -0.707101 0.000000 1.000000 0.000000 0.707101 0.000000 0.707107 3021.dat
1 1 -134.142000 -72.000000 35.858120 0.707101 0.000000 0.707107 0.000000 1.000000 0.000000 -0.707107 0.000000 0.707101 2432.dat
1 15 -176.568600 -56.000000 -6.567920 -0.707100 0.000000 -0.707107 0.000000 1.000000 0.000000 0.707107 0.000000 -0.707100 4856.dat
1 71 -98.786730 -104.000000 42.928960 0.707107 0.000000 -0.707101 0.000000 1.000000 0.000000 0.707101 0.000000 0.707107 4345b.dat
1 71 -127.070900 -104.000000 71.213200 -0.707107 0.000000 0.707101 0.000000 1.000000 0.000000 -0.707101 0.000000 -0.707107 4345b.dat
1 14 -98.786730 -104.000000 42.928960 0.707107 0.000000 -0.707101 0.000000 1.000000 0.000000 0.707101 0.000000 0.707107 4346.dat
1 14 -127.070900 -104.000000 71.213180 -0.707107 0.000000 0.707101 0.000000 1.000000 0.000000 -0.707101 0.000000 -0.707107 4346.dat
1 2 -190.710800 -56.000000 -20.709840 -0.707101 0.000000 -0.707107 0.000000 1.000000 0.000000 0.707107 0.000000 -0.707101 3023.dat
1 0 -134.142300 -64.000000 -6.568050 0.707107 0.000000 -0.707101 0.000000 1.000000 0.000000 0.707101 0.000000 0.707107 3710.dat
1 0 -176.568400 -64.000000 35.858310 0.707107 0.000000 -0.707101 0.000000 1.000000 0.000000 0.707101 0.000000 0.707107 3710.dat
1 0 -176.568600 -48.000000 -6.567920 0.707101 0.000000 0.707107 0.000000 1.000000 0.000000 -0.707107 0.000000 0.707101 3829c01.dat
1 0 -218.994900 -64.000000 -48.993860 -0.707101 0.000000 -0.707107 0.000000 1.000000 0.000000 0.707107 0.000000 -0.707101 3023.dat
1 0 -197.781900 -64.000000 -27.780820 0.707101 0.000000 0.707107 0.000000 1.000000 0.000000 -0.707107 0.000000 0.707101 51739.dat
1 0 -84.644450 -64.000000 85.355020 -0.707101 0.000000 -0.707107 0.000000 1.000000 0.000000 0.707107 0.000000 -0.707101 51739.dat
1 0 -42.217820 -64.000000 127.781100 0.707107 0.000000 -0.707101 0.000000 1.000000 0.000000 0.707101 0.000000 0.707107 3020.dat
1 72 -91.715530 -88.000000 78.284160 -0.707101 0.000000 -0.707107 0.000000 1.000000 0.000000 0.707107 0.000000 -0.707101 3004.dat
1 14 -91.715530 -88.000000 78.284140 -0.707100 0.000000 -0.707107 0.000000 1.000000 0.000000 0.707107 0.000000 -0.707100 50373.dat
1 2 -70.502280 -88.000000 99.496970 0.707107 0.000000 -0.707101 0.000000 1.000000 0.000000 0.707101 0.000000 0.707107 3022.dat
1 15 -112.928800 -112.000000 57.071060 -0.707101 0.000000 -0.707107 0.000000 1.000000 0.000000 0.707107 0.000000 -0.707101 3832.dat
1 71 -91.715540 -120.000000 78.284150 -0.707101 0.000000 -0.707107 0.000000 1.000000 0.000000 0.707107 0.000000 -0.707101 18671.dat
1 14 -35.146760 -88.000000 120.710100 -0.707101 0.000000 -0.707107 0.000000 1.000000 0.000000 0.707107 0.000000 -0.707101 42023.dat
1 14 -49.288860 -88.000000 134.852100 -0.707101 0.000000 -0.707107 0.000000 1.000000 0.000000 0.707107 0.000000 -0.707101 42023.dat
1 15 -91.715530 -112.000000 78.284150 -0.707100 0.000000 -0.707107 0.000000 1.000000 0.000000 0.707107 0.000000 -0.707100 93348.dat
1 1 -91.715690 -120.000000 35.857930 0.707107 0.000000 -0.707101 0.000000 1.000000 0.000000 0.707101 0.000000 0.707107 3069b.dat
1 1 -134.141900 -120.000000 78.284280 0.707107 0.000000 -0.707101 0.000000 1.000000 0.000000 0.707101 0.000000 0.707107 3069b.dat
1 34 -112.928600 -120.000000 99.497120 0.707107 0.000000 -0.707101 0.000000 1.000000 0.000000 0.707101 0.000000 0.707107 6141.dat
1 36 -70.502390 -120.000000 57.070930 0.707107 0.000000 -0.707101 0.000000 1.000000 0.000000 0.707101 0.000000 0.707107 6141.dat
1 15 -35.146740 -96.000000 134.852000 -0.707100 0.000000 -0.707107 0.000000 1.000000 0.000000 0.707107 0.000000 -0.707100 3069b.dat
1 15 -21.004520 -88.000000 148.994000 0.707101 0.000000 0.707107 0.000000 1.000000 0.000000 -0.707107 0.000000 0.707101 85984.dat
1 71 7.279870 -96.000000 177.277900 -0.707101 0.000000 -0.707107 0.000000 1.000000 0.000000 0.707107 0.000000 -0.707101 2419.dat
1 14 -169.497300 -88.000000 42.929260 0.707107 0.000000 -0.707101 0.000000 1.000000 0.000000 0.707101 0.000000 0.707107 23950.dat
1 14 -127.071100 -88.000000 0.502920 -0.707107 0.000000 0.707101 0.000000 1.000000 0.000000 -0.707101 0.000000 -0.707107 23950.dat
1 14 -176.568700 -88.000000 -6.567900 0.707100 0.000000 0.707107 0.000000 1.000000 0.000000 -0.707107 0.000000 0.707100 50373.dat
1 14 -218.995000 -88.000000 -48.993880 -0.707101 0.000000 -0.707107 0.000000 1.000000 0.000000 0.707107 0.000000 -0.707101 3700.dat
1 71 -197.781900 -88.000000 -27.780820 0.707107 0.000000 -0.707101 0.000000 1.000000 0.000000 0.707101 0.000000 0.707107 3022.dat
1 15 -204.852800 -96.000000 -34.851810 0.707107 0.000000 -0.707101 0.000000 1.000000 0.000000 0.707101 0.000000 0.707107 26603.dat
1 72 -226.066000 -78.000000 -56.064820 0.707107 0.000000 -0.707101 0.000000 1.000000 0.000000 0.707101 0.000000 0.707107 3673.dat
1 71 -35.147580 -120.000000 -48.994660 0.707107 0.000000 -0.707101 0.000000 1.000000 0.000000 0.707101 0.000000 0.707107 2413.dat
1 71 -218.994700 -120.000000 134.852900 -0.707107 0.000000 0.707101 0.000000 1.000000 0.000000 -0.707101 0.000000 -0.707107 2413.dat
1 72 -28.075600 -56.000000 141.923000 0.707107 0.000000 -0.707101 0.000000 1.000000 0.000000 0.707101 0.000000 0.707107 2654.dat
1 0 -155.355300 -24.000000 14.645110 -0.707101 0.000000 -0.707107 0.000000 1.000000 0.000000 0.707107 0.000000 -0.707101 26599.dat
1 0 -119.999900 -24.000000 50.000060 0.707101 0.000000 0.707107 0.000000 1.000000 0.000000 -0.707107 0.000000 0.707101 3023.dat
1 0 -105.857700 -24.000000 64.142100 -0.707101 0.000000 -0.707107 0.000000 1.000000 0.000000 0.707107 0.000000 -0.707101 32803.dat
1 1 -134.142300 -14.000000 -6.568010 0.707101 0.000000 0.707107 0.000000 1.000000 0.000000 -0.707107 0.000000 0.707101 6558.dat
1 1 -176.568400 -14.000000 35.858310 -0.707101 0.000000 -0.707107 0.000000 1.000000 0.000000 0.707107 0.000000 -0.707101 6558.dat
1 72 -134.142300 -14.000000 -6.568010 0.707107 0.707101 0.000000 0.000000 0.000000 1.000000 0.707101 -0.707107 0.000000 18654.dat
1 72 -176.568400 -14.000010 35.858320 0.707107 0.707101 0.000000 0.000000 0.000000 1.000000 0.707101 -0.707107 0.000000 18654.dat
1 71 -105.857700 -128.000000 64.142070 0.707101 0.000000 0.707107 0.000000 1.000000 0.000000 -0.707107 0.000000 0.707101 3460.dat
1 15 -112.928700 -120.000000 85.355190 -0.707100 0.000000 -0.707107 0.000000 1.000000 0.000000 0.707107 0.000000 -0.707100 15068.dat
1 15 -84.644550 -120.000000 57.070970 -0.707101 0.000000 -0.707107 0.000000 1.000000 0.000000 0.707107 0.000000 -0.707101 15068.dat
1 14 -275.563000 -128.000000 191.421200 0.707107 0.000000 -0.707101 0.000000 1.000000 0.000000 0.707101 0.000000 0.707107 15573.dat
1 14 21.420810 -128.000000 -105.563000 0.707107 0.000000 -0.707101 0.000000 1.000000 0.000000 0.707101 0.000000 0.707107 15573.dat
1 36 21.420810 -136.000000 -105.563000 0.707107 0.000000 -0.707101 0.000000 1.000000 0.000000 0.707101 0.000000 0.707107 6141.dat
1 34 -275.563000 -136.000000 191.421200 0.707107 0.000000 -0.707101 0.000000 1.000000 0.000000 0.707101 0.000000 0.707107 6141.dat
1 15 7.279870 -104.000000 177.277900 0.707101 0.000000 0.707107 0.000000 1.000000 0.000000 -0.707107 0.000000 0.707101 6239.dat
1 15 -120.000300 -136.000000 50.000540 0.707107 0.000000 0.707107 0.000000 1.000000 0.000000 -0.707107 0.000000 0.707107 45677.dat
1 0 -233.137300 -78.000000 -63.135880 0.707101 0.000000 0.707107 0.000000 1.000000 0.000000 -0.707107 0.000000 0.707101 92842.dat
1 72 -120.000200 -3.000000 -20.710190 0.707101 0.000000 0.707107 0.000000 1.000000 0.000000 -0.707106 0.000000 0.707101 6120.dat
1 72 -190.710500 -3.000000 50.000400 0.707101 0.000000 0.707107 0.000000 1.000000 0.000000 -0.707106 0.000000 0.707101 6120.dat
1 40 -162.426600 -120.000000 7.574230 0.707104 0.000000 0.707110 0.000000 1.000000 0.000000 -0.707110 0.000000 0.707104 2437.dat
