0 Set_71203_Portal_Turret.ldr
0 Name: 71203 - Portal Turret
0 Author: VoxelGuy
0 CustomBrick

1 15 -3.999970 -109.305000 12.842670 0.000000 0.000000 1.000000 0.974125 0.225991 0.000000 -0.225979 0.974131 0.000000 3020.dat
1 0 -33.999990 -112.920900 -2.743430 0.000000 0.000000 1.000000 0.974125 0.225991 0.000000 -0.225979 0.974131 0.000000 99206.dat
1 0 -4.000000 -112.920900 -2.743440 0.000000 0.000000 1.000000 0.974125 0.225991 0.000000 -0.225979 0.974131 0.000000 3020.dat
1 15 -3.999980 -140.336800 11.828970 -1.000000 0.000000 0.000000 0.000000 0.225991 0.974125 0.000000 0.974131 -0.225979 3023.dat
1 0 26.000020 -112.920900 -2.743420 0.000000 0.000000 -1.000000 -0.974125 0.225991 0.000000 0.225979 0.974131 0.000000 99206.dat
1 0 -4.000000 -81.889290 -1.729740 1.000000 0.000000 0.000000 0.000000 0.225991 -0.974125 0.000000 0.974131 0.225979 60470b.dat
1 15 -4.000000 -93.438430 -7.263020 1.000000 0.000000 0.000000 0.000000 0.225991 -0.974125 0.000000 0.974131 0.225979 30602.dat
1 15 -3.994400 -124.470000 -8.276720 -1.000000 0.000000 0.000000 0.000000 0.225991 0.974125 0.000000 0.974131 -0.225979 15573.dat
1 15 28.000020 -111.564900 3.101350 0.000000 -1.000000 0.000000 0.225992 0.000000 -0.974125 0.974132 0.000000 0.225980 93273.dat
1 15 -35.999960 -111.564900 3.101340 0.000000 1.000000 0.000000 0.225991 0.000000 0.974125 0.974132 0.000000 -0.225979 93273.dat
1 15 5.999990 -78.273400 13.856350 0.000000 0.000000 -1.000000 -0.974125 0.225991 0.000000 0.225979 0.974131 0.000000 61252.dat
1 15 -4.000020 -76.465480 21.649440 1.000000 0.000000 0.000000 0.000000 0.225991 -0.974125 0.000000 0.974131 0.225979 48336.dat
1 15 -14.000020 -78.273410 13.856350 0.000000 0.000000 1.000000 0.974125 0.225991 0.000000 -0.225979 0.974131 0.000000 61252.dat
1 0 -14.074980 -127.712100 39.697040 1.000000 0.000000 0.000000 0.000000 0.974125 0.225991 0.000000 -0.225979 0.974131 3062b.dat
1 0 -4.074980 -135.505200 41.504880 1.000000 0.000000 0.000000 0.000000 0.974125 0.225991 0.000000 -0.225979 0.974131 18649.dat
1 0 5.925030 -127.712100 39.697050 1.000000 0.000000 0.000000 0.000000 0.974125 0.225991 0.000000 -0.225979 0.974131 3062b.dat
1 15 -4.074980 -143.298000 43.312730 1.000000 0.000000 0.000000 0.000000 0.974125 0.225991 0.000000 -0.225979 0.974131 44728.dat
1 15 -4.000000 -151.885800 6.295680 -1.000000 0.000000 0.000000 0.000000 0.225991 0.974125 0.000000 0.974131 -0.225979 30602.dat
1 15 -4.000000 -161.627000 8.555470 -1.000000 0.000000 0.000000 0.000000 0.225991 0.974125 0.000000 0.974131 -0.225979 3023.dat
1 15 -14.000000 -159.819000 16.348510 0.000000 0.000000 1.000000 0.974125 0.225991 0.000000 -0.225979 0.974131 0.000000 4070.dat
1 15 -28.000000 -157.709200 25.996320 0.000000 1.000000 0.000000 -0.225992 0.000000 -0.974125 -0.974132 0.000000 0.225980 4592.dat
1 0 -30.500010 -156.585000 25.863840 0.000000 0.000000 1.000000 -0.225991 0.974125 0.000000 -0.974132 -0.225979 0.000000 4593.dat
1 71 -33.999960 -104.987600 -12.796300 0.000001 0.000000 -1.000000 -0.974125 0.225991 -0.000001 0.225979 0.974131 0.000000 85861.dat
1 71 -33.999960 -124.470000 -8.276730 0.000001 0.000000 -1.000000 -0.974125 0.225991 -0.000001 0.225979 0.974131 0.000000 85861.dat
1 71 26.000020 -124.470100 -8.276710 0.000001 0.000000 -1.000000 -0.974125 0.225991 -0.000001 0.225979 0.974131 0.000000 85861.dat
1 0 -3.994390 -126.277900 -16.069780 0.000001 0.000000 -1.000000 -0.974125 0.225991 -0.000001 0.225979 0.974131 0.000000 85861.dat
1 36 -3.994390 -128.086000 -23.862800 0.000000 0.000000 1.000000 0.974125 0.225991 0.000000 -0.225979 0.974131 0.000000 6141.dat
1 71 26.000020 -104.987600 -12.796280 0.000001 0.000000 -1.000000 -0.974125 0.225991 -0.000001 0.225979 0.974131 0.000000 85861.dat
1 57 -34.000020 -72.021930 14.253950 0.000001 0.000000 -1.000000 0.225991 0.974125 0.000000 0.974131 -0.225979 0.000001 58176.dat
1 0 25.925000 -133.742000 41.095840 1.000000 0.000000 0.000000 0.000000 0.974125 0.225991 0.000000 -0.225979 0.974131 11090.dat
1 36 25.925000 -114.259600 36.576310 1.000000 0.000000 0.000000 0.000000 0.974125 0.225991 0.000000 -0.225979 0.974132 30374.dat
1 0 -34.075000 -133.742000 41.095820 1.000000 0.000000 0.000000 0.000000 0.974125 0.225991 0.000000 -0.225979 0.974131 11090.dat
1 36 -34.075030 -114.259600 36.576290 1.000000 0.000000 0.000000 0.000000 0.974125 0.225991 0.000000 -0.225979 0.974132 30374.dat
1 15 -4.000020 -53.809850 38.772700 1.000000 0.000000 0.000000 0.000000 0.974125 0.225991 0.000000 -0.225979 0.974131 61252.dat
1 0 -4.000000 -46.016880 36.964880 -1.000000 0.000000 -0.000001 0.000000 0.974125 -0.225991 0.000001 -0.225979 -0.974131 85861.dat
1 0 -4.000040 -37.980380 35.100530 -1.000000 0.000000 -0.000002 -0.000002 0.225992 0.974125 0.000000 0.974131 -0.225980 53451.dat
1 57 25.999990 -72.021900 14.253950 0.000001 0.000000 -1.000000 0.225991 0.974125 0.000000 0.974131 -0.225979 0.000001 58176.dat
1 0 -4.000000 -56.000120 -4.495820 0.000000 0.000000 -1.000000 0.000011 0.999993 0.000000 1.000000 0.000004 0.000000 15712.dat
1 43 -14.000000 -16.000520 -14.495710 1.000000 0.000000 0.000000 0.000000 0.999993 0.000011 0.000000 0.000004 1.000000 18868.dat
1 43 -4.000000 -40.000230 -4.495790 1.000000 0.000000 0.000000 0.000000 0.999993 0.000011 0.000000 0.000004 1.000000 3941.dat
1 15 -4.000000 -48.000180 -4.495810 -1.000000 0.000000 -0.000001 0.000000 0.999993 -0.000011 0.000001 0.000004 -1.000000 87580.dat
1 0 -34.000020 -62.000080 -4.495890 0.000000 1.000000 0.000000 0.974125 0.000000 -0.225991 -0.225979 0.000000 -0.974132 87994.dat
1 15 -28.000000 -62.000080 -4.495890 0.000000 0.000000 -1.000000 0.725524 -0.688183 0.000000 -0.688183 -0.725537 0.000000 76116.dat
1 0 -28.000000 -45.681240 -41.999940 1.000000 0.000000 0.000002 -0.000001 -0.688183 0.725524 0.000001 -0.725538 -0.688183 53451.dat
1 15 20.000000 -62.000110 -4.495870 0.000000 0.000000 -1.000000 0.725524 -0.688183 0.000000 -0.688183 -0.725537 0.000000 76116.dat
1 0 20.000000 -45.681340 -42.000000 1.000000 0.000000 0.000002 -0.000001 -0.688183 0.725538 0.000001 -0.725538 -0.688183 53451.dat
