0 30105-StephaniesMailbox.ldr
0 Name: 30105 - Stephanie's Mailbox
0 Author: Takeshi Takahashi [RainbowDolphin]
0 Theme: Friends
0 CustomBrick

1 15 0.000000 0.000000 0.000000 1.000000 0.000000 0.000000 0.000000 1.000000 0.000000 0.000000 0.000000 1.000000 3001.dat
1 15 0.000000 0.000000 -30.000000 1.000000 0.000000 0.000000 0.000000 1.000000 0.000000 0.000000 0.000000 1.000000 3010.dat
1 15 -30.000000 -24.000000 10.000000 1.000000 0.000000 0.000000 0.000000 1.000000 0.000000 0.000000 0.000000 1.000000 4286.dat
1 15 30.000000 -24.000000 10.000000 1.000000 0.000000 0.000000 0.000000 1.000000 0.000000 0.000000 0.000000 1.000000 4286.dat
1 0 0.000000 -24.000000 -10.000000 1.000000 0.000000 0.000000 0.000000 1.000000 0.000000 0.000000 0.000000 1.000000 3937.dat
1 15 -30.000000 -48.000000 10.000000 1.000000 0.000000 0.000000 0.000000 1.000000 0.000000 0.000000 0.000000 1.000000 59900.dat
1 15 30.000000 -48.000000 10.000000 1.000000 0.000000 0.000000 0.000000 1.000000 0.000000 0.000000 0.000000 1.000000 59900.dat
1 297 -30.000000 -88.000000 10.000000 1.000000 0.000000 0.000000 0.000000 1.000000 0.000000 0.000000 0.000000 1.000000 64644.dat
1 297 30.000000 -88.000000 10.000000 1.000000 0.000000 0.000000 0.000000 1.000000 0.000000 0.000000 0.000000 1.000000 64644.dat
1 71 0.000000 -22.268000 -14.400000 -1.000000 0.000000 0.000000 0.000000 0.866025 0.500000 0.000000 0.500000 -0.866025 6134.dat
1 15 0.000000 -24.195000 -27.059000 -1.000000 0.000000 0.000000 0.000000 0.866025 0.500000 0.000000 0.500000 -0.866025 3020.dat
1 4 20.000000 -31.123000 -31.059000 1.000000 0.000000 0.000000 0.000000 0.866025 -0.500000 0.000000 0.500000 0.866025 87580.dat
1 0 20.000000 -38.052000 -35.059000 1.000000 0.000000 0.000000 0.000000 0.866025 -0.500000 0.000000 0.500000 0.866025 3022.dat
1 29 10.000000 -49.980000 -30.398000 1.000000 0.000000 0.000000 0.000000 0.866025 -0.500000 0.000000 0.500000 0.866025 6141.dat
1 29 30.000000 -39.980000 -47.719000 1.000000 0.000000 0.000000 0.000000 0.866025 -0.500000 0.000000 0.500000 0.866025 6141.dat
1 70 30.000000 -49.980000 -30.398000 1.000000 0.000000 0.000000 0.000000 0.866025 -0.500000 0.000000 0.500000 0.866025 6141.dat
1 70 10.000000 -39.980000 -47.719000 1.000000 0.000000 0.000000 0.000000 0.866025 -0.500000 0.000000 0.500000 0.866025 6141.dat
1 15 0.000000 -96.000000 0.000000 1.000000 0.000000 0.000000 0.000000 1.000000 0.000000 0.000000 0.000000 1.000000 3020.dat
1 4 0.000000 -104.000000 -10.000000 1.000000 0.000000 0.000000 0.000000 1.000000 0.000000 0.000000 0.000000 1.000000 3794b.dat
1 4 0.000000 -120.000000 10.000000 1.000000 0.000000 0.000000 0.000000 1.000000 0.000000 0.000000 0.000000 1.000000 3004.dat
1 5 -30.000000 -120.000000 10.000000 1.000000 0.000000 0.000000 0.000000 1.000000 0.000000 0.000000 0.000000 1.000000 3040b.dat
1 5 30.000000 -120.000000 10.000000 1.000000 0.000000 0.000000 0.000000 1.000000 0.000000 0.000000 0.000000 1.000000 3040b.dat
1 15 0.000000 -128.000000 -10.000000 1.000000 0.000000 0.000000 0.000000 1.000000 0.000000 0.000000 0.000000 1.000000 87087.dat
1 4 0.000000 -118.000000 -28.000000 -0.707107 0.000000 0.707107 0.707107 0.000000 0.707107 0.000000 1.000000 0.000000 3176.dat
1 4 0.000000 -118.000000 -36.000000 -0.707107 0.000000 -0.707107 -0.707107 0.000000 0.707107 0.000000 1.000000 0.000000 3176.dat
1 27 80.000000 0.000000 -30.000000 1.000000 0.000000 0.000000 0.000000 1.000000 0.000000 0.000000 0.000000 1.000000 3941.dat
1 4 80.000000 -48.000000 -30.000000 1.000000 0.000000 0.000000 0.000000 1.000000 0.000000 0.000000 0.000000 1.000000 4345b.dat
1 15 80.000000 -48.000000 -30.000000 1.000000 0.000000 0.000000 0.000000 1.000000 0.000000 0.000000 0.000000 1.000000 4346.dat
1 29 70.000000 -48.000000 -20.000000 0.000000 0.000000 1.000000 0.000000 1.000000 0.000000 -1.000000 0.000000 0.000000 54200.dat
1 29 70.000000 -48.000000 -40.000000 0.000000 0.000000 1.000000 0.000000 1.000000 0.000000 -1.000000 0.000000 0.000000 54200.dat
1 29 90.000000 -48.000000 -20.000000 0.000000 0.000000 -1.000000 0.000000 1.000000 0.000000 1.000000 0.000000 0.000000 54200.dat
1 29 90.000000 -48.000000 -40.000000 0.000000 0.000000 -1.000000 0.000000 1.000000 0.000000 1.000000 0.000000 0.000000 54200.dat
1 15 80.000000 -44.459580 -60.000000 0.000000 0.000000 1.000000 0.000000 1.000000 0.000000 -1.000000 0.000000 0.000000 3069bp0c.dat
1 2 -30.000000 -33.051400 -43.719260 1.000000 0.000000 0.000000 0.000000 0.866025 -0.500000 0.000000 0.500000 0.866025 3741.dat
1 5 -30.000000 -60.847130 -36.368680 1.000000 0.000000 0.000000 0.000000 0.997221 -0.074506 0.000000 0.074506 0.997221 3742.dat
1 5 -49.446440 -49.062450 -65.821100 0.785233 0.388389 0.482248 0.120899 0.667667 -0.734577 -0.607283 0.635118 0.477318 3742.dat
1 5 -9.115240 -51.631270 -68.436220 0.781651 -0.403810 -0.475352 -0.112610 0.658237 -0.744341 0.613467 0.635344 0.469038 3742.dat
