0 30101-Skateboarder.ldr
0 Name: 30101 - Skateboarder
0 Author: Takeshi Takahashi [RainbowDolphin]
0 Theme: Friends
0 CustomBrick

1 1 0.000000 -16.000000 -80.000000 1.000000 0.000000 0.000000 0.000000 1.000000 0.000000 0.000000 0.000000 1.000000 42511c01.dat
1 27 -100.000000 -16.000000 -20.000000 1.000000 0.000000 0.000000 0.000000 1.000000 0.000000 0.000000 0.000000 1.000000 3941.dat
1 19 -100.000000 -24.000000 -20.000000 1.000000 0.000000 0.000000 0.000000 1.000000 0.000000 0.000000 0.000000 1.000000 4032a.dat
1 2 -100.000000 -36.000000 -20.000000 1.000000 0.000000 0.000000 0.000000 1.000000 0.000000 0.000000 0.000000 1.000000 3741a.dat
1 5 -100.000000 -53.628000 -5.027000 1.000000 0.000000 0.000000 0.000000 0.965920 0.258820 0.000000 -0.258825 0.965919 33291.dat
1 5 -114.089000 -58.458000 -28.134000 -0.500000 0.224150 -0.836500 0.000000 0.965920 0.258820 0.866030 0.129410 -0.482960 33291.dat
1 191 -84.791000 -63.287000 -28.782000 -0.500000 -0.224150 0.836510 0.000000 0.965920 0.258820 -0.866030 0.129410 -0.482960 33291.dat
1 19 0.000000 0.000000 0.000000 1.000000 0.000000 0.000000 0.000000 1.000000 0.000000 0.000000 0.000000 1.000000 3032.dat
1 14 40.000000 -8.000000 20.000000 1.000000 0.000000 0.000000 0.000000 1.000000 0.000000 0.000000 0.000000 1.000000 87580.dat
1 14 0.000000 -8.000000 -20.000000 1.000000 0.000000 0.000000 0.000000 1.000000 0.000000 0.000000 0.000000 1.000000 87580.dat
1 15 40.000000 -8.000000 -20.000000 1.000000 0.000000 0.000000 0.000000 1.000000 0.000000 0.000000 0.000000 1.000000 3068b.dat
1 15 -40.000000 -8.000000 -20.000000 1.000000 0.000000 0.000000 0.000000 1.000000 0.000000 0.000000 0.000000 1.000000 3068b.dat
1 4 40.000000 -32.000000 20.000000 1.000000 0.000000 0.000000 0.000000 1.000000 0.000000 0.000000 0.000000 1.000000 3062b.dat
1 72 -20.000000 -48.000000 20.000000 1.000000 0.000000 0.000000 0.000000 1.000000 0.000000 0.000000 0.000000 1.000000 3940.dat
1 27 -20.000000 -56.000000 20.000000 1.000000 0.000000 0.000000 0.000000 1.000000 0.000000 0.000000 0.000000 1.000000 4032a.dat
1 4 40.000000 -56.000000 20.000000 1.000000 0.000000 0.000000 0.000000 1.000000 0.000000 0.000000 0.000000 1.000000 87087.dat
1 7 40.000000 -64.000000 20.000000 1.000000 0.000000 0.000000 0.000000 1.000000 0.000000 0.000000 0.000000 1.000000 6141.dat
1 7 40.000000 -46.000000 2.000000 1.000000 0.000000 0.000000 0.000000 0.000000 -1.000000 0.000000 1.000000 0.000000 6141.dat
1 46 -30.000000 -80.000000 30.000000 1.000000 0.000000 0.000000 0.000000 1.000000 0.000000 0.000000 0.000000 1.000000 3062b.dat
1 46 -30.000000 -104.000000 30.000000 1.000000 0.000000 0.000000 0.000000 1.000000 0.000000 0.000000 0.000000 1.000000 59900.dat
1 47 -10.000000 -96.000000 10.000000 1.000000 0.000000 0.000000 0.000000 1.000000 0.000000 0.000000 0.000000 1.000000 2343.dat
1 191 -10.000000 -100.000000 10.000000 1.000000 0.000000 0.000000 0.000000 1.000000 0.000000 0.000000 0.000000 1.000000 6254.dat
