0 30259-1-AzarisMagicFire.ldr
0 Name: 30259-1 - Azari's Magic Fire
0 Author: Philippe Hurbain [Philo]
0 Theme: Friends
0 CustomBrick

1 191 0.000000 0.000000 0.000000 0.000000 0.000000 1.000000 0.000000 1.000000 0.000000 -1.000000 0.000000 0.000000 3666.dat
1 191 20.000000 0.000000 10.000000 1.000000 0.000000 0.000000 0.000000 1.000000 0.000000 0.000000 0.000000 1.000000 30357.dat
1 320 10.000000 -24.000000 50.000000 1.000000 0.000000 0.000000 0.000000 1.000000 0.000000 0.000000 0.000000 1.000000 3004.dat
1 57 10.000000 -8.000000 10.000000 1.000000 0.000000 0.000000 0.000000 1.000000 0.000000 0.000000 0.000000 1.000000 3069b.dat
1 57 40.000000 -8.000000 0.000000 0.000000 0.000000 1.000000 0.000000 1.000000 0.000000 -1.000000 0.000000 0.000000 3069b.dat
1 191 20.000000 0.000000 -10.000000 0.000000 0.000000 1.000000 0.000000 1.000000 0.000000 -1.000000 0.000000 0.000000 30357.dat
1 320 10.000000 -24.000000 -50.000000 1.000000 0.000000 0.000000 0.000000 1.000000 0.000000 0.000000 0.000000 1.000000 3004.dat
1 57 60.000000 -8.000000 -10.000000 1.000000 0.000000 0.000000 0.000000 1.000000 0.000000 0.000000 0.000000 1.000000 6141.dat
1 70 10.000000 -32.000000 0.000000 0.000000 0.000000 1.000000 0.000000 1.000000 0.000000 -1.000000 0.000000 0.000000 3795.dat
1 26 0.000000 -40.000000 0.000000 0.000000 0.000000 1.000000 0.000000 1.000000 0.000000 -1.000000 0.000000 0.000000 2431.dat
1 26 20.000000 -40.000000 0.000000 0.000000 0.000000 1.000000 0.000000 1.000000 0.000000 -1.000000 0.000000 0.000000 2431.dat
1 70 0.000000 -104.000000 -50.000000 -1.000000 0.000000 0.000000 0.000000 1.000000 0.000000 0.000000 0.000000 -1.000000 13965.dat
1 31 0.000000 -112.000000 -90.000000 0.866000 0.000000 -0.500000 0.000000 1.000000 0.000000 0.500000 0.000000 0.866000 2423.dat
1 5 30.000000 -120.000000 -141.962000 0.866000 0.000000 -0.500000 0.000000 1.000000 0.000000 0.500000 0.000000 0.866000 33291.dat
1 5 37.321000 -120.000000 -114.641000 0.500000 0.000000 -0.866000 0.000000 1.000000 0.000000 0.866000 0.000000 0.500000 33291.dat
1 37 2.679000 -116.000000 -134.641000 0.866000 0.000000 -0.500000 0.000000 1.000000 0.000000 0.500000 0.000000 0.866000 30153.dat
1 5 20.000000 -40.000000 50.000000 -0.707000 0.000000 0.707000 0.000000 1.000000 0.000000 -0.707000 0.000000 -0.707000 33291.dat
1 297 20.000000 -48.000000 50.000000 -0.871000 -0.026000 0.491000 0.009000 0.998000 0.067000 -0.492000 0.063000 -0.868000 15712.dat
1 70 36.368000 -51.776000 20.973000 -0.250000 0.491000 -0.834000 0.966000 0.067000 -0.250000 -0.067000 -0.868000 -0.491000 63965.dat
1 36 48.655000 -50.101000 -0.734000 0.250000 -0.491000 -0.834000 -0.966000 -0.067000 -0.250000 0.067000 0.868000 -0.491000 59900.dat
1 4 62.275000 -33.419000 -32.338000 -0.472000 0.284000 -0.834000 0.784000 0.569000 -0.250000 0.403000 -0.772000 -0.491000 33051.dat
1 4 20.000000 -64.000000 -30.000000 -0.870000 0.000000 0.492000 0.000000 1.000000 0.000000 -0.492000 0.000000 -0.870000 3899.dat
