0 30687-BlueysTeaParty.ldr
0 Name: 30687 - Bluey's Tea Party
0 Author: Nenufar
0 Theme: Friends
0 CustomBrick

1 84 60.000000 -8.000000 -20.000000 1.000000 0.000000 0.000000 0.000000 1.000000 0.000000 0.000000 0.000000 1.000000 3958.dat
1 288 -60.000000 -8.000000 -20.000000 0.000000 0.000000 1.000000 0.000000 1.000000 0.000000 -1.000000 0.000000 0.000000 6003.dat
1 15 100.000000 -32.000000 20.000000 1.000000 0.000000 0.000000 0.000000 1.000000 0.000000 0.000000 0.000000 1.000000 92947.dat
1 15 40.000000 -32.000000 -20.000000 1.000000 0.000000 0.000000 0.000000 1.000000 0.000000 0.000000 0.000000 1.000000 92947.dat
1 15 100.000000 -32.000000 -60.000000 1.000000 0.000000 0.000000 0.000000 1.000000 0.000000 0.000000 0.000000 1.000000 3003.dat
1 70 50.000000 -16.000000 30.000000 1.000000 0.000000 0.000000 0.000000 1.000000 0.000000 0.000000 0.000000 1.000000 63864.dat
1 70 -0.000010 -16.000000 20.000010 1.000000 0.000000 0.000000 0.000000 1.000000 0.000000 0.000000 0.000000 1.000000 87580.dat
1 70 0.000000 -16.000000 -19.999990 1.000000 0.000000 0.000000 0.000000 1.000000 0.000000 0.000000 0.000000 1.000000 87580.dat
1 27 0.000000 -16.000000 -49.999990 1.000000 0.000000 0.000000 0.000000 1.000000 0.000000 0.000000 0.000000 1.000000 2412b.dat
1 27 0.000010 -16.000000 -69.999980 1.000000 0.000000 0.000000 0.000000 1.000000 0.000000 0.000000 0.000000 1.000000 2412b.dat
1 70 -110.000000 -16.000000 29.999990 1.000000 0.000000 0.000000 0.000000 1.000000 0.000000 0.000000 0.000000 1.000000 15395.dat
1 10 -50.000020 -16.000000 30.000000 -0.707107 0.000000 -0.707107 0.000000 1.000000 0.000000 0.707107 0.000000 -0.707107 32607.dat
1 10 -90.000000 -16.000000 -50.000020 0.000000 0.000000 1.000000 0.000000 1.000000 0.000000 -1.000000 0.000000 0.000000 32607.dat
1 15 0.000000 -64.000000 0.000010 0.000000 0.000000 -1.000000 0.000000 1.000000 0.000000 1.000000 0.000000 0.000000 33303.dat
1 10 -110.000000 -40.000000 29.999990 1.000000 0.000000 0.000000 0.000000 1.000000 0.000000 0.000000 0.000000 1.000000 4589.dat
1 4 40.000000 -40.000000 -20.000000 1.000000 0.000000 0.000000 0.000000 1.000000 0.000000 0.000000 0.000000 1.000000 18674.dat
1 4 100.000000 -40.000000 20.000000 1.000000 0.000000 0.000000 0.000000 1.000000 0.000000 0.000000 0.000000 1.000000 18674.dat
1 4 100.000000 -64.000000 -60.000000 1.000000 0.000000 0.000000 0.000000 1.000000 0.000000 0.000000 0.000000 1.000000 60474.dat
1 15 100.000000 -56.000000 -60.000000 1.000000 0.000000 0.000000 0.000000 1.000000 0.000000 0.000000 0.000000 1.000000 3003.dat
1 15 110.000000 -88.000000 -30.000000 1.000000 0.000000 0.000000 0.000000 1.000000 0.000000 0.000000 0.000000 1.000000 3899.dat
1 15 70.000010 -88.000000 -50.000000 0.000000 0.000000 -1.000000 0.000000 1.000000 0.000000 1.000000 0.000000 0.000000 3899.dat
1 15 90.000000 -64.000000 -90.000000 1.000000 0.000000 0.000000 0.000000 1.000000 0.000000 0.000000 0.000000 1.000000 23986.dat
1 69 130.000000 -100.000000 -70.000000 1.000000 0.000000 0.000000 0.000000 1.000000 0.000000 0.000000 0.000000 1.000000 15470.dat
1 15 130.000000 -68.000020 -70.000000 1.000000 0.000000 0.000000 0.000000 -1.000000 0.000000 0.000000 0.000000 -1.000000 4740.dat
1 10 -110.000000 -28.230000 29.999990 1.000000 0.000000 0.000000 0.000000 -1.000000 0.000000 0.000000 0.000000 -1.000000 30192.dat
1 219 90.000000 -96.000000 -90.000000 1.000000 0.000000 0.000000 0.000000 1.000000 0.000000 0.000000 0.000000 1.000000 6141.dat
1 118 130.000000 -76.000020 -70.000010 1.000000 0.000000 0.000000 0.000000 -1.000000 0.000000 0.000000 0.000000 -1.000000 98100.dat
1 232 -40.000000 -32.000000 -10.000000 1.000000 0.000000 0.000000 0.000000 1.000000 0.000000 0.000000 0.000000 1.000000 41879b.dat
1 232 -40.000000 -64.000000 -10.000000 1.000000 0.000000 0.000000 0.000000 1.000000 0.000000 0.000000 0.000000 1.000000 973.dat
1 232 -24.528210 -55.124320 -10.000000 0.985328 0.170671 0.000000 -0.170671 0.985328 0.000000 0.000000 0.000000 1.000000 3819.dat
1 232 -55.574620 -55.092840 -10.000000 0.985495 -0.119998 -0.119998 0.169703 0.696850 0.696850 0.000000 -0.707107 0.707107 3818.dat
1 15 -61.642080 -49.321280 -30.152540 1.000000 0.000000 0.000000 0.000000 1.000000 0.000000 0.000000 0.000000 1.000000 3820.dat
1 15 -16.358820 -37.256440 -20.000000 0.991469 -0.049255 -0.120682 -0.049255 0.715638 -0.696732 0.120682 0.696732 0.707107 3820.dat
1 232 -40.000000 -88.000000 -10.000000 1.000000 0.000000 0.000000 0.000000 1.000000 0.000000 0.000000 0.000000 1.000000 3626ap01.dat
1 27 -61.642080 -53.071400 -41.136360 1.000000 0.000000 0.000000 0.000000 0.968766 -0.247977 0.000000 0.247977 0.968766 55296.dat
1 30 40.000000 -64.000000 -20.000000 1.000000 0.000000 0.000000 0.000000 1.000000 0.000000 0.000000 0.000000 1.000000 3626bpa8.dat
1 30 -90.000000 -24.000000 -50.000020 1.000000 0.000000 0.000000 0.000000 1.000000 0.000000 0.000000 0.000000 1.000000 24866.dat
1 30 -50.000020 -24.000000 30.000000 0.707107 0.000000 0.707107 0.000000 1.000000 0.000000 -0.707107 0.000000 0.707107 24866.dat
