0 3935-StephaniesPetPatrol.ldr
0 Name: 3935 - Stephanie's Pet Patrol
0 Author: Takeshi Takahashi [RainbowDolphin]
0 Theme: Friends
0 CustomBrick

1 71 251.695100 -11.300660 -170.000000 0.965926 -0.258819 0.000000 0.258819 0.965926 0.000000 0.000000 0.000000 1.000000 4624.dat
1 71 251.695100 -11.300660 -110.000000 -0.965926 -0.258819 0.000000 -0.258819 0.965926 0.000000 0.000000 0.000000 -1.000000 4624.dat
1 15 80.000000 -23.000000 -109.500000 -1.000000 0.000000 0.000000 0.000000 1.000000 0.000000 0.000000 0.000000 -1.000000 6014.dat
1 15 160.000000 -23.000000 -109.499900 -1.000000 0.000000 0.000000 0.000000 1.000000 0.000000 0.000000 0.000000 -1.000000 6014.dat
1 15 80.000000 -23.000000 -170.500000 1.000000 0.000000 0.000000 0.000000 1.000000 0.000000 0.000000 0.000000 1.000000 6014.dat
1 15 160.000000 -23.000000 -170.500000 -1.000000 0.000000 0.000000 0.000000 -1.000000 0.000000 0.000000 0.000000 1.000000 6014.dat
1 27 0.000000 0.000000 0.000000 1.000000 0.000000 0.000000 0.000000 1.000000 0.000000 0.000000 0.000000 1.000000 3031.dat
1 15 -30.000000 -8.000000 20.000000 0.000000 0.000000 1.000000 0.000000 1.000000 0.000000 -1.000000 0.000000 0.000000 3023.dat
1 15 30.000000 -8.000000 20.000000 0.000000 0.000000 1.000000 0.000000 1.000000 0.000000 -1.000000 0.000000 0.000000 3023.dat
1 14 0.000000 -8.000000 -20.000000 0.000000 0.000000 1.000000 0.000000 1.000000 0.000000 -1.000000 0.000000 0.000000 87580.dat
1 19 -30.000000 -32.000000 20.000000 0.000000 0.000000 1.000000 0.000000 1.000000 0.000000 -1.000000 0.000000 0.000000 3004.dat
1 19 30.000000 -32.000000 20.000000 0.000000 0.000000 1.000000 0.000000 1.000000 0.000000 -1.000000 0.000000 0.000000 3004.dat
1 15 -30.000000 -40.000000 20.000000 0.000000 0.000000 1.000000 0.000000 1.000000 0.000000 -1.000000 0.000000 0.000000 3023.dat
1 15 30.000000 -40.000000 20.000000 0.000000 0.000000 1.000000 0.000000 1.000000 0.000000 -1.000000 0.000000 0.000000 3023.dat
1 14 -30.000000 -64.000000 20.000000 0.000000 0.000000 1.000000 0.000000 1.000000 0.000000 -1.000000 0.000000 0.000000 3039.dat
1 14 30.000000 -64.000000 20.000000 0.000000 0.000000 -1.000000 0.000000 1.000000 0.000000 1.000000 0.000000 0.000000 3039.dat
1 14 0.000000 -72.000000 20.000000 -1.000000 0.000000 0.000000 0.000000 1.000000 0.000000 0.000000 0.000000 -1.000000 3020.dat
1 14 -10.000000 -96.000000 20.000000 0.000000 0.000000 1.000000 0.000000 1.000000 0.000000 -1.000000 0.000000 0.000000 3039.dat
1 14 10.000000 -96.000000 20.000000 0.000000 0.000000 -1.000000 0.000000 1.000000 0.000000 1.000000 0.000000 0.000000 3039.dat
1 5 -30.000000 -8.000000 -30.000000 0.707107 0.000000 -0.707107 0.000000 1.000000 0.000000 0.707107 0.000000 0.707107 33291.dat
1 5 30.000000 -8.000000 -30.000000 0.707107 0.000000 -0.707107 0.000000 1.000000 0.000000 0.707107 0.000000 0.707107 33291.dat
1 25 30.000000 -56.000000 -30.000000 1.000000 0.000000 0.000000 0.000000 1.000000 0.000000 0.000000 0.000000 1.000000 33172c02.dat
1 2 120.000000 -16.000000 20.000000 1.000000 0.000000 0.000000 0.000000 1.000000 0.000000 0.000000 0.000000 1.000000 3003.dat
1 27 160.000000 -16.000000 0.000000 0.000000 0.000000 1.000000 0.000000 1.000000 0.000000 -1.000000 0.000000 0.000000 3001.dat
1 27 140.000000 -40.000000 20.000000 1.000000 0.000000 0.000000 0.000000 1.000000 0.000000 0.000000 0.000000 1.000000 3001.dat
1 2 130.000000 -64.000000 30.000000 -1.000000 0.000000 0.000000 0.000000 1.000000 0.000000 0.000000 0.000000 -1.000000 30176.dat
1 2 170.000000 -40.000000 -10.000000 0.000000 0.000000 1.000000 0.000000 1.000000 0.000000 -1.000000 0.000000 0.000000 30176.dat
1 10 170.000000 -64.000000 30.000000 0.000000 0.000000 1.000000 0.000000 1.000000 0.000000 -1.000000 0.000000 0.000000 4727.dat
1 5 170.000000 -72.000000 30.000000 0.000000 0.000000 1.000000 0.000000 1.000000 0.000000 -1.000000 0.000000 0.000000 33291.dat
1 27 236.000000 -30.000000 -140.000000 0.965926 -0.258819 0.000000 0.258819 0.965926 0.000000 0.000000 0.000000 1.000000 3020.dat
1 71 257.389100 -32.551030 -140.000000 0.965926 -0.258819 0.000000 0.258819 0.965926 0.000000 0.000000 0.000000 1.000000 3022.dat
1 71 218.752000 -42.903790 -140.000000 0.000000 -0.258819 0.965926 0.000000 0.965926 0.258819 -1.000000 0.000000 0.000000 3176.dat
1 322 273.260000 -53.145060 -130.000000 0.000000 -0.258819 0.965926 0.000000 0.965926 0.258819 -1.000000 0.000000 0.000000 6231.dat
1 322 244.282200 -60.909630 -130.000000 0.965926 -0.258819 0.000000 0.258819 0.965926 0.000000 0.000000 0.000000 1.000000 4865b.dat
1 322 244.282200 -60.909630 -150.000000 -0.965926 -0.258819 0.000000 -0.258819 0.965926 0.000000 0.000000 0.000000 -1.000000 4865b.dat
1 322 273.260000 -53.145060 -150.000000 -0.965926 -0.258819 0.000000 -0.258819 0.965926 0.000000 0.000000 0.000000 -1.000000 6231.dat
1 14 215.304400 -68.674200 -140.000000 0.000000 -0.258819 -0.965926 0.000000 0.965926 -0.258819 1.000000 0.000000 0.000000 2877.dat
1 0 253.248000 -17.096210 -140.000000 0.000000 -0.258819 -0.965926 0.000000 0.965926 -0.258819 1.000000 0.000000 0.000000 4600.dat
1 72 120.000000 -36.000000 -140.000000 1.000000 0.000000 0.000000 0.000000 1.000000 0.000000 0.000000 0.000000 1.000000 3795.dat
1 15 150.000000 -44.000000 -140.000000 0.000000 0.000000 1.000000 0.000000 1.000000 0.000000 -1.000000 0.000000 0.000000 3023.dat
1 71 170.000000 -44.000000 -140.000000 0.000000 0.000000 -1.000000 0.000000 1.000000 0.000000 1.000000 0.000000 0.000000 88072.dat
1 71 80.000000 -44.000000 -140.000000 1.000000 0.000000 0.000000 0.000000 1.000000 0.000000 0.000000 0.000000 1.000000 3022.dat
1 27 120.000000 -44.000000 -140.000000 0.000000 0.000000 1.000000 0.000000 1.000000 0.000000 -1.000000 0.000000 0.000000 41854.dat
1 15 70.000000 -52.000000 -140.000000 0.000000 0.000000 1.000000 0.000000 1.000000 0.000000 -1.000000 0.000000 0.000000 3023.dat
1 27 120.000000 -52.000000 -140.000000 1.000000 0.000000 0.000000 0.000000 1.000000 0.000000 0.000000 0.000000 1.000000 3020.dat
1 36 170.000000 -52.000000 -130.000000 1.000000 0.000000 0.000000 0.000000 1.000000 0.000000 0.000000 0.000000 1.000000 6141.dat
1 36 170.000000 -52.000000 -150.000000 1.000000 0.000000 0.000000 0.000000 1.000000 0.000000 0.000000 0.000000 1.000000 6141.dat
1 323 80.000000 -60.000000 -140.000000 0.000000 0.000000 1.000000 0.000000 1.000000 0.000000 -1.000000 0.000000 0.000000 44674.dat
1 323 160.000000 -60.000000 -140.000000 0.000000 0.000000 -1.000000 0.000000 1.000000 0.000000 1.000000 0.000000 0.000000 44674.dat
1 71 90.000000 -68.000000 -140.000000 0.000000 0.000000 1.000000 0.000000 1.000000 0.000000 -1.000000 0.000000 0.000000 2412b.dat
1 15 70.000000 -68.000000 -140.000000 0.000000 0.000000 1.000000 0.000000 1.000000 0.000000 -1.000000 0.000000 0.000000 44728.dat
1 71 48.000000 -58.000000 -140.000000 0.000000 1.000000 0.000000 0.000000 0.000000 -1.000000 -1.000000 0.000000 0.000000 2412b.dat
1 29 56.000000 -38.000000 -130.000000 0.000000 1.000000 0.000000 0.000000 0.000000 -1.000000 -1.000000 0.000000 0.000000 54200.dat
1 29 56.000000 -38.000000 -150.000000 0.000000 1.000000 0.000000 0.000000 0.000000 -1.000000 -1.000000 0.000000 0.000000 54200.dat
1 0 80.000000 -28.000000 -140.000000 0.000000 0.000000 1.000000 0.000000 1.000000 0.000000 -1.000000 0.000000 0.000000 4600.dat
1 0 160.000000 -28.000000 -140.000000 0.000000 0.000000 1.000000 0.000000 1.000000 0.000000 -1.000000 0.000000 0.000000 4600.dat
1 323 70.000000 -76.000000 -140.000000 0.000000 0.000000 1.000000 0.000000 1.000000 0.000000 -1.000000 0.000000 0.000000 32028.dat
1 14 160.000000 -68.000000 -140.000000 1.000000 0.000000 0.000000 0.000000 1.000000 0.000000 0.000000 0.000000 1.000000 87580.dat
1 27 70.000000 -84.000000 -140.000000 0.000000 0.000000 1.000000 0.000000 1.000000 0.000000 -1.000000 0.000000 0.000000 3794a.dat
1 15 70.000000 -92.000000 -140.000000 1.000000 0.000000 0.000000 0.000000 1.000000 0.000000 0.000000 0.000000 1.000000 2555.dat
1 71 70.000000 -100.000000 -140.000000 0.000000 0.000000 1.000000 0.000000 1.000000 0.000000 -1.000000 0.000000 0.000000 98397.dat
1 256 80.000000 -23.000000 -176.500000 1.000000 0.000000 0.000000 0.000000 1.000000 0.000000 0.000000 0.000000 1.000000 56890.dat
1 256 160.000000 -23.000000 -176.500000 1.000000 0.000000 0.000000 0.000000 1.000000 0.000000 0.000000 0.000000 1.000000 56890.dat
1 256 80.000000 -23.000000 -103.500000 -1.000000 0.000000 0.000000 0.000000 1.000000 0.000000 0.000000 0.000000 -1.000000 56890.dat
1 256 160.000000 -23.000000 -103.499900 -1.000000 0.000000 0.000000 0.000000 1.000000 0.000000 0.000000 0.000000 -1.000000 56890.dat
1 256 251.695100 -11.300660 -170.000000 -0.916696 -0.399585 0.000000 0.399585 -0.916696 0.000000 0.000000 0.000000 1.000000 3641.dat
1 256 251.695100 -11.300660 -110.000000 0.399585 -0.916696 0.000000 0.916696 0.399585 0.000000 0.000000 0.000000 1.000000 3641.dat
