0 41071-1-AirasCreativeWorkshop.ldr
0 Name: 41071-1 - Airas Creative Workshop
0 Author: Nenufar
0 Theme: Friends
0 CustomBrick

1 19 0.000000 -8.000000 40.000000 1.000000 0.000000 0.000000 0.000000 1.000000 0.000000 0.000000 0.000000 1.000000 3031.dat
1 70 0.000000 -32.000000 70.000000 1.000000 0.000000 0.000000 0.000000 1.000000 0.000000 0.000000 0.000000 1.000000 3004.dat
1 19 0.000000 -32.000020 50.000000 1.000000 0.000000 0.000000 0.000000 1.000000 0.000000 0.000000 0.000000 1.000000 4865b.dat
1 30 0.000000 -16.000000 20.000000 1.000000 0.000000 0.000000 0.000000 1.000000 0.000000 0.000000 0.000000 1.000000 14769.dat
1 70 30.000000 -32.000000 50.000020 0.000000 0.000000 1.000000 0.000000 1.000000 0.000000 -1.000000 0.000000 0.000000 3622.dat
1 70 -30.000010 -32.000000 50.000000 0.000000 0.000000 1.000000 0.000000 1.000000 0.000000 -1.000000 0.000000 0.000000 3622.dat
1 15 -30.000010 -56.000000 70.000000 0.000000 0.000000 1.000000 0.000000 1.000000 0.000000 -1.000000 0.000000 0.000000 87087.dat
1 15 10.000000 -56.000000 70.000000 1.000000 0.000000 0.000000 0.000000 1.000000 0.000000 0.000000 0.000000 1.000000 3622.dat
1 70 -30.000010 -56.000000 40.000010 0.000000 0.000000 1.000000 0.000000 1.000000 0.000000 -1.000000 0.000000 0.000000 30237.dat
1 70 30.000010 -56.000000 40.000020 0.000000 0.000000 -1.000000 0.000000 1.000000 0.000000 1.000000 0.000000 0.000000 3004.dat
1 52 -20.000010 -80.000000 70.000000 1.000000 0.000000 0.000000 0.000000 1.000000 0.000000 0.000000 0.000000 1.000000 3065.dat
1 52 20.000000 -80.000000 70.000000 1.000000 0.000000 0.000000 0.000000 1.000000 0.000000 0.000000 0.000000 1.000000 3065.dat
1 26 0.000000 -64.000000 40.000010 1.000000 0.000000 0.000000 0.000000 1.000000 0.000000 0.000000 0.000000 1.000000 87079.dat
1 71 0.000000 -24.000000 22.000000 1.000000 0.000000 0.000000 0.000000 1.000000 0.000000 0.000000 0.000000 1.000000 99207.dat
1 15 0.000000 -46.000020 -0.000010 1.000000 0.000000 0.000000 0.000000 0.000000 -1.000000 0.000000 1.000000 0.000000 3794b.dat
1 15 0.000000 -26.000000 0.000000 1.000000 0.000000 0.000000 0.000000 0.000000 -1.000000 0.000000 1.000000 0.000000 3794b.dat
1 85 0.000000 -26.000000 -8.000010 1.000000 0.000000 0.000000 0.000000 0.000000 -1.000000 0.000000 1.000000 0.000000 6141.dat
1 85 0.000000 -46.000020 -8.000010 1.000000 0.000000 0.000000 0.000000 0.000000 -1.000000 0.000000 1.000000 0.000000 6141.dat
1 4 10.000000 -32.000000 22.000000 1.000000 0.000000 0.000000 0.000000 1.000000 0.000000 0.000000 0.000000 1.000000 3024.dat
1 47 10.000000 -40.000000 22.000000 1.000000 0.000000 0.000000 0.000000 1.000000 0.000000 0.000000 0.000000 1.000000 3024.dat
1 297 10.000000 -48.000000 22.000000 1.000000 0.000000 0.000000 0.000000 1.000000 0.000000 0.000000 0.000000 1.000000 98138.dat
1 26 -0.000010 -88.000000 70.000000 1.000000 0.000000 0.000000 0.000000 1.000000 0.000000 0.000000 0.000000 1.000000 3710.dat
1 31 29.899580 -96.000000 69.899590 0.707107 0.000000 0.707107 0.000000 1.000000 0.000000 -0.707107 0.000000 0.707107 33291.dat
1 2 -30.000010 -96.000000 70.000000 1.000000 0.000000 0.000000 0.000000 1.000000 0.000000 0.000000 0.000000 1.000000 3024.dat
1 47 -30.000010 -104.000000 70.000000 1.000000 0.000000 0.000000 0.000000 1.000000 0.000000 0.000000 0.000000 1.000000 3024.dat
1 297 -30.000010 -112.000000 70.000000 1.000000 0.000000 0.000000 0.000000 1.000000 0.000000 0.000000 0.000000 1.000000 98138.dat
1 0 -10.000010 -96.000000 70.000000 1.000000 0.000000 0.000000 0.000000 1.000000 0.000000 0.000000 0.000000 1.000000 3024.dat
1 47 -10.000010 -104.000000 70.000000 1.000000 0.000000 0.000000 0.000000 1.000000 0.000000 0.000000 0.000000 1.000000 3024.dat
1 297 -10.000010 -112.000000 70.000000 1.000000 0.000000 0.000000 0.000000 1.000000 0.000000 0.000000 0.000000 1.000000 98138.dat
1 15 29.899580 -100.000000 69.899590 0.000000 0.000000 1.000000 0.000000 1.000000 0.000000 -1.000000 0.000000 0.000000 64647.dat
1 15 115.000000 -8.000000 7.000000 0.707107 0.000000 -0.707107 0.000000 1.000000 0.000000 0.707107 0.000000 0.707107 3021.dat
1 179 -50.000020 -50.500000 40.000000 0.000000 0.000000 1.000000 0.000000 -1.000000 0.000000 1.000000 0.000000 0.000000 18920.dat
1 15 -48.000020 -76.000000 70.000000 0.000000 1.000000 0.000000 -1.000000 0.000000 0.000000 0.000000 0.000000 1.000000 2431p27.dat
1 15 122.071100 -32.000000 14.071070 0.707107 0.000000 -0.707107 0.000000 1.000000 0.000000 0.707107 0.000000 0.707107 3003.dat
1 85 129.142200 -40.000000 21.142140 0.707107 0.000000 0.707107 0.000000 1.000000 0.000000 -0.707107 0.000000 0.707107 3069b.dat
1 85 115.000000 -40.000000 7.000010 0.707107 0.000000 0.707107 0.000000 1.000000 0.000000 -0.707107 0.000000 0.707107 3069b.dat
1 85 100.857900 -16.000000 -7.142130 0.707107 0.000000 0.707107 0.000000 1.000000 0.000000 -0.707107 0.000000 0.707107 3069b.dat
1 30 -140.000000 -8.000000 40.000000 1.000000 0.000000 0.000000 0.000000 1.000000 0.000000 0.000000 0.000000 1.000000 3032.dat
1 70 -90.000010 -32.000000 50.000000 0.000000 0.000000 1.000000 0.000000 1.000000 0.000000 -1.000000 0.000000 0.000000 3622.dat
1 70 -110.000000 -32.000000 60.000000 0.000000 0.000000 -1.000000 0.000000 1.000000 0.000000 1.000000 0.000000 0.000000 3004.dat
1 70 -130.000000 -16.000000 60.000000 0.000000 0.000000 1.000000 0.000000 1.000000 0.000000 -1.000000 0.000000 0.000000 3069b.dat
1 70 -160.000000 -32.000000 60.000000 1.000000 0.000000 0.000000 0.000000 1.000000 0.000000 0.000000 0.000000 1.000000 3003.dat
1 26 -140.000000 -40.000000 60.000000 1.000000 0.000000 0.000000 0.000000 1.000000 0.000000 0.000000 0.000000 1.000000 3020.dat
1 70 -190.000000 -32.000000 50.000000 0.000000 0.000000 1.000000 0.000000 1.000000 0.000000 -1.000000 0.000000 0.000000 3622.dat
1 15 -150.000000 -32.000000 30.000000 -1.000000 0.000000 0.000000 0.000000 1.000000 0.000000 0.000000 0.000000 -1.000000 6231.dat
1 15 -170.000000 -32.000000 30.000000 0.000000 0.000000 -1.000000 0.000000 1.000000 0.000000 1.000000 0.000000 0.000000 6231.dat
1 15 -140.000000 -48.000000 60.000000 1.000000 0.000000 0.000000 0.000000 1.000000 0.000000 0.000000 0.000000 1.000000 18674.dat
1 37 -140.000000 -56.000000 60.000000 1.000000 0.000000 0.000000 0.000000 1.000000 0.000000 0.000000 0.000000 1.000000 6141.dat
1 71 -140.000000 -80.000000 59.999990 0.000000 0.000000 -1.000000 0.000000 1.000000 0.000000 1.000000 0.000000 0.000000 4599b.dat
1 19 -90.000010 -56.000000 50.000000 1.000000 0.000000 0.000000 0.000000 1.000000 0.000000 0.000000 0.000000 1.000000 3040b.dat
1 19 -190.000000 -56.000000 50.000000 1.000000 0.000000 0.000000 0.000000 1.000000 0.000000 0.000000 0.000000 1.000000 3040b.dat
1 19 -190.000000 -104.000000 70.000000 1.000000 0.000000 0.000000 0.000000 1.000000 0.000000 0.000000 0.000000 1.000000 14716.dat
1 19 -90.000030 -104.000000 70.000000 1.000000 0.000000 0.000000 0.000000 1.000000 0.000000 0.000000 0.000000 1.000000 14716.dat
1 19 -190.000000 -128.000000 70.000000 1.000000 0.000000 0.000000 0.000000 1.000000 0.000000 0.000000 0.000000 1.000000 3005.dat
1 19 -190.000000 -152.000000 70.000000 1.000000 0.000000 0.000000 0.000000 1.000000 0.000000 0.000000 0.000000 1.000000 3005.dat
1 19 -90.000030 -128.000000 70.000000 1.000000 0.000000 0.000000 0.000000 1.000000 0.000000 0.000000 0.000000 1.000000 3005.dat
1 19 -90.000030 -152.000000 70.000000 1.000000 0.000000 0.000000 0.000000 1.000000 0.000000 0.000000 0.000000 1.000000 3005.dat
1 52 -190.000000 -80.000000 50.000000 1.000000 0.000000 0.000000 0.000000 1.000000 0.000000 0.000000 0.000000 1.000000 3005.dat
1 52 -90.000010 -80.000000 50.000000 1.000000 0.000000 0.000000 0.000000 1.000000 0.000000 0.000000 0.000000 1.000000 3005.dat
1 19 -190.000000 -152.000000 50.000000 0.000000 0.000000 1.000000 0.000000 1.000000 0.000000 -1.000000 0.000000 0.000000 13965.dat
1 19 -90.000010 -152.000000 50.000000 0.000000 0.000000 -1.000000 0.000000 1.000000 0.000000 1.000000 0.000000 0.000000 13965.dat
1 19 -190.000000 -152.000000 50.000000 1.000000 0.000000 0.000000 0.000000 1.000000 0.000000 0.000000 0.000000 1.000000 4070.dat
1 19 -90.000000 -152.000000 50.000000 1.000000 0.000000 0.000000 0.000000 1.000000 0.000000 0.000000 0.000000 1.000000 4070.dat
1 70 -190.000000 -160.000000 50.000000 1.000000 0.000000 0.000000 0.000000 1.000000 0.000000 0.000000 0.000000 1.000000 2420.dat
1 70 -90.000030 -160.000000 50.000000 0.000000 0.000000 -1.000000 0.000000 1.000000 0.000000 1.000000 0.000000 0.000000 2420.dat
1 15 -140.000000 -160.000000 50.000020 1.000000 0.000000 0.000000 0.000000 1.000000 0.000000 0.000000 0.000000 1.000000 99780.dat
1 15 -140.000000 -162.000000 28.000010 1.000000 0.000000 0.000000 0.000000 0.000000 -1.000000 0.000000 1.000000 0.000000 3794b.dat
1 15 -140.000000 -168.000000 50.000000 1.000000 0.000000 0.000000 0.000000 1.000000 0.000000 0.000000 0.000000 1.000000 6636.dat
1 30 -140.000000 -162.000000 20.000010 1.000000 0.000000 0.000000 0.000000 0.000000 -1.000000 0.000000 1.000000 0.000000 14769.dat
1 70 -190.000000 -142.000000 45.022300 0.489384 0.000000 -0.872072 -0.872072 0.000000 -0.489384 0.000000 1.000000 0.000000 33183.dat
1 15 -165.192400 -173.945800 30.332240 0.489382 0.872069 0.000000 -0.872069 0.489383 0.000000 0.000000 0.000000 1.000000 3623.dat
1 26 -181.956500 -160.420300 30.332370 0.000000 0.872072 0.489384 0.000000 0.489384 -0.872072 -1.000000 0.000000 0.000000 4081b.dat
1 85 -186.122100 -185.691800 30.332350 0.000000 0.872072 -0.489384 0.000000 0.489384 0.872072 1.000000 0.000000 0.000000 50950.dat
1 70 -90.000000 -142.000000 46.022300 -0.481754 0.000000 -0.876307 -0.876307 0.000000 0.481754 0.000000 1.000000 0.000000 33183.dat
1 15 -114.528100 -174.161800 29.707130 -0.481754 -0.876308 0.000000 -0.876307 0.481754 0.000000 0.000000 0.000000 -1.000002 3623.dat
1 26 -97.882470 -160.489700 29.707120 0.000000 -0.876308 -0.481754 0.000000 0.481754 -0.876307 1.000002 0.000000 0.000000 4081b.dat
1 85 -93.495700 -185.724300 29.707160 0.000000 -0.876308 0.481754 0.000000 0.481754 0.876307 -1.000002 0.000000 0.000000 50950.dat
1 70 -130.000000 -24.000000 60.000000 0.000000 0.000000 1.000000 0.000000 1.000000 0.000000 -1.000000 0.000000 0.000000 3710.dat
1 297 -130.000000 -24.000000 90.000030 -1.000000 0.000000 0.000000 0.000000 1.000000 0.000000 0.000000 0.000000 -1.000000 54200.dat
1 84 -130.000000 -32.000000 30.000030 0.000000 0.000000 1.000000 0.000000 1.000000 0.000000 -1.000000 0.000000 0.000000 98138.dat
1 70 -130.000000 -32.000000 60.000000 0.000000 0.000000 1.000000 0.000000 1.000000 0.000000 -1.000000 0.000000 0.000000 3069b.dat
1 15 -156.000000 -33.102550 32.154960 0.000000 0.000000 1.000000 0.961262 0.275638 0.000000 -0.275638 0.961262 0.000000 3069bp0c.dat
1 15 -140.000000 -80.000000 59.999990 1.000000 0.000000 0.000000 0.000000 1.000000 0.000000 0.000000 0.000000 1.000000 2546.dat
1 71 95.303910 -80.000000 -100.000000 0.000000 0.000000 -1.000000 0.000000 1.000000 0.000000 1.000000 0.000000 0.000000 99207.dat
1 71 95.303890 -88.000000 -100.000000 0.000000 0.000000 1.000000 0.000000 1.000000 0.000000 -1.000000 0.000000 0.000000 3839b.dat
1 30 95.303890 -88.000000 -99.999980 0.000000 0.000000 1.000000 0.000000 1.000000 0.000000 -1.000000 0.000000 0.000000 85984.dat
1 26 117.303900 -82.000000 -90.000000 0.000000 -1.000000 0.000000 0.000000 0.000000 -1.000000 1.000000 0.000000 0.000000 4081b.dat
1 26 117.303900 -82.000000 -110.000000 0.000000 -1.000000 0.000000 0.000000 0.000000 -1.000000 1.000000 0.000000 0.000000 4081b.dat
1 297 117.303900 -102.000000 -110.000000 0.000000 -1.000000 0.000000 0.000000 0.000000 -1.000000 1.000000 0.000000 0.000000 15712.dat
1 297 117.303900 -102.000000 -90.000000 0.000000 -1.000000 0.000000 0.000000 0.000000 -1.000000 1.000000 0.000000 0.000000 15712.dat
1 297 125.303900 -82.000000 -99.999980 0.000000 -1.000000 0.000000 0.000000 0.000000 -1.000000 1.000000 0.000000 0.000000 3794b.dat
1 71 145.303900 -82.000000 -99.999980 0.000000 -1.000000 0.000000 -1.000000 0.000000 0.000000 0.000000 0.000000 -1.000000 4697b.dat
1 15 115.303900 -62.000000 -82.000010 1.000000 0.000000 0.000000 0.000000 0.000000 1.000000 0.000000 -1.000000 0.000000 64647.dat
1 15 115.303900 -62.000000 -118.000000 -1.000000 0.000000 0.000000 0.000000 0.000000 1.000000 0.000000 1.000000 0.000000 64647.dat
1 297 123.303900 -108.000000 -90.000510 1.000000 0.000000 0.000000 0.000000 1.000000 0.000000 0.000000 0.000000 1.000000 11100.dat
1 297 123.303900 -106.200000 -109.999500 -1.000000 0.000000 0.000000 0.000000 1.000000 0.000000 0.000000 0.000000 -1.000000 11100.dat
