0 41092-1-StephaniesPizzeria.ldr
0 Name: 41092-1 Stephanie's Pizzeria
0 Author: Philippe Hurbain [Philo]
0 Theme: Friends
0 CustomBrick

1 29 -138.000000 -8.000000 -177.000000 1.000000 0.000000 0.000000 0.000000 1.000000 0.000000 0.000000 0.000000 1.000000 30357.dat
1 29 -138.000000 -8.000000 -197.000000 0.000000 0.000000 1.000000 0.000000 1.000000 0.000000 -1.000000 0.000000 0.000000 30357.dat
1 84 -118.000000 -32.000000 -187.000000 0.000000 0.000000 -1.000000 0.000000 1.000000 0.000000 1.000000 0.000000 0.000000 15533.dat
1 84 -128.000000 -32.000000 -237.000000 1.000000 0.000000 0.000000 0.000000 1.000000 0.000000 0.000000 0.000000 1.000000 98283.dat
1 84 -128.000000 -32.000000 -137.000000 -1.000000 0.000000 0.000000 0.000000 1.000000 0.000000 0.000000 0.000000 -1.000000 98283.dat
1 10 -98.000000 -16.000000 -157.000000 -0.707000 0.000000 -0.707000 0.000000 1.000000 0.000000 0.707000 0.000000 -0.707000 33291.dat
1 10 -98.000000 -16.000000 -177.000000 -0.707000 0.000000 -0.707000 0.000000 1.000000 0.000000 0.707000 0.000000 -0.707000 33291.dat
1 4 -98.000000 -24.000000 -157.000000 -0.707000 0.000000 -0.707000 0.000000 1.000000 0.000000 0.707000 0.000000 -0.707000 33291.dat
1 19 -138.000000 -56.000000 -137.000000 -1.000000 0.000000 0.000000 0.000000 1.000000 0.000000 0.000000 0.000000 -1.000000 3005.dat
1 15 -138.000000 -56.000000 -237.000000 0.000000 0.000000 1.000000 0.000000 1.000000 0.000000 -1.000000 0.000000 0.000000 60475b.dat
1 19 -118.000000 -56.000000 -187.000000 0.000000 0.000000 1.000000 0.000000 1.000000 0.000000 -1.000000 0.000000 0.000000 3009.dat
1 4 -162.000000 -44.000000 -237.000000 0.000000 -1.000000 0.000000 1.000000 0.000000 0.000000 0.000000 0.000000 1.000000 6190.dat
1 19 -128.000000 -104.000000 -237.000000 1.000000 0.000000 0.000000 0.000000 1.000000 0.000000 0.000000 0.000000 1.000000 3245c.dat
1 19 -128.000000 -104.000000 -137.000000 1.000000 0.000000 0.000000 0.000000 1.000000 0.000000 0.000000 0.000000 1.000000 3245c.dat
1 71 -108.000000 -64.000000 -187.000000 0.000000 0.000000 1.000000 0.000000 1.000000 0.000000 -1.000000 0.000000 0.000000 3020.dat
1 19 -138.000000 -152.000000 -187.000000 0.000000 0.000000 1.000000 0.000000 1.000000 0.000000 -1.000000 0.000000 0.000000 12939.dat
1 19 -118.000000 -152.000000 -187.000000 0.000000 0.000000 1.000000 0.000000 1.000000 0.000000 -1.000000 0.000000 0.000000 12939.dat
1 15 -128.000000 -160.000000 -187.000000 0.000000 0.000000 1.000000 0.000000 1.000000 0.000000 -1.000000 0.000000 0.000000 3795.dat
1 71 -138.000000 -184.000000 -177.000000 -1.000000 0.000000 0.000000 0.000000 1.000000 0.000000 0.000000 0.000000 -1.000000 3040b.dat
1 71 -138.000000 -184.000000 -197.000000 1.000000 0.000000 0.000000 0.000000 1.000000 0.000000 0.000000 0.000000 1.000000 3040b.dat
1 15 -138.000000 -208.000000 -187.000000 0.000000 0.000000 -1.000000 0.000000 1.000000 0.000000 1.000000 0.000000 0.000000 11211.dat
1 26 -108.000000 -152.000000 -237.000000 0.000000 0.000000 -1.000000 0.000000 1.000000 0.000000 1.000000 0.000000 0.000000 11477.dat
1 15 -108.000000 -152.000000 -217.000000 0.000000 0.000000 -1.000000 0.000000 1.000000 0.000000 1.000000 0.000000 0.000000 11477.dat
1 15 -108.000000 -152.000000 -177.000000 0.000000 0.000000 -1.000000 0.000000 1.000000 0.000000 1.000000 0.000000 0.000000 11477.dat
1 26 -108.000000 -152.000000 -197.000000 0.000000 0.000000 -1.000000 0.000000 1.000000 0.000000 1.000000 0.000000 0.000000 11477.dat
1 15 -108.000000 -152.000000 -137.000000 0.000000 0.000000 -1.000000 0.000000 1.000000 0.000000 1.000000 0.000000 0.000000 11477.dat
1 26 -108.000000 -152.000000 -157.000000 0.000000 0.000000 -1.000000 0.000000 1.000000 0.000000 1.000000 0.000000 0.000000 11477.dat
1 19 -158.000500 -24.000000 -346.999500 0.500011 0.000000 0.866019 0.000000 1.000000 0.000000 -0.866019 0.000000 0.500011 3001.dat
1 84 -132.020300 -24.000000 -331.999500 -0.500011 0.000000 -0.866019 0.000000 1.000000 0.000000 0.866019 0.000000 -0.500011 15533.dat
1 72 -140.680000 -32.000000 -337.000000 -0.500000 0.000000 -0.866000 0.000000 1.000000 0.000000 0.866000 0.000000 -0.500000 3068b.dat
1 19 -176.660000 -48.000000 -334.680000 -0.500000 0.000000 -0.866000 0.000000 1.000000 0.000000 0.866000 0.000000 -0.500000 3004.dat
1 19 -156.660000 -48.000000 -369.320000 -0.500000 0.000000 -0.866000 0.000000 1.000000 0.000000 0.866000 0.000000 -0.500000 3004.dat
1 19 -125.680000 -48.000000 -362.980000 0.866000 0.000000 -0.500000 0.000000 1.000000 0.000000 0.500000 0.000000 0.866000 3004.dat
1 19 -143.000000 -72.000000 -372.980000 0.866000 0.000000 -0.500000 0.000000 1.000000 0.000000 0.500000 0.000000 0.866000 3004.dat
1 19 -173.000000 -72.000000 -321.020000 0.866000 0.000000 -0.500000 0.000000 1.000000 0.000000 0.500000 0.000000 0.866000 3004.dat
1 19 -166.660000 -72.000000 -352.000000 0.500000 0.000000 0.866000 0.000000 1.000000 0.000000 -0.866000 0.000000 0.500000 3004.dat
1 19 -132.020000 -72.000000 -332.000000 0.500000 0.000000 0.866000 0.000000 1.000000 0.000000 -0.866000 0.000000 0.500000 3659.dat
1 71 -154.340000 -96.000000 -333.340000 -0.500000 0.000000 -0.866000 0.000000 1.000000 0.000000 0.866000 0.000000 -0.500000 3045.dat
1 71 -144.340000 -96.000000 -350.660000 0.866000 0.000000 -0.500000 0.000000 1.000000 0.000000 0.500000 0.000000 0.866000 3045.dat
1 71 -161.660000 -96.000000 -360.660000 0.866000 0.000000 -0.500000 0.000000 1.000000 0.000000 0.500000 0.000000 0.866000 3040b.dat
1 71 -171.660000 -96.000000 -343.340000 -0.866000 0.000000 0.500000 0.000000 1.000000 0.000000 -0.500000 0.000000 -0.866000 3040b.dat
1 19 -28.000000 -8.000000 -287.000000 1.000000 0.000000 0.000000 0.000000 1.000000 0.000000 0.000000 0.000000 1.000000 3020.dat
1 15 -28.000000 -32.000000 -287.000000 1.000000 0.000000 0.000000 0.000000 1.000000 0.000000 0.000000 0.000000 1.000000 3941.dat
1 4 -28.000000 -40.000000 -287.000000 1.000000 0.000000 0.000000 0.000000 1.000000 0.000000 0.000000 0.000000 1.000000 4032a.dat
1 15 -28.000000 -64.000000 -287.000000 1.000000 0.000000 0.000000 0.000000 1.000000 0.000000 0.000000 0.000000 1.000000 3941.dat
1 15 -28.000000 -72.000000 -287.000000 1.000000 0.000000 0.000000 0.000000 1.000000 0.000000 0.000000 0.000000 1.000000 60474.dat
1 33 -38.000000 -96.000000 -317.000000 1.000000 0.000000 0.000000 0.000000 1.000000 0.000000 0.000000 0.000000 1.000000 3062b.dat
1 33 -38.000000 -120.000000 -317.000000 1.000000 0.000000 0.000000 0.000000 1.000000 0.000000 0.000000 0.000000 1.000000 59900.dat
1 47 -38.000000 -128.000000 -317.000000 1.000000 0.000000 0.000000 0.000000 1.000000 0.000000 0.000000 0.000000 1.000000 6141.dat
1 4 -58.000000 -80.000000 -277.000000 1.000000 0.000000 0.000000 0.000000 1.000000 0.000000 0.000000 0.000000 1.000000 15395.dat
1 47 -38.000000 -112.000000 -297.000000 1.000000 0.000000 0.000000 0.000000 1.000000 0.000000 0.000000 0.000000 1.000000 2343.dat
1 47 -18.000000 -112.000000 -257.000000 1.000000 0.000000 0.000000 0.000000 1.000000 0.000000 0.000000 0.000000 1.000000 2343.dat
1 10 -58.000000 -88.000000 -277.000000 1.000000 0.000000 0.000000 0.000000 1.000000 0.000000 0.000000 0.000000 1.000000 33291.dat
1 10 -60.000000 -100.000000 -277.000000 0.809000 0.156000 -0.567000 -0.128000 0.988000 0.090000 0.574000 0.000000 0.819000 33291.dat
1 29 -28.000000 -32.000000 -367.000000 1.000000 0.000000 0.000000 0.000000 -1.000000 0.000000 0.000000 0.000000 -1.000000 11203.dat
1 71 -28.000000 0.000000 -377.000000 1.000000 0.000000 0.000000 0.000000 -1.000000 0.000000 0.000000 0.000000 -1.000000 2432.dat
1 71 -28.000000 0.000000 -357.000000 -1.000000 0.000000 0.000000 0.000000 -1.000000 0.000000 0.000000 0.000000 1.000000 2432.dat
1 29 -28.000000 -32.000000 -207.000000 1.000000 0.000000 0.000000 0.000000 -1.000000 0.000000 0.000000 0.000000 -1.000000 11203.dat
1 71 -28.000000 0.000000 -217.000000 1.000000 0.000000 0.000000 0.000000 -1.000000 0.000000 0.000000 0.000000 -1.000000 2432.dat
1 71 -28.000000 0.000000 -197.000000 -1.000000 0.000000 0.000000 0.000000 -1.000000 0.000000 0.000000 0.000000 1.000000 2432.dat
1 14 -8.000000 -80.000000 -287.000000 1.000000 0.000000 0.000000 0.000000 1.000000 0.000000 0.000000 0.000000 1.000000 4150.dat
1 14 -108.000000 -72.000000 -167.000000 1.000000 0.000000 0.000000 0.000000 1.000000 0.000000 0.000000 0.000000 1.000000 4150.dat
1 14 -120.000000 -188.000000 -187.000000 0.000000 -1.000000 0.000000 1.000000 0.000000 0.000000 0.000000 0.000000 1.000000 4150.dat
1 19 -155.680000 -48.000000 -311.020000 -0.866000 0.000000 0.500000 0.000000 1.000000 0.000000 -0.500000 0.000000 -0.866000 3004.dat
1 2 -108.000000 -72.000000 -217.000000 1.000000 0.000000 0.000000 0.000000 1.000000 0.000000 0.000000 0.000000 1.000000 3069b.dat
1 26 -113.523400 -80.000000 -48.396920 -0.707107 0.000000 -0.707107 0.000000 1.000000 0.000000 0.707107 0.000000 -0.707107 6231.dat
1 26 -127.665600 -80.000000 -34.254760 0.707107 0.000000 -0.707107 0.000000 1.000000 0.000000 0.707107 0.000000 0.707107 6231.dat
1 26 -113.523400 -80.000000 -20.112620 0.707107 0.000000 0.707106 0.000000 1.000000 0.000000 -0.707106 0.000000 0.707107 6231.dat
1 26 -99.381280 -80.000000 -34.254760 -0.707106 0.000000 0.707107 0.000000 1.000000 0.000000 -0.707107 0.000000 -0.707106 6231.dat
1 29 -106.452300 -56.000000 -27.183690 0.707107 0.000000 -0.707107 0.000000 1.000000 0.000000 0.707107 0.000000 0.707107 3021.dat
1 26 -92.310230 -80.000000 -13.041560 0.707107 0.000000 0.707107 0.000000 1.000000 0.000000 -0.707107 0.000000 0.707107 23969.dat
1 14 -40.691420 -61.500000 -92.944610 0.000000 -0.707107 -0.707107 -1.000000 0.000000 0.000000 0.000000 0.707107 -0.707107 6141.dat
1 26 -106.000000 -19.000000 -26.000000 0.707107 0.000000 0.707107 0.000000 1.000000 0.000000 -0.707107 0.000000 0.707107 3464c01.dat
1 26 -43.000000 -18.000000 -91.000000 0.707107 0.000000 0.707107 0.000000 1.000000 0.000000 -0.707107 0.000000 0.707107 3464c01.dat
1 15 -106.452300 -48.000000 -27.183680 0.707107 0.000000 -0.707107 0.000000 1.000000 0.000000 0.707107 0.000000 0.707107 4480c01.dat
