0 30472-Parrot.ldr
0 Name: 30472 - Parrot
0 Author: Marc Giraudet [Mad_Marc]
0 Theme: Creatures
0 CustomBrick

1 14 0.000000 0.000000 0.000000 1.000000 0.000000 0.000000 0.000000 1.000000 0.000000 0.000000 0.000000 1.000000 4871.dat
1 4 0.000000 8.000000 10.000000 1.000000 0.000000 0.000000 0.000000 1.000000 0.000000 0.000000 0.000000 1.000000 3023.dat
1 0 0.000000 8.000000 -10.000000 1.000000 0.000000 0.000000 0.000000 1.000000 0.000000 0.000000 0.000000 1.000000 3710.dat
1 4 0.000000 0.000000 0.000000 1.000000 0.000000 0.000000 0.000000 1.000000 0.000000 0.000000 0.000000 1.000000 3022.dat
1 0 -30.000000 16.000000 -20.000000 0.000000 0.000000 -1.000000 0.000000 1.000000 0.000000 1.000000 0.000000 0.000000 60478.dat
1 0 30.000000 16.000000 -20.000000 0.000000 0.000000 -1.000000 0.000000 1.000000 0.000000 1.000000 0.000000 0.000000 60478.dat
1 4 0.000000 -8.000000 10.000000 1.000000 0.000000 0.000000 0.000000 1.000000 0.000000 0.000000 0.000000 1.000000 3023.dat
1 4 0.000000 -8.000000 30.000000 -1.000000 0.000000 0.000000 0.000000 1.000000 0.000000 0.000000 0.000000 -1.000000 60470b.dat
1 0 30.000000 16.000000 -20.000000 1.000000 0.000000 0.000000 0.000000 1.000000 0.000000 0.000000 0.000000 1.000000 11477.dat
1 0 -30.000000 16.000000 -20.000000 1.000000 0.000000 0.000000 0.000000 1.000000 0.000000 0.000000 0.000000 1.000000 11477.dat
1 4 0.000000 -56.000000 10.000000 -1.000000 0.000000 0.000000 0.000000 1.000000 0.000000 0.000000 0.000000 -1.000000 3678b.dat
1 4 0.000000 -80.000000 0.000000 -1.000000 0.000000 0.000000 0.000000 1.000000 0.000000 0.000000 0.000000 -1.000000 3003.dat
1 14 0.000000 -80.000000 -30.000000 -1.000000 0.000000 0.000000 0.000000 1.000000 0.000000 0.000000 0.000000 -1.000000 3004.dat
1 15 10.000000 -104.000000 -30.000000 0.000000 0.000000 -1.000000 0.000000 1.000000 0.000000 1.000000 0.000000 0.000000 87087.dat
1 15 -10.000000 -104.000000 -30.000000 0.000000 0.000000 1.000000 0.000000 1.000000 0.000000 -1.000000 0.000000 0.000000 87087.dat
1 1 0.000000 -88.000000 0.000000 0.000000 0.000000 1.000000 0.000000 1.000000 0.000000 -1.000000 0.000000 0.000000 3022.dat
1 14 0.000000 -112.000000 -30.000000 1.000000 0.000000 0.000000 0.000000 1.000000 0.000000 0.000000 0.000000 1.000000 44728.dat
1 1 0.000000 -112.000000 -10.000000 -1.000000 0.000000 0.000000 0.000000 1.000000 0.000000 0.000000 0.000000 -1.000000 3039.dat
1 0 0.000000 -92.000000 -44.000000 1.000000 0.000000 0.000000 0.000000 0.000000 -1.000000 0.000000 1.000000 0.000000 30602.dat
1 4 0.000000 -120.000000 -40.000000 -1.000000 0.000000 0.000000 0.000000 1.000000 0.000000 0.000000 0.000000 -1.000000 3022.dat
1 15 28.000000 -96.000000 -30.000000 0.000000 -1.000000 0.000000 0.000000 0.000000 1.000000 -1.000000 0.000000 0.000000 14769p01.dat
1 15 -28.000000 -96.000000 -30.000000 0.000000 1.000000 0.000000 1.000000 0.000000 0.000000 0.000000 0.000000 -1.000000 14769p01.dat
1 272 0.000000 -112.000000 -20.000000 -1.000000 0.000000 0.000000 0.000000 1.000000 0.000000 0.000000 0.000000 -1.000000 15068.dat
1 4 0.000000 -120.000000 -50.000000 1.000000 0.000000 0.000000 0.000000 1.000000 0.000000 0.000000 0.000000 1.000000 85984.dat
1 4 -66.770000 -44.854000 7.220000 0.000000 0.707000 -0.707000 -0.500000 0.612000 0.612000 0.866000 0.354000 0.354000 2450.dat
1 14 -75.254000 -17.718000 -0.188000 0.000000 0.707000 -0.707000 -0.500000 0.612000 0.612000 0.866000 0.354000 0.354000 3024.dat
1 14 -68.184000 -48.838000 39.572000 -0.707000 0.707000 0.000000 0.612000 0.612000 0.500000 0.354000 0.354000 -0.866000 41769.dat
1 71 -54.044000 -36.078000 -10.808000 0.707000 0.707000 0.000000 -0.612000 0.612000 -0.500000 -0.354000 0.354000 0.866000 14418.dat
1 4 -62.528000 -23.942000 7.764000 0.707000 0.707000 0.000000 -0.612000 0.612000 -0.500000 -0.354000 0.354000 0.866000 2654.dat
1 4 0.000000 -17.314000 81.113000 1.000000 0.000000 0.000000 0.000000 0.707000 -0.707000 0.000000 0.707000 0.707000 2654.dat
1 4 20.000000 -37.110000 89.597000 1.000000 0.000000 0.000000 0.000000 0.707000 -0.707000 0.000000 0.707000 0.707000 41770.dat
1 4 -20.000000 -37.110000 89.597000 1.000000 0.000000 0.000000 0.000000 0.707000 -0.707000 0.000000 0.707000 0.707000 41769.dat
1 1 0.000000 -21.556000 62.731000 1.000000 0.000000 0.000000 0.000000 0.707000 -0.707000 0.000000 0.707000 0.707000 48336.dat
1 272 0.000000 -22.970000 75.457000 -1.000000 0.000000 0.000000 0.000000 0.707000 0.707000 0.000000 0.707000 -0.707000 15068.dat
1 4 66.770000 -44.854000 7.220000 -0.707000 -0.707000 0.000000 -0.612000 0.612000 0.500000 -0.354000 0.354000 -0.866000 2450.dat
1 14 75.254000 -17.718000 -0.188000 -0.707000 -0.707000 0.000000 -0.612000 0.612000 0.500000 -0.354000 0.354000 -0.866000 3024.dat
1 14 68.184000 -48.838000 39.572000 -0.707000 -0.707000 0.000000 -0.612000 0.612000 0.500000 -0.354000 0.354000 -0.866000 41770.dat
1 71 54.044000 -36.078000 -10.808000 -0.707000 -0.707000 0.000000 -0.612000 0.612000 0.500000 -0.354000 0.354000 -0.866000 14418.dat
1 4 62.528000 -23.942000 7.764000 -0.707000 -0.707000 0.000000 -0.612000 0.612000 0.500000 -0.354000 0.354000 -0.866000 2654.dat
1 14 0.000000 -24.000000 -20.000000 1.000000 0.000000 0.000000 0.000000 1.000000 0.000000 0.000000 0.000000 1.000000 3003.dat
1 14 0.000000 -48.000000 -20.000000 1.000000 0.000000 0.000000 0.000000 1.000000 0.000000 0.000000 0.000000 1.000000 3003.dat
1 72 10.000000 -56.000000 -20.000000 0.000000 0.000000 -1.000000 0.000000 1.000000 0.000000 1.000000 0.000000 0.000000 14417.dat
1 72 -10.000000 -56.000000 -20.000000 0.000000 0.000000 1.000000 0.000000 1.000000 0.000000 -1.000000 0.000000 0.000000 14417.dat
