0 31031-2-Chameleon.ldr
0 Name: 31031-2 - Chameleon
0 Author: Marc Giraudet [Mad_Marc]
0 Theme: Creatures
0 CustomBrick

1 15 10.000000 25.861000 -84.143010 1.000000 0.000000 0.000000 0.000000 1.000000 0.000000 0.000000 0.000000 1.000000 3665.dat
1 15 -10.000000 25.861000 -84.143010 1.000000 0.000000 0.000000 0.000000 1.000000 0.000000 0.000000 0.000000 1.000000 3665.dat
1 2 0.000000 9.861000 5.857000 0.000000 0.000000 -1.000000 0.000000 1.000000 0.000000 1.000000 0.000000 0.000000 3020.dat
1 2 -10.000000 -14.139000 35.857000 0.000000 0.000000 -1.000000 0.000000 1.000000 0.000000 1.000000 0.000000 0.000000 3005.dat
1 2 10.000000 -14.139000 35.857000 0.000000 0.000000 -1.000000 0.000000 1.000000 0.000000 1.000000 0.000000 0.000000 3005.dat
1 0 10.000000 -14.139000 15.857000 0.000000 0.000000 -1.000000 0.000000 1.000000 0.000000 1.000000 0.000000 0.000000 6541.dat
1 0 -10.000000 -14.139000 15.857000 0.000000 0.000000 -1.000000 0.000000 1.000000 0.000000 1.000000 0.000000 0.000000 6541.dat
1 0 30.000000 -4.139000 15.857000 0.000000 0.000000 -1.000000 -0.500000 0.866000 0.000000 0.866000 0.500000 0.000000 41532.dat
1 0 -30.000000 -4.139000 15.857000 0.000000 0.000000 1.000000 0.500000 0.866000 0.000000 -0.866000 0.500000 0.000000 41532.dat
1 27 10.000000 -14.139000 -4.143000 0.000000 0.000000 -1.000000 0.000000 1.000000 0.000000 1.000000 0.000000 0.000000 87087.dat
1 27 -10.000000 -14.139000 -4.143000 0.000000 0.000000 1.000000 0.000000 1.000000 0.000000 -1.000000 0.000000 0.000000 87087.dat
1 191 -10.000000 -14.139000 -34.143000 0.000000 0.000000 1.000000 0.000000 1.000000 0.000000 -1.000000 0.000000 0.000000 3004.dat
1 191 10.000000 -14.139000 -34.143000 0.000000 0.000000 1.000000 0.000000 1.000000 0.000000 -1.000000 0.000000 0.000000 3004.dat
1 2 0.000000 9.861000 -74.143000 0.000000 0.000000 1.000000 0.000000 1.000000 0.000000 -1.000000 0.000000 0.000000 3020.dat
1 27 10.000000 -14.139000 -64.143000 0.000000 0.000000 -1.000000 0.000000 1.000000 0.000000 1.000000 0.000000 0.000000 87087.dat
1 27 -10.000000 -14.139000 -64.143000 0.000000 0.000000 1.000000 0.000000 1.000000 0.000000 -1.000000 0.000000 0.000000 87087.dat
1 72 0.000000 1.861000 -104.143000 1.000000 0.000000 0.000000 0.000000 1.000000 0.000000 0.000000 0.000000 1.000000 14417.dat
1 2 0.000000 1.861000 -84.143000 1.000000 0.000000 0.000000 0.000000 1.000000 0.000000 0.000000 0.000000 1.000000 3023.dat
1 71 10.000000 -6.139000 -94.143000 0.000000 0.000000 -1.000000 0.000000 1.000000 0.000000 1.000000 0.000000 0.000000 14704.dat
1 71 -10.000000 -6.139000 -94.143000 0.000000 0.000000 1.000000 0.000000 1.000000 0.000000 -1.000000 0.000000 0.000000 14704.dat
1 2 0.000000 -14.139000 -114.143000 0.000000 0.000000 1.000000 0.000000 1.000000 0.000000 -1.000000 0.000000 0.000000 2429.dat
1 2 0.000000 -14.139000 -114.143000 0.000000 0.000000 -1.000000 0.000000 1.000000 0.000000 1.000000 0.000000 0.000000 2430.dat
1 2 -28.000000 -4.139000 -34.143000 0.000000 1.000000 0.000000 0.000000 0.000000 -1.000000 -1.000000 0.000000 0.000000 3710.dat
1 27 -28.000000 -4.139000 -34.143000 0.000000 1.000000 0.000000 1.000000 0.000000 0.000000 0.000000 0.000000 -1.000000 93273.dat
1 2 28.000000 -4.139000 -34.143000 0.000000 -1.000000 0.000000 0.000000 0.000000 -1.000000 1.000000 0.000000 0.000000 3710.dat
1 27 28.000000 -4.139000 -34.143000 0.000000 -1.000000 0.000000 1.000000 0.000000 0.000000 0.000000 0.000000 1.000000 93273.dat
1 288 0.000000 -22.139000 -94.143000 1.000000 0.000000 0.000000 0.000000 1.000000 0.000000 0.000000 0.000000 1.000000 48183.dat
1 15 -10.000000 -22.139000 -64.143000 1.000000 0.000000 0.000000 0.000000 1.000000 0.000000 0.000000 0.000000 1.000000 3024.dat
1 15 10.000000 -22.139000 -64.143000 1.000000 0.000000 0.000000 0.000000 1.000000 0.000000 0.000000 0.000000 1.000000 3024.dat
1 2 0.000000 -22.139000 -34.143000 1.000000 0.000000 0.000000 0.000000 1.000000 0.000000 0.000000 0.000000 1.000000 3020.dat
1 2 0.000000 -22.139000 -4.143000 1.000000 0.000000 0.000000 0.000000 1.000000 0.000000 0.000000 0.000000 1.000000 3023.dat
1 288 0.000000 -22.139000 25.857000 -1.000000 0.000000 0.000000 0.000000 1.000000 0.000000 0.000000 0.000000 -1.000000 48183.dat
1 4 -20.000000 -30.139000 -64.143000 1.000000 0.000000 0.000000 0.000000 1.000000 0.000000 0.000000 0.000000 1.000000 43722.dat
1 4 20.000000 -30.139000 -64.143000 1.000000 0.000000 0.000000 0.000000 1.000000 0.000000 0.000000 0.000000 1.000000 43723.dat
1 2 0.000000 -30.139000 -104.143000 1.000000 0.000000 0.000000 0.000000 1.000000 0.000000 0.000000 0.000000 1.000000 3023.dat
1 4 -20.000000 -30.139000 -4.143000 -1.000000 0.000000 0.000000 0.000000 1.000000 0.000000 0.000000 0.000000 -1.000000 43723.dat
1 4 20.000000 -30.139000 -4.143000 -1.000000 0.000000 0.000000 0.000000 1.000000 0.000000 0.000000 0.000000 -1.000000 43722.dat
1 0 0.000000 -30.139000 35.857000 -1.000000 0.000000 0.000000 0.000000 1.000000 0.000000 0.000000 0.000000 -1.000000 60471.dat
1 27 10.000000 -46.139000 -14.143000 0.000000 0.000000 -1.000000 0.000000 1.000000 0.000000 1.000000 0.000000 0.000000 47457.dat
1 27 -10.000000 -46.139000 -14.143000 0.000000 0.000000 1.000000 0.000000 1.000000 0.000000 -1.000000 0.000000 0.000000 47457.dat
1 0 0.000000 -38.139000 25.857000 -1.000000 0.000000 0.000000 0.000000 1.000000 0.000000 0.000000 0.000000 -1.000000 51739.dat
1 0 0.000000 -38.139000 -54.143000 -1.000000 0.000000 0.000000 0.000000 1.000000 0.000000 0.000000 0.000000 -1.000000 3022.dat
1 2 0.000000 -54.139000 -24.143000 -1.000000 0.000000 0.000000 0.000000 1.000000 0.000000 0.000000 0.000000 -1.000000 3023.dat
1 288 0.000000 -54.139000 -44.143000 1.000000 0.000000 0.000000 0.000000 1.000000 0.000000 0.000000 0.000000 1.000000 48933.dat
1 2 -10.000000 -62.139000 15.857000 -1.000000 0.000000 0.000000 0.000000 1.000000 0.000000 0.000000 0.000000 -1.000000 50950.dat
1 2 10.000000 -62.139000 15.857000 -1.000000 0.000000 0.000000 0.000000 1.000000 0.000000 0.000000 0.000000 -1.000000 50950.dat
1 0 0.000000 -54.139000 -24.143000 1.000000 0.000000 0.000000 0.000000 1.000000 0.000000 0.000000 0.000000 1.000000 85984.dat
1 0 0.000000 -54.139000 -44.143000 1.000000 0.000000 0.000000 0.000000 1.000000 0.000000 0.000000 0.000000 1.000000 85984.dat
1 15 0.000000 49.861000 -54.143000 0.000000 0.000000 1.000000 0.000000 1.000000 0.000000 -1.000000 0.000000 0.000000 3020.dat
1 2 0.000000 25.861000 -24.143000 -1.000000 0.000000 0.000000 0.000000 1.000000 0.000000 0.000000 0.000000 -1.000000 3660.dat
1 15 0.000000 25.861000 -44.143000 -1.000000 0.000000 0.000000 0.000000 1.000000 0.000000 0.000000 0.000000 -1.000000 3700.dat
1 15 0.000000 25.861000 -64.143000 -1.000000 0.000000 0.000000 0.000000 1.000000 0.000000 0.000000 0.000000 -1.000000 3700.dat
1 27 -10.000000 17.861000 -64.143000 0.000000 0.000000 1.000000 0.000000 1.000000 0.000000 -1.000000 0.000000 0.000000 3623.dat
1 27 10.000000 17.861000 -64.143000 0.000000 0.000000 1.000000 0.000000 1.000000 0.000000 -1.000000 0.000000 0.000000 3623.dat
1 27 -10.000000 17.861000 -4.143000 0.000000 0.000000 1.000000 0.000000 1.000000 0.000000 -1.000000 0.000000 0.000000 3623.dat
1 27 10.000000 17.861000 -4.143000 0.000000 0.000000 1.000000 0.000000 1.000000 0.000000 -1.000000 0.000000 0.000000 3623.dat
1 0 0.000000 17.861000 -104.143000 1.000000 0.000000 0.000000 0.000000 1.000000 0.000000 0.000000 0.000000 1.000000 60471.dat
1 1 0.000000 -22.139000 85.856990 0.000000 0.000000 -1.000000 0.000000 1.000000 0.000000 1.000000 0.000000 0.000000 60478.dat
1 72 0.000000 -30.139000 85.856990 0.000000 0.000000 1.000000 0.000000 1.000000 0.000000 -1.000000 0.000000 0.000000 44301.dat
1 4 0.000000 -38.139000 85.856990 0.000000 0.000000 1.000000 0.000000 1.000000 0.000000 -1.000000 0.000000 0.000000 15573.dat
1 4 0.000000 -6.871000 142.838000 0.000000 0.000000 1.000000 -0.500000 0.866000 0.000000 -0.866000 -0.500000 0.000000 63868.dat
1 1 0.000000 0.057000 138.838000 0.000000 0.000000 -1.000000 0.500000 0.866000 0.000000 0.866000 -0.500000 0.000000 60478.dat
1 4 0.000000 41.770000 180.551000 0.000000 0.000000 1.000000 -0.866000 0.500000 0.000000 -0.500000 -0.866000 0.000000 63868.dat
1 1 0.000000 45.770000 173.622000 0.000000 0.000000 -1.000000 0.866000 0.500000 0.000000 0.500000 -0.866000 0.000000 60478.dat
1 27 44.000000 18.182000 17.197000 0.000000 -1.000000 0.000000 -0.500000 0.000000 -0.866000 0.866000 0.000000 -0.500000 3623.dat
1 0 52.000000 13.182000 25.857000 0.000000 -1.000000 0.000000 0.500000 0.000000 0.866000 -0.866000 0.000000 0.500000 60471.dat
1 2 52.000000 45.502000 9.877000 0.000000 -1.000000 0.000000 -0.500000 0.000000 -0.866000 0.866000 0.000000 -0.500000 2420.dat
1 27 60.000000 18.182000 17.197000 0.000000 -1.000000 0.000000 -0.500000 0.000000 -0.866000 0.866000 0.000000 -0.500000 3623.dat
1 14 60.000000 40.502000 18.537000 0.000000 -1.000000 0.000000 -0.500000 0.000000 -0.866000 0.866000 0.000000 -0.500000 44567.dat
1 27 68.000000 26.842000 22.197000 0.000000 -1.000000 0.000000 -0.866000 0.000000 0.500000 -0.500000 0.000000 -0.866000 43722.dat
1 2 50.000000 17.861000 -90.143000 0.000000 0.000000 1.000000 1.000000 0.000000 0.000000 0.000000 1.000000 0.000000 3710.dat
1 72 50.000000 -2.139000 -98.143000 0.000000 0.000000 1.000000 1.000000 0.000000 0.000000 0.000000 1.000000 0.000000 14417.dat
1 72 50.000000 37.861000 -98.143000 0.000000 0.000000 1.000000 1.000000 0.000000 0.000000 0.000000 1.000000 0.000000 44301.dat
1 27 50.000000 27.861000 -106.143000 0.000000 0.000000 1.000000 1.000000 0.000000 0.000000 0.000000 1.000000 0.000000 3623.dat
1 27 50.000000 -2.139000 -98.143000 -1.000000 0.000000 0.000000 0.000000 0.000000 1.000000 0.000000 1.000000 0.000000 11477.dat
1 2 40.000000 73.861000 -116.143000 0.000000 0.000000 1.000000 0.000000 1.000000 0.000000 -1.000000 0.000000 0.000000 2420.dat
1 0 50.000000 65.861000 -116.143000 -1.000000 0.000000 0.000000 0.000000 1.000000 0.000000 0.000000 0.000000 -1.000000 60471.dat
1 72 40.000000 65.861000 -136.143000 -1.000000 0.000000 0.000000 0.000000 1.000000 0.000000 0.000000 0.000000 -1.000000 3024.dat
1 2 40.000000 57.861000 -116.143000 0.000000 0.000000 1.000000 0.000000 1.000000 0.000000 -1.000000 0.000000 0.000000 2420.dat
1 2 78.000000 68.019000 22.876000 1.000000 0.000000 0.000000 0.000000 0.866000 -0.500000 0.000000 0.500000 0.866000 2420.dat
1 0 78.000000 56.091000 27.536000 0.000000 0.000000 1.000000 0.500000 0.866000 0.000000 -0.866000 0.500000 0.000000 60471.dat
1 72 98.000000 61.091000 18.876000 0.000000 0.000000 1.000000 0.500000 0.866000 0.000000 -0.866000 0.500000 0.000000 3024.dat
1 2 78.000000 54.163000 14.876000 1.000000 0.000000 0.000000 0.000000 0.866000 -0.500000 0.000000 0.500000 0.866000 2420.dat
1 27 -44.000000 18.182000 17.197000 0.000000 1.000000 0.000000 -0.500000 0.000000 0.866000 0.866000 0.000000 0.500000 3623.dat
1 0 -52.000000 13.182000 25.857000 0.000000 1.000000 0.000000 -0.500000 0.000000 0.866000 0.866000 0.000000 0.500000 60471.dat
1 2 -52.000000 45.502000 9.877000 0.000000 1.000000 0.000000 -0.866000 0.000000 -0.500000 -0.500000 0.000000 0.866000 2420.dat
1 27 -60.000000 18.182000 17.197000 0.000000 1.000000 0.000000 -0.500000 0.000000 0.866000 0.866000 0.000000 0.500000 3623.dat
1 14 -60.000000 40.502000 18.537000 0.000000 1.000000 0.000000 0.500000 0.000000 -0.866000 -0.866000 0.000000 -0.500000 44567.dat
1 27 -68.000000 26.842000 22.197000 0.000000 1.000000 0.000000 0.866000 0.000000 0.500000 0.500000 0.000000 -0.866000 43723.dat
1 2 -50.000000 17.861000 -90.143000 0.000000 0.000000 -1.000000 -1.000000 0.000000 0.000000 0.000000 1.000000 0.000000 3710.dat
1 72 -50.000000 -2.139000 -98.143000 0.000000 0.000000 -1.000000 -1.000000 0.000000 0.000000 0.000000 1.000000 0.000000 14417.dat
1 72 -50.000000 37.861000 -98.143000 0.000000 0.000000 1.000000 1.000000 0.000000 0.000000 0.000000 1.000000 0.000000 44301.dat
1 27 -50.000000 27.861000 -106.143000 0.000000 0.000000 1.000000 1.000000 0.000000 0.000000 0.000000 1.000000 0.000000 3623.dat
1 27 -50.000000 -2.139000 -98.143000 -1.000000 0.000000 0.000000 0.000000 0.000000 1.000000 0.000000 1.000000 0.000000 11477.dat
1 2 -78.000000 68.019000 22.876000 0.000000 0.000000 -1.000000 -0.500000 0.866000 0.000000 0.866000 0.500000 0.000000 2420.dat
1 0 -78.000000 56.091000 27.536000 0.000000 0.000000 -1.000000 -0.500000 0.866000 0.000000 0.866000 0.500000 0.000000 60471.dat
1 72 -98.000000 61.091000 18.876000 0.000000 0.000000 -1.000000 -0.500000 0.866000 0.000000 0.866000 0.500000 0.000000 3024.dat
1 2 -78.000000 54.163000 14.876000 0.000000 0.000000 -1.000000 -0.500000 0.866000 0.000000 0.866000 0.500000 0.000000 2420.dat
1 2 -40.000000 73.861000 -116.143000 -1.000000 0.000000 0.000000 0.000000 1.000000 0.000000 0.000000 0.000000 -1.000000 2420.dat
1 0 -50.000000 65.861000 -116.143000 -1.000000 0.000000 0.000000 0.000000 1.000000 0.000000 0.000000 0.000000 -1.000000 60471.dat
1 72 -40.000000 65.861000 -136.143000 -1.000000 0.000000 0.000000 0.000000 1.000000 0.000000 0.000000 0.000000 -1.000000 3024.dat
1 2 -40.000000 57.861000 -116.143000 -1.000000 0.000000 0.000000 0.000000 1.000000 0.000000 0.000000 0.000000 -1.000000 2420.dat
1 272 0.000000 17.861000 -174.143000 1.000000 0.000000 0.000000 0.000000 1.000000 0.000000 0.000000 0.000000 1.000000 4871.dat
1 0 0.000000 25.861000 -174.143000 1.000000 0.000000 0.000000 0.000000 1.000000 0.000000 0.000000 0.000000 1.000000 3022.dat
1 2 -10.000000 17.861000 -174.143000 0.000000 0.000000 1.000000 0.000000 1.000000 0.000000 -1.000000 0.000000 0.000000 3023.dat
1 2 10.000000 17.861000 -174.143000 0.000000 0.000000 1.000000 0.000000 1.000000 0.000000 -1.000000 0.000000 0.000000 3023.dat
1 2 0.000000 9.861000 -174.143000 0.000000 0.000000 1.000000 0.000000 1.000000 0.000000 -1.000000 0.000000 0.000000 3020.dat
1 71 0.000000 1.861000 -144.143000 -1.000000 0.000000 0.000000 0.000000 1.000000 0.000000 0.000000 0.000000 -1.000000 14704.dat
1 4 0.000000 1.861000 -194.143000 1.000000 0.000000 0.000000 0.000000 1.000000 0.000000 0.000000 0.000000 1.000000 3176.dat
1 27 10.000000 -14.139000 -164.143000 0.000000 0.000000 -1.000000 0.000000 1.000000 0.000000 1.000000 0.000000 0.000000 87087.dat
1 27 -10.000000 -14.139000 -164.143000 0.000000 0.000000 1.000000 0.000000 1.000000 0.000000 -1.000000 0.000000 0.000000 87087.dat
1 2 10.000000 -22.139000 -144.143000 0.000000 0.000000 1.000000 0.000000 1.000000 0.000000 -1.000000 0.000000 0.000000 3005.dat
1 2 -10.000000 -22.139000 -144.143000 0.000000 0.000000 1.000000 0.000000 1.000000 0.000000 -1.000000 0.000000 0.000000 3005.dat
1 27 -10.000000 -30.139000 -164.143000 1.000000 0.000000 0.000000 0.000000 1.000000 0.000000 0.000000 0.000000 1.000000 6091.dat
1 27 10.000000 -30.139000 -164.143000 1.000000 0.000000 0.000000 0.000000 1.000000 0.000000 0.000000 0.000000 1.000000 6091.dat
1 2 0.000000 -30.139000 -134.143000 0.000000 0.000000 -1.000000 0.000000 1.000000 0.000000 1.000000 0.000000 0.000000 2429.dat
1 2 0.000000 -30.139000 -134.143000 0.000000 0.000000 1.000000 0.000000 1.000000 0.000000 -1.000000 0.000000 0.000000 2430.dat
1 4 -44.000000 9.521000 -167.803000 0.000000 1.000000 0.000000 -0.500000 0.000000 0.866000 0.866000 0.000000 0.500000 3045.dat
1 4 44.000000 9.521000 -167.803000 0.000000 -1.000000 0.000000 -0.866000 0.000000 0.500000 -0.500000 0.000000 -0.866000 3045.dat
1 15 -52.000000 9.521000 -167.803000 0.000000 1.000000 0.000000 -0.866000 0.000000 -0.500000 -0.500000 0.000000 0.866000 98138p07.dat
1 15 52.000000 9.521000 -167.803000 0.000000 -1.000000 0.000000 0.866000 0.000000 -0.500000 0.500000 0.000000 0.866000 98138p07.dat
1 2 0.000000 -38.139000 -144.143000 1.000000 0.000000 0.000000 0.000000 1.000000 0.000000 0.000000 0.000000 1.000000 3023.dat
1 2 -10.000000 -46.139000 -164.143000 1.000000 0.000000 0.000000 0.000000 1.000000 0.000000 0.000000 0.000000 1.000000 6005.dat
1 2 10.000000 -46.139000 -164.143000 1.000000 0.000000 0.000000 0.000000 1.000000 0.000000 0.000000 0.000000 1.000000 6005.dat
1 2 -10.000000 -62.139000 -144.143000 1.000000 0.000000 0.000000 0.000000 1.000000 0.000000 0.000000 0.000000 1.000000 50950.dat
1 2 10.000000 -62.139000 -144.143000 1.000000 0.000000 0.000000 0.000000 1.000000 0.000000 0.000000 0.000000 1.000000 50950.dat
