0 31031-1-RainforestAnimals.ldr
0 Name: 31031-1 - Rainforest Animals
0 Author: Marc Giraudet [Mad_Marc]
0 Theme: Creatures
0 CustomBrick

1 15 16.000000 -176.000000 -62.000000 0.000000 0.000000 1.000000 0.000000 1.000000 0.000000 -1.000000 0.000000 0.000000 3665.dat
1 15 16.000000 -176.000000 -2.000000 0.000000 0.000000 1.000000 0.000000 1.000000 0.000000 -1.000000 0.000000 0.000000 3665.dat
1 0 46.000000 -86.000000 -62.000000 0.000000 1.000000 0.000000 0.000000 0.000000 -1.000000 -1.000000 0.000000 0.000000 3665.dat
1 0 46.000000 -86.000000 -2.000000 0.000000 1.000000 0.000000 0.000000 0.000000 -1.000000 -1.000000 0.000000 0.000000 3665.dat
1 70 -120.000000 -8.000000 -50.000000 1.000000 0.000000 0.000000 0.000000 1.000000 0.000000 0.000000 0.000000 1.000000 98138.dat
1 70 -150.000000 -8.000000 -80.000000 1.000000 0.000000 0.000000 0.000000 1.000000 0.000000 0.000000 0.000000 1.000000 98138.dat
1 70 -70.000000 -8.000000 -110.000000 1.000000 0.000000 0.000000 0.000000 1.000000 0.000000 0.000000 0.000000 1.000000 98138.dat
1 272 46.000000 -116.000000 -32.000000 0.000000 1.000000 0.000000 1.000000 0.000000 0.000000 0.000000 0.000000 -1.000000 4871.dat
1 14 54.000000 -106.000000 -32.000000 0.000000 1.000000 0.000000 0.000000 0.000000 -1.000000 -1.000000 0.000000 0.000000 48336.dat
1 4 54.000000 -136.000000 -22.000000 0.000000 1.000000 0.000000 -1.000000 0.000000 0.000000 0.000000 0.000000 1.000000 63868.dat
1 4 54.000000 -136.000000 -42.000000 0.000000 1.000000 0.000000 -1.000000 0.000000 0.000000 0.000000 0.000000 1.000000 63868.dat
1 2 38.000000 -96.000000 -2.000000 0.000000 1.000000 0.000000 -1.000000 0.000000 0.000000 0.000000 0.000000 1.000000 3710.dat
1 2 38.000000 -96.000000 -62.000000 0.000000 1.000000 0.000000 -1.000000 0.000000 0.000000 0.000000 0.000000 1.000000 3710.dat
1 15 6.000000 -116.000000 -22.000000 0.000000 1.000000 0.000000 -1.000000 0.000000 0.000000 0.000000 0.000000 1.000000 87552.dat
1 15 6.000000 -116.000000 -42.000000 0.000000 1.000000 0.000000 1.000000 0.000000 0.000000 0.000000 0.000000 -1.000000 87552.dat
1 27 14.000000 -126.000000 -62.000000 0.000000 1.000000 0.000000 0.000000 0.000000 1.000000 1.000000 0.000000 0.000000 87087.dat
1 27 14.000000 -126.000000 -2.000000 0.000000 1.000000 0.000000 0.000000 0.000000 1.000000 1.000000 0.000000 0.000000 87087.dat
1 2 24.000000 -144.000000 -62.000000 0.000000 0.000000 -1.000000 0.000000 1.000000 0.000000 1.000000 0.000000 0.000000 3070b.dat
1 2 24.000000 -144.000000 -2.000000 0.000000 0.000000 -1.000000 0.000000 1.000000 0.000000 1.000000 0.000000 0.000000 3070b.dat
1 2 14.000000 -106.000000 -2.000000 0.000000 1.000000 0.000000 0.000000 0.000000 1.000000 1.000000 0.000000 0.000000 3005.dat
1 2 14.000000 -106.000000 -62.000000 0.000000 1.000000 0.000000 0.000000 0.000000 1.000000 1.000000 0.000000 0.000000 3005.dat
1 0 24.000000 -66.000000 -2.000000 -0.174000 0.985000 0.000000 0.000000 0.000000 -1.000000 -0.985000 -0.174000 0.000000 41532.dat
1 0 14.000000 -86.000000 -2.000000 0.000000 1.000000 0.000000 0.000000 0.000000 1.000000 1.000000 0.000000 0.000000 6541.dat
1 0 14.000000 -86.000000 -62.000000 0.000000 1.000000 0.000000 0.000000 0.000000 1.000000 1.000000 0.000000 0.000000 6541.dat
1 0 24.000000 -66.000000 -62.000000 0.174000 0.985000 0.000000 0.000000 0.000000 -1.000000 -0.985000 0.174000 0.000000 41532.dat
1 2 6.000000 -96.000000 -2.000000 0.000000 1.000000 0.000000 -1.000000 0.000000 0.000000 0.000000 0.000000 1.000000 3710.dat
1 2 6.000000 -96.000000 -62.000000 0.000000 1.000000 0.000000 -1.000000 0.000000 0.000000 0.000000 0.000000 1.000000 3710.dat
1 0 -2.000000 -126.000000 -32.000000 0.000000 1.000000 0.000000 0.000000 0.000000 1.000000 1.000000 0.000000 0.000000 99207.dat
1 0 -4.000000 -140.000000 -32.000000 0.000000 0.000000 -1.000000 0.000000 1.000000 0.000000 1.000000 0.000000 0.000000 85984.dat
1 191 -24.000000 -140.000000 -32.000000 0.000000 0.000000 1.000000 0.000000 1.000000 0.000000 -1.000000 0.000000 0.000000 85984.dat
1 2 -2.000000 -106.000000 -32.000000 0.000000 1.000000 0.000000 0.000000 0.000000 -1.000000 -1.000000 0.000000 0.000000 3023.dat
1 72 -2.000000 -116.000000 -2.000000 0.000000 1.000000 0.000000 1.000000 0.000000 0.000000 0.000000 0.000000 -1.000000 14417.dat
1 72 -2.000000 -116.000000 -62.000000 0.000000 1.000000 0.000000 -1.000000 0.000000 0.000000 0.000000 0.000000 1.000000 14417.dat
1 2 -2.000000 -76.000000 -2.000000 0.000000 1.000000 0.000000 -1.000000 0.000000 0.000000 0.000000 0.000000 1.000000 3023.dat
1 2 -2.000000 -76.000000 -62.000000 0.000000 1.000000 0.000000 -1.000000 0.000000 0.000000 0.000000 0.000000 1.000000 3023.dat
1 2 -10.000000 -96.000000 -32.000000 0.000000 1.000000 0.000000 -1.000000 0.000000 0.000000 0.000000 0.000000 1.000000 3031.dat
1 2 -2.000000 -66.000000 -32.000000 0.000000 1.000000 0.000000 0.000000 0.000000 1.000000 1.000000 0.000000 0.000000 3660.dat
1 2 -18.000000 -96.000000 -2.000000 0.000000 1.000000 0.000000 -1.000000 0.000000 0.000000 0.000000 0.000000 1.000000 3023.dat
1 2 -18.000000 -96.000000 -62.000000 0.000000 1.000000 0.000000 -1.000000 0.000000 0.000000 0.000000 0.000000 1.000000 3023.dat
1 0 -18.000000 -116.000000 -32.000000 0.000000 1.000000 0.000000 -1.000000 0.000000 0.000000 0.000000 0.000000 1.000000 3022.dat
1 0 -18.000000 -126.000000 -32.000000 0.000000 1.000000 0.000000 0.000000 0.000000 1.000000 1.000000 0.000000 0.000000 85984.dat
1 2 -34.000000 -86.000000 -22.000000 0.000000 1.000000 0.000000 0.000000 0.000000 -1.000000 -1.000000 0.000000 0.000000 50950.dat
1 2 -34.000000 -86.000000 -42.000000 0.000000 1.000000 0.000000 0.000000 0.000000 -1.000000 -1.000000 0.000000 0.000000 50950.dat
1 27 -10.000000 -96.000000 -2.000000 0.000000 1.000000 0.000000 0.000000 0.000000 -1.000000 -1.000000 0.000000 0.000000 93273.dat
1 27 -10.000000 -96.000000 -62.000000 0.000000 1.000000 0.000000 0.000000 0.000000 -1.000000 -1.000000 0.000000 0.000000 93273.dat
1 0 29.909000 -26.000000 -3.042000 -0.174000 0.985000 0.000000 0.000000 0.000000 -1.000000 -0.985000 -0.174000 0.000000 60471.dat
1 0 22.029000 -26.000000 -1.650000 0.174000 0.985000 0.000000 0.000000 0.000000 1.000000 0.985000 -0.174000 0.000000 60471.dat
1 14 14.149000 -26.000000 -0.258000 -0.174000 0.985000 0.000000 0.000000 0.000000 -1.000000 -0.985000 -0.174000 0.000000 44567.dat
1 0 14.149000 -26.000000 -0.258000 0.174000 0.985000 0.000000 0.000000 0.000000 1.000000 0.985000 -0.174000 0.000000 85984.dat
1 0 29.909000 -26.000000 -60.958000 0.174000 0.985000 0.000000 0.000000 0.000000 -1.000000 -0.985000 0.174000 0.000000 60471.dat
1 0 22.029000 -26.000000 -62.350000 -0.174000 0.985000 0.000000 0.000000 0.000000 1.000000 0.985000 0.174000 0.000000 60471.dat
1 14 14.149000 -26.000000 -63.742000 0.174000 0.985000 0.000000 0.000000 0.000000 -1.000000 -0.985000 0.174000 0.000000 44567.dat
1 0 14.149000 -26.000000 -63.742000 -0.174000 0.985000 0.000000 0.000000 0.000000 1.000000 0.985000 0.174000 0.000000 85984.dat
1 0 -3.575000 -8.000000 2.862000 0.174000 0.000000 -0.985000 0.000000 1.000000 0.000000 0.985000 0.000000 0.174000 60471.dat
1 0 -11.685000 0.000000 14.452000 -0.174000 0.000000 0.985000 0.000000 1.000000 0.000000 -0.985000 0.000000 -0.174000 11477.dat
1 0 -15.165000 0.000000 -5.248000 -0.174000 0.000000 0.985000 0.000000 1.000000 0.000000 -0.985000 0.000000 -0.174000 11477.dat
1 0 -3.575000 -8.000000 -66.862000 -0.174000 0.000000 -0.985000 0.000000 1.000000 0.000000 0.985000 0.000000 -0.174000 60471.dat
1 0 -15.165000 0.000000 -58.752000 0.174000 0.000000 0.985000 0.000000 1.000000 0.000000 -0.985000 0.000000 0.174000 11477.dat
1 0 -11.685000 0.000000 -78.452000 0.174000 0.000000 0.985000 0.000000 1.000000 0.000000 -0.985000 0.000000 0.174000 11477.dat
1 72 61.423000 -8.000000 -8.599000 -0.985000 0.000000 -0.174000 0.000000 1.000000 0.000000 0.174000 0.000000 -0.985000 44301.dat
1 72 51.573000 -16.000000 -6.859000 -0.985000 0.000000 -0.174000 0.000000 1.000000 0.000000 0.174000 0.000000 -0.985000 3024.dat
1 0 61.423000 -8.000000 -8.599000 0.174000 0.000000 -0.985000 0.000000 1.000000 0.000000 0.985000 0.000000 0.174000 11477.dat
1 72 61.423000 -8.000000 -55.401000 -0.985000 0.000000 0.174000 0.000000 1.000000 0.000000 -0.174000 0.000000 -0.985000 44301.dat
1 72 51.573000 -16.000000 -57.141000 -0.985000 0.000000 0.174000 0.000000 1.000000 0.000000 -0.174000 0.000000 -0.985000 3024.dat
1 0 61.423000 -8.000000 -55.401000 -0.174000 0.000000 -0.985000 0.000000 1.000000 0.000000 0.985000 0.000000 -0.174000 11477.dat
1 2 26.000000 -152.000000 -32.000000 0.000000 0.000000 1.000000 0.000000 1.000000 0.000000 -1.000000 0.000000 0.000000 3020.dat
1 191 16.000000 -176.000000 -32.000000 0.000000 0.000000 1.000000 0.000000 1.000000 0.000000 -1.000000 0.000000 0.000000 3004.dat
1 2 36.000000 -160.000000 -2.000000 0.000000 0.000000 1.000000 0.000000 1.000000 0.000000 -1.000000 0.000000 0.000000 2420.dat
1 2 36.000000 -160.000000 -62.000000 1.000000 0.000000 0.000000 0.000000 1.000000 0.000000 0.000000 0.000000 1.000000 2420.dat
1 14 36.000000 -168.000000 -32.000000 0.000000 0.000000 -1.000000 0.000000 1.000000 0.000000 1.000000 0.000000 0.000000 48336.dat
1 2 36.000000 -176.000000 -32.000000 0.000000 0.000000 -1.000000 0.000000 1.000000 0.000000 1.000000 0.000000 0.000000 3023.dat
1 2 56.000000 -184.000000 -62.000000 0.000000 0.000000 -1.000000 0.000000 1.000000 0.000000 1.000000 0.000000 0.000000 3005.dat
1 2 56.000000 -184.000000 -2.000000 0.000000 0.000000 -1.000000 0.000000 1.000000 0.000000 1.000000 0.000000 0.000000 3005.dat
1 27 36.000000 -184.000000 -2.000000 -1.000000 0.000000 0.000000 0.000000 1.000000 0.000000 0.000000 0.000000 -1.000000 87087.dat
1 27 36.000000 -184.000000 -62.000000 1.000000 0.000000 0.000000 0.000000 1.000000 0.000000 0.000000 0.000000 1.000000 87087.dat
1 14 36.000000 -184.000000 -32.000000 -1.000000 0.000000 0.000000 0.000000 1.000000 0.000000 0.000000 0.000000 -1.000000 3021.dat
1 15 16.000000 -184.000000 -2.000000 -1.000000 0.000000 0.000000 0.000000 1.000000 0.000000 0.000000 0.000000 -1.000000 3024.dat
1 15 16.000000 -184.000000 -62.000000 -1.000000 0.000000 0.000000 0.000000 1.000000 0.000000 0.000000 0.000000 -1.000000 3024.dat
1 2 56.000000 -192.000000 -32.000000 0.000000 0.000000 -1.000000 0.000000 1.000000 0.000000 1.000000 0.000000 0.000000 3710.dat
1 15 26.000000 -192.000000 -32.000000 0.000000 0.000000 -1.000000 0.000000 1.000000 0.000000 1.000000 0.000000 0.000000 3020.dat
1 15 16.000000 -200.000000 -32.000000 0.000000 0.000000 -1.000000 0.000000 1.000000 0.000000 1.000000 0.000000 0.000000 3710.dat
1 2 46.000000 -200.000000 -32.000000 0.000000 0.000000 -1.000000 0.000000 1.000000 0.000000 1.000000 0.000000 0.000000 3020.dat
1 15 -4.000000 -200.000000 -32.000000 0.000000 0.000000 -1.000000 0.000000 1.000000 0.000000 1.000000 0.000000 0.000000 3010.dat
1 2 26.000000 -208.000000 -22.000000 1.000000 0.000000 0.000000 0.000000 1.000000 0.000000 0.000000 0.000000 1.000000 3710.dat
1 2 26.000000 -208.000000 -42.000000 1.000000 0.000000 0.000000 0.000000 1.000000 0.000000 0.000000 0.000000 1.000000 3710.dat
1 2 56.000000 -224.000000 -2.000000 1.000000 0.000000 0.000000 0.000000 1.000000 0.000000 0.000000 0.000000 1.000000 3005.dat
1 2 56.000000 -224.000000 -62.000000 1.000000 0.000000 0.000000 0.000000 1.000000 0.000000 0.000000 0.000000 1.000000 3005.dat
1 27 36.000000 -224.000000 -62.000000 1.000000 0.000000 0.000000 0.000000 1.000000 0.000000 0.000000 0.000000 1.000000 87087.dat
1 27 36.000000 -224.000000 -2.000000 -1.000000 0.000000 0.000000 0.000000 1.000000 0.000000 0.000000 0.000000 -1.000000 87087.dat
1 4 46.000000 -194.000000 16.000000 1.000000 0.000000 0.000000 0.000000 0.000000 1.000000 0.000000 -1.000000 0.000000 43723.dat
1 4 46.000000 -194.000000 -80.000000 -1.000000 0.000000 0.000000 0.000000 0.000000 1.000000 0.000000 1.000000 0.000000 43722.dat
1 0 6.000000 -216.000000 -32.000000 1.000000 0.000000 0.000000 0.000000 1.000000 0.000000 0.000000 0.000000 1.000000 3022.dat
1 0 6.000000 -224.000000 -32.000000 1.000000 0.000000 0.000000 0.000000 1.000000 0.000000 0.000000 0.000000 1.000000 3022.dat
1 15 6.000000 -224.000000 -2.000000 1.000000 0.000000 0.000000 0.000000 1.000000 0.000000 0.000000 0.000000 1.000000 3700.dat
1 15 6.000000 -224.000000 -62.000000 1.000000 0.000000 0.000000 0.000000 1.000000 0.000000 0.000000 0.000000 1.000000 3700.dat
1 1 6.000000 -214.000000 -72.000000 0.000000 0.000000 1.000000 0.000000 1.000000 0.000000 -1.000000 0.000000 0.000000 4274.dat
1 1 6.000000 -214.000000 8.000000 0.000000 0.000000 -1.000000 0.000000 1.000000 0.000000 1.000000 0.000000 0.000000 4274.dat
1 15 16.000000 -232.000000 -32.000000 0.000000 0.000000 1.000000 0.000000 1.000000 0.000000 -1.000000 0.000000 0.000000 3710.dat
1 2 16.000000 -240.000000 -32.000000 0.000000 0.000000 1.000000 0.000000 1.000000 0.000000 -1.000000 0.000000 0.000000 3023.dat
1 2 16.000000 -256.000000 -22.000000 0.000000 0.000000 -1.000000 0.000000 1.000000 0.000000 1.000000 0.000000 0.000000 6005.dat
1 2 16.000000 -240.000000 -42.000000 0.000000 0.000000 -1.000000 0.000000 1.000000 0.000000 1.000000 0.000000 0.000000 6005.dat
1 2 36.000000 -248.000000 -2.000000 0.000000 0.000000 -1.000000 0.000000 1.000000 0.000000 1.000000 0.000000 0.000000 50950.dat
1 2 36.000000 -248.000000 -62.000000 0.000000 0.000000 -1.000000 0.000000 1.000000 0.000000 1.000000 0.000000 0.000000 50950.dat
1 15 -4.000000 -232.000000 -12.000000 0.000000 0.000000 1.000000 0.000000 1.000000 0.000000 -1.000000 0.000000 0.000000 44728.dat
1 15 -4.000000 -232.000000 -52.000000 0.000000 0.000000 1.000000 0.000000 1.000000 0.000000 -1.000000 0.000000 0.000000 44728.dat
1 15 6.000000 -214.000000 16.000000 0.000000 0.000000 -1.000000 1.000000 0.000000 0.000000 0.000000 -1.000000 0.000000 14769p01.dat
1 15 6.000000 -214.000000 -80.000000 -1.000000 0.000000 0.000000 0.000000 0.000000 1.000000 0.000000 1.000000 0.000000 14769p01.dat
1 15 -26.000000 -222.000000 -32.000000 0.000000 1.000000 0.000000 0.000000 0.000000 -1.000000 -1.000000 0.000000 0.000000 3710.dat
1 191 -50.000000 -222.000000 -32.000000 0.000000 1.000000 0.000000 0.000000 0.000000 -1.000000 -1.000000 0.000000 0.000000 3004.dat
1 0 -26.000000 -192.000000 -32.000000 0.000000 1.000000 0.000000 0.000000 0.000000 -1.000000 -1.000000 0.000000 0.000000 51739.dat
1 4 -34.000000 -192.000000 -32.000000 0.000000 1.000000 0.000000 0.000000 0.000000 -1.000000 -1.000000 0.000000 0.000000 48183.dat
1 191 -58.000000 -192.000000 -32.000000 0.000000 1.000000 0.000000 0.000000 0.000000 -1.000000 -1.000000 0.000000 0.000000 47753.dat
1 4 -4.000000 -256.000000 -42.000000 0.000000 0.000000 1.000000 0.000000 1.000000 0.000000 -1.000000 0.000000 0.000000 3045.dat
1 4 -4.000000 -256.000000 -22.000000 -1.000000 0.000000 0.000000 0.000000 1.000000 0.000000 0.000000 0.000000 -1.000000 3045.dat
1 0 6.000000 -248.000000 -22.000000 0.000000 0.000000 -1.000000 0.000000 1.000000 0.000000 1.000000 0.000000 0.000000 11477.dat
1 0 6.000000 -248.000000 -42.000000 0.000000 0.000000 -1.000000 0.000000 1.000000 0.000000 1.000000 0.000000 0.000000 11477.dat
1 4 66.000000 -64.000000 -32.000000 0.000000 0.000000 1.000000 0.000000 1.000000 0.000000 -1.000000 0.000000 0.000000 3176.dat
1 2 56.000000 -72.000000 -32.000000 0.000000 0.000000 1.000000 0.000000 1.000000 0.000000 -1.000000 0.000000 0.000000 3023.dat
1 4 96.000000 -72.000000 -52.000000 0.000000 0.000000 1.000000 0.000000 1.000000 0.000000 -1.000000 0.000000 0.000000 43723.dat
1 4 96.000000 -72.000000 -12.000000 0.000000 0.000000 1.000000 0.000000 1.000000 0.000000 -1.000000 0.000000 0.000000 43722.dat
1 15 66.000000 -80.000000 -22.000000 -1.000000 0.000000 0.000000 0.000000 1.000000 0.000000 0.000000 0.000000 -1.000000 92280.dat
1 15 66.000000 -80.000000 -42.000000 -1.000000 0.000000 0.000000 0.000000 1.000000 0.000000 0.000000 0.000000 -1.000000 92280.dat
1 2 96.000000 -80.000000 -32.000000 0.000000 0.000000 -1.000000 0.000000 1.000000 0.000000 1.000000 0.000000 0.000000 3023.dat
1 1 126.000000 -88.000000 -22.000000 0.000000 0.000000 -1.000000 0.000000 1.000000 0.000000 1.000000 0.000000 0.000000 61678.dat
1 1 126.000000 -88.000000 -42.000000 0.000000 0.000000 -1.000000 0.000000 1.000000 0.000000 1.000000 0.000000 0.000000 61678.dat
1 272 86.000000 -80.000000 -32.000000 0.000000 0.000000 1.000000 0.000000 1.000000 0.000000 -1.000000 0.000000 0.000000 15068.dat
1 27 11.654000 -84.778000 -107.456000 -0.406000 0.406000 -0.819000 -0.579000 0.579000 0.574000 0.707000 0.707000 0.000000 3623.dat
1 71 8.476000 -106.730000 -98.972000 -0.819000 0.406000 0.406000 0.574000 0.579000 0.579000 0.000000 0.707000 -0.707000 14704.dat
1 72 8.406000 -89.410010 -113.112000 -0.819000 0.406000 0.406000 0.574000 0.579000 0.579000 0.000000 0.707000 -0.707000 3024.dat
1 2 19.914000 -107.838000 -93.315990 0.406000 0.406000 0.819000 0.579000 0.579000 -0.574000 -0.707000 0.707000 0.000000 2420.dat
1 1 16.526000 -77.830000 -127.252000 0.819000 0.406000 -0.406000 -0.574000 0.579000 -0.579000 0.000000 0.707000 0.707000 60897.dat
1 1 24.786000 -100.890000 -113.112000 0.819000 0.406000 -0.406000 -0.574000 0.579000 -0.579000 0.000000 0.707000 0.707000 60897.dat
1 1 33.046000 -123.950000 -98.972000 0.819000 0.406000 -0.406000 -0.574000 0.579000 -0.579000 0.000000 0.707000 0.707000 60897.dat
1 27 5.158000 -94.042000 -118.768000 0.406000 0.406000 0.819000 0.579000 0.579000 -0.574000 -0.707000 0.707000 0.000000 3623.dat
1 2 13.418000 -117.102000 -104.628000 0.406000 0.406000 0.819000 0.579000 0.579000 -0.574000 -0.707000 0.707000 0.000000 2420.dat
1 27 10.100000 -104.414000 -124.424000 0.819000 0.406000 -0.406000 -0.574000 0.579000 -0.579000 0.000000 0.707000 0.707000 43723.dat
1 27 11.654000 -84.778000 43.456000 -0.406000 0.406000 0.819000 -0.579000 0.579000 -0.574000 -0.707000 -0.707000 0.000000 3623.dat
1 71 8.476000 -106.730000 34.972000 0.819000 0.406000 0.406000 -0.574000 0.579000 0.579000 0.000000 -0.707000 0.707000 14704.dat
1 72 8.406000 -89.410010 49.112000 0.819000 0.406000 0.406000 -0.574000 0.579000 0.579000 0.000000 -0.707000 0.707000 3024.dat
1 2 19.914000 -107.838000 29.316000 0.819000 0.406000 0.406000 -0.574000 0.579000 0.579000 0.000000 -0.707000 0.707000 2420.dat
1 1 16.526000 -77.830000 63.252000 -0.819000 0.406000 -0.406000 0.574000 0.579000 -0.579000 0.000000 -0.707000 -0.707000 60897.dat
1 1 24.786000 -100.890000 49.112000 -0.819000 0.406000 -0.406000 0.574000 0.579000 -0.579000 0.000000 -0.707000 -0.707000 60897.dat
1 1 33.046000 -123.950000 34.972000 -0.819000 0.406000 -0.406000 0.574000 0.579000 -0.579000 0.000000 -0.707000 -0.707000 60897.dat
1 27 5.158000 -94.042000 54.768000 0.406000 0.406000 -0.819000 0.579000 0.579000 0.574000 0.707000 -0.707000 0.000000 3623.dat
1 2 13.418000 -117.102000 40.628000 0.819000 0.406000 0.406000 -0.574000 0.579000 0.579000 0.000000 -0.707000 0.707000 2420.dat
1 27 10.100000 -104.414000 60.424000 -0.819000 0.406000 -0.406000 0.574000 0.579000 -0.579000 0.000000 -0.707000 -0.707000 43722.dat
1 27 44.148000 -48.832000 108.510000 -0.406000 0.819000 -0.406000 -0.579000 -0.574000 -0.579000 -0.707000 0.000000 0.707000 3623.dat
1 1 33.536000 -50.030000 101.440000 -0.406000 0.819000 -0.406000 -0.579000 -0.574000 -0.579000 -0.707000 0.000000 0.707000 60478.dat
1 1 43.224000 -22.278000 129.720000 0.406000 0.819000 -0.406000 0.579000 -0.574000 -0.579000 -0.707000 0.000000 -0.707000 61678.dat
1 2 22.924000 -51.228000 94.370000 0.406000 0.819000 -0.406000 0.579000 -0.574000 -0.579000 -0.707000 0.000000 -0.707000 3070b.dat
1 27 73.026000 -110.797000 74.315010 -0.761000 0.507000 -0.406000 -0.215000 -0.786000 -0.579000 -0.612000 -0.354000 0.707000 3623.dat
1 1 61.360000 -106.659000 71.027010 -0.761000 0.507000 -0.406000 -0.215000 -0.786000 -0.579000 -0.612000 -0.354000 0.707000 60478.dat
1 1 87.744010 -91.771000 98.339000 0.406000 0.507000 -0.761000 0.579000 -0.786000 -0.215000 -0.707000 -0.354000 -0.612000 61678.dat
1 2 49.694000 -102.521000 67.739020 0.406000 0.507000 -0.761000 0.579000 -0.786000 -0.215000 -0.707000 -0.354000 -0.612000 3070b.dat
1 27 59.550000 -79.397990 92.306000 -0.604000 0.686000 -0.406000 -0.411000 -0.704000 -0.579000 -0.683000 -0.183000 0.707000 3623.dat
1 1 48.022000 -77.876000 86.939990 -0.604000 0.686000 -0.406000 -0.411000 -0.704000 -0.579000 -0.683000 -0.183000 0.707000 60478.dat
1 1 66.694000 -55.804000 115.724000 0.406000 0.686000 -0.604000 0.579000 -0.704000 -0.411000 -0.707000 -0.183000 -0.683000 61678.dat
1 2 36.494000 -76.354000 81.574000 0.406000 0.686000 -0.604000 0.579000 -0.704000 -0.411000 -0.707000 -0.183000 -0.683000 3070b.dat
1 27 73.026000 -110.797000 -138.315000 -0.761000 0.507000 0.406000 -0.215000 -0.786000 0.579000 0.612000 0.354000 0.707000 3623.dat
1 1 61.360000 -106.659000 -135.027000 -0.761000 0.507000 0.406000 -0.215000 -0.786000 0.579000 0.612000 0.354000 0.707000 60478.dat
1 1 87.744010 -91.771000 -162.339000 -0.406000 0.507000 -0.761000 -0.579000 -0.786000 -0.215000 -0.707000 0.354000 0.612000 61678.dat
1 2 49.694000 -102.521000 -131.739000 -0.406000 0.507000 -0.761000 -0.579000 -0.786000 -0.215000 -0.707000 0.354000 0.612000 3070b.dat
1 27 44.148000 -48.832000 -172.510000 -0.406000 0.819000 0.406000 -0.579000 -0.574000 0.579000 0.707000 0.000000 0.707000 3623.dat
1 1 33.536000 -50.030000 -165.440000 -0.406000 0.819000 0.406000 -0.579000 -0.574000 0.579000 0.707000 0.000000 0.707000 60478.dat
1 1 43.224000 -22.278000 -193.720000 -0.406000 0.819000 -0.406000 -0.579000 -0.574000 -0.579000 -0.707000 0.000000 0.707000 61678.dat
1 2 22.924000 -51.228000 -158.370000 -0.406000 0.819000 -0.406000 -0.579000 -0.574000 -0.579000 -0.707000 0.000000 0.707000 3070b.dat
1 27 59.550000 -79.397990 -156.306000 -0.604000 0.686000 0.406000 -0.411000 -0.704000 0.579000 0.683000 0.183000 0.707000 3623.dat
1 1 48.022000 -77.876000 -150.940000 -0.604000 0.686000 0.406000 -0.411000 -0.704000 0.579000 0.683000 0.183000 0.707000 60478.dat
1 1 66.694000 -55.804000 -179.724000 -0.406000 0.686000 -0.604000 -0.579000 -0.704000 -0.411000 -0.707000 0.183000 0.683000 61678.dat
1 2 36.494000 -76.354000 -145.574000 -0.406000 0.686000 -0.604000 -0.579000 -0.704000 -0.411000 -0.707000 0.183000 0.683000 3070b.dat
1 72 -300.000000 -232.000000 -50.000000 0.707000 0.000000 0.707000 0.000000 1.000000 0.000000 -0.707000 0.000000 0.707000 44301.dat
1 0 -300.000000 -256.000000 -50.000000 0.707000 0.000000 0.707000 0.000000 1.000000 0.000000 -0.707000 0.000000 0.707000 52107.dat
1 0 -280.204000 -246.000000 -44.344000 0.707000 -0.707000 0.000000 0.000000 0.000000 1.000000 -0.707000 -0.707000 0.000000 4081b.dat
1 47 -284.446000 -266.000000 -42.930000 -0.707000 0.707000 0.000000 0.000000 0.000000 -1.000000 -0.707000 -0.707000 0.000000 54200.dat
1 47 -278.790000 -266.000000 -48.586000 0.707000 -0.707000 0.000000 0.000000 0.000000 -1.000000 0.707000 0.707000 0.000000 54200.dat
1 0 -305.656000 -246.000000 -69.796000 -0.707000 0.707000 0.000000 0.000000 0.000000 1.000000 0.707000 0.707000 0.000000 4081b.dat
1 47 -301.414000 -266.000000 -71.210000 0.707000 -0.707000 0.000000 0.000000 0.000000 -1.000000 0.707000 0.707000 0.000000 54200.dat
1 47 -307.070000 -266.000000 -65.554000 -0.707000 0.707000 0.000000 0.000000 0.000000 -1.000000 -0.707000 -0.707000 0.000000 54200.dat
1 0 -277.376000 -250.000000 -72.624000 0.707000 -0.707000 0.000000 0.000000 0.000000 -1.000000 0.707000 0.707000 0.000000 60471.dat
1 15 -278.790000 -250.000000 -85.350000 -0.612262 -0.707000 0.353500 0.500000 0.000000 0.866000 -0.612262 0.707000 0.353500 98138p07.dat
1 15 -264.650000 -250.000000 -71.210000 -0.612262 -0.707000 0.353500 0.500000 0.000000 0.866000 -0.612262 0.707000 0.353500 98138p07.dat
1 15 -200.000000 -8.000000 130.000000 -1.000000 0.000000 0.000000 0.000000 1.000000 0.000000 0.000000 0.000000 -1.000000 3020.dat
1 15 -200.000000 -16.000000 110.000000 0.000000 0.000000 1.000000 0.000000 1.000000 0.000000 -1.000000 0.000000 0.000000 3020.dat
1 2 -160.000000 -16.000000 150.000000 0.000000 0.000000 -1.000000 0.000000 1.000000 0.000000 1.000000 0.000000 0.000000 2429.dat
1 2 -240.000000 -16.000000 150.000000 0.000000 0.000000 1.000000 0.000000 1.000000 0.000000 -1.000000 0.000000 0.000000 2430.dat
1 2 -240.000000 -16.000000 150.000000 0.707000 0.000000 -0.707000 0.000000 1.000000 0.000000 0.707000 0.000000 0.707000 2429.dat
1 2 -160.000000 -16.000000 150.000000 0.707000 0.000000 0.707000 0.000000 1.000000 0.000000 -0.707000 0.000000 0.707000 2430.dat
1 27 -210.000000 -32.000000 130.000000 0.000000 0.000000 1.000000 0.000000 1.000000 0.000000 -1.000000 0.000000 0.000000 47457.dat
1 27 -190.000000 -32.000000 130.000000 0.000000 0.000000 -1.000000 0.000000 1.000000 0.000000 1.000000 0.000000 0.000000 47457.dat
1 19 -200.000000 -8.000000 90.000000 0.000000 0.000000 -1.000000 0.000000 1.000000 0.000000 1.000000 0.000000 0.000000 4032a.dat
1 2 -131.716000 -8.000000 135.858000 0.000000 0.000000 1.000000 0.000000 1.000000 0.000000 -1.000000 0.000000 0.000000 2420.dat
1 2 -268.284000 -8.000000 135.858000 -1.000000 0.000000 0.000000 0.000000 1.000000 0.000000 0.000000 0.000000 -1.000000 2420.dat
1 2 -200.000000 -24.000000 70.000000 0.000000 0.000000 -1.000000 0.000000 1.000000 0.000000 1.000000 0.000000 0.000000 3020.dat
1 2 -200.000000 -32.000000 100.000000 1.000000 0.000000 0.000000 0.000000 1.000000 0.000000 0.000000 0.000000 1.000000 3023.dat
1 27 -210.000000 -40.000000 80.000000 0.000000 0.000000 1.000000 0.000000 1.000000 0.000000 -1.000000 0.000000 0.000000 6091.dat
1 27 -190.000000 -40.000000 80.000000 0.000000 0.000000 -1.000000 0.000000 1.000000 0.000000 1.000000 0.000000 0.000000 6091.dat
1 2 -200.000000 -40.000000 110.000000 0.000000 0.000000 -1.000000 0.000000 1.000000 0.000000 1.000000 0.000000 0.000000 3020.dat
1 2 -230.000000 -8.000000 80.000000 -1.000000 0.000000 0.000000 0.000000 1.000000 0.000000 0.000000 0.000000 -1.000000 2420.dat
1 2 -170.000000 -8.000000 80.000000 0.000000 0.000000 1.000000 0.000000 1.000000 0.000000 -1.000000 0.000000 0.000000 2420.dat
1 0 -200.000000 -48.000000 90.000000 0.000000 0.000000 1.000000 0.000000 1.000000 0.000000 -1.000000 0.000000 0.000000 3022.dat
1 288 -200.000000 -32.000000 30.000000 1.000000 0.000000 0.000000 0.000000 1.000000 0.000000 0.000000 0.000000 1.000000 48183.dat
1 4 -200.000000 -40.000000 20.000000 1.000000 0.000000 0.000000 0.000000 1.000000 0.000000 0.000000 0.000000 1.000000 15573.dat
1 4 -210.000000 -24.000000 50.000000 -1.000000 0.000000 0.000000 0.000000 1.000000 0.000000 0.000000 0.000000 -1.000000 11477.dat
1 4 -190.000000 -24.000000 50.000000 -1.000000 0.000000 0.000000 0.000000 1.000000 0.000000 0.000000 0.000000 -1.000000 11477.dat
1 71 -200.000000 -56.000000 80.000000 1.000000 0.000000 0.000000 0.000000 1.000000 0.000000 0.000000 0.000000 1.000000 14704.dat
1 288 -200.000000 -64.000000 80.000000 -1.000000 0.000000 0.000000 0.000000 1.000000 0.000000 0.000000 0.000000 -1.000000 48933.dat
1 288 -200.000000 -55.901000 29.987000 1.000000 0.000000 0.000000 0.000000 0.966000 0.259000 0.000000 -0.259000 0.966000 48183.dat
1 72 -200.000000 -61.039000 41.719000 -1.000000 0.000000 0.000000 0.000000 0.966000 -0.259000 0.000000 -0.259000 -0.966000 14417.dat
1 2 -200.000000 -66.219000 22.399000 -1.000000 0.000000 0.000000 0.000000 0.966000 -0.259000 0.000000 -0.259000 -0.966000 3023.dat
1 0 -190.000000 -68.767000 43.791000 0.000000 0.000000 -1.000000 0.259000 0.966000 0.000000 0.966000 -0.259000 0.000000 4081b.dat
1 0 -210.000000 -68.767000 43.791000 0.000000 0.000000 1.000000 -0.259000 0.966000 0.000000 -0.966000 -0.259000 0.000000 4081b.dat
1 27 -210.000000 -63.629000 32.059000 1.000000 0.000000 0.000000 0.000000 0.966000 0.259000 0.000000 -0.259000 0.966000 11477.dat
1 27 -190.000000 -63.629000 32.059000 1.000000 0.000000 0.000000 0.000000 0.966000 0.259000 0.000000 -0.259000 0.966000 11477.dat
1 15 -230.000000 -69.943000 31.681000 1.000000 0.000000 0.000000 0.000000 0.259000 -0.966000 0.000000 0.966000 0.259000 98138p07.dat
1 15 -170.000000 -69.943000 31.681000 1.000000 0.000000 0.000000 0.000000 0.259000 -0.966000 0.000000 0.966000 0.259000 98138p07.dat
