0 40148-YearOfTheSheep.ldr
0 Name: 40148 - Year of the Sheep
0 Author: Merlijn Wissink [legolijntje]
0 Theme: Creatures
0 CustomBrick

1 70 0.000000 0.000000 0.000000 1.000000 0.000000 0.000000 0.000000 1.000000 0.000000 0.000000 0.000000 1.000000 3032.dat
1 70 0.000000 -24.000000 10.000000 -1.000000 0.000000 0.000000 0.000000 1.000000 0.000000 0.000000 0.000000 -1.000000 3039.dat
1 70 -30.000000 -24.000000 10.000000 -1.000000 0.000000 0.000000 0.000000 1.000000 0.000000 0.000000 0.000000 -1.000000 3045.dat
1 70 30.000000 -24.000000 10.000000 0.000000 0.000000 -1.000000 0.000000 1.000000 0.000000 1.000000 0.000000 0.000000 3045.dat
1 1 0.000000 -24.000000 -40.000000 0.000000 0.000000 -1.000000 0.000000 1.000000 0.000000 1.000000 0.000000 0.000000 3001.dat
1 70 0.000000 0.000000 -80.000000 1.000000 0.000000 0.000000 0.000000 1.000000 0.000000 0.000000 0.000000 1.000000 3032.dat
1 70 30.000000 -24.000000 -40.000000 0.000000 0.000000 -1.000000 0.000000 1.000000 0.000000 1.000000 0.000000 0.000000 3037.dat
1 70 -30.000000 -24.000000 -40.000000 0.000000 0.000000 1.000000 0.000000 1.000000 0.000000 -1.000000 0.000000 0.000000 3037.dat
1 70 30.000000 -24.000000 -120.000000 0.000000 0.000000 -1.000000 0.000000 1.000000 0.000000 1.000000 0.000000 0.000000 3037.dat
1 70 -30.000000 -24.000000 -120.000000 0.000000 0.000000 1.000000 0.000000 1.000000 0.000000 -1.000000 0.000000 0.000000 3037.dat
1 70 0.000000 0.000000 -160.000000 1.000000 0.000000 0.000000 0.000000 1.000000 0.000000 0.000000 0.000000 1.000000 3032.dat
1 70 0.000000 -24.000000 -170.000000 1.000000 0.000000 0.000000 0.000000 1.000000 0.000000 0.000000 0.000000 1.000000 3039.dat
1 70 30.000000 -24.000000 -170.000000 1.000000 0.000000 0.000000 0.000000 1.000000 0.000000 0.000000 0.000000 1.000000 3045.dat
1 70 -30.000000 -24.000000 -170.000000 0.000000 0.000000 1.000000 0.000000 1.000000 0.000000 -1.000000 0.000000 0.000000 3045.dat
1 2 -20.000000 -32.000000 -40.000000 1.000000 0.000000 0.000000 0.000000 1.000000 0.000000 0.000000 0.000000 1.000000 3068b.dat
1 2 20.000000 -32.000000 -40.000000 1.000000 0.000000 0.000000 0.000000 1.000000 0.000000 0.000000 0.000000 1.000000 3068b.dat
1 2 0.000000 -32.000000 0.000000 1.000000 0.000000 0.000000 0.000000 1.000000 0.000000 0.000000 0.000000 1.000000 3068b.dat
1 2 30.000000 -32.000000 0.000000 0.000000 0.000000 1.000000 0.000000 1.000000 0.000000 -1.000000 0.000000 0.000000 15573.dat
1 2 -30.000000 -32.000000 0.000000 0.000000 0.000000 1.000000 0.000000 1.000000 0.000000 -1.000000 0.000000 0.000000 15573.dat
1 2 -20.000000 -32.000000 -120.000000 0.000000 0.000000 1.000000 0.000000 1.000000 0.000000 -1.000000 0.000000 0.000000 3795.dat
1 2 20.000000 -32.000000 -120.000000 0.000000 0.000000 1.000000 0.000000 1.000000 0.000000 -1.000000 0.000000 0.000000 3795.dat
1 71 -30.000000 -56.000000 -130.000000 0.000000 0.000000 1.000000 0.000000 1.000000 0.000000 -1.000000 0.000000 0.000000 3005.dat
1 19 -20.000000 -56.000000 -150.000000 1.000000 0.000000 0.000000 0.000000 1.000000 0.000000 0.000000 0.000000 1.000000 3039.dat
1 19 -10.000000 -56.000000 -130.000000 0.000000 0.000000 -1.000000 0.000000 1.000000 0.000000 1.000000 0.000000 0.000000 3040b.dat
1 19 -30.000000 -56.000000 -110.000000 -1.000000 0.000000 0.000000 0.000000 1.000000 0.000000 0.000000 0.000000 -1.000000 3040b.dat
1 71 -30.000000 -40.000000 -70.000000 -1.000000 0.000000 0.000000 0.000000 1.000000 0.000000 0.000000 0.000000 -1.000000 6141.dat
1 71 30.000000 -40.000000 -170.000000 -1.000000 0.000000 0.000000 0.000000 1.000000 0.000000 0.000000 0.000000 -1.000000 6141.dat
1 72 10.000000 -40.000000 -150.000000 -1.000000 0.000000 0.000000 0.000000 1.000000 0.000000 0.000000 0.000000 -1.000000 6141.dat
1 72 -10.000000 -40.000000 -110.000000 -1.000000 0.000000 0.000000 0.000000 1.000000 0.000000 0.000000 0.000000 -1.000000 6141.dat
1 72 -10.000000 -48.000000 -110.000000 -1.000000 0.000000 0.000000 0.000000 1.000000 0.000000 0.000000 0.000000 -1.000000 6141.dat
1 19 30.000000 -56.000000 -110.000000 -1.000000 0.000000 0.000000 0.000000 1.000000 0.000000 0.000000 0.000000 -1.000000 3040b.dat
1 2 30.000000 -56.000000 -130.000000 0.707000 0.000000 0.707000 0.000000 1.000000 0.000000 -0.707000 0.000000 0.707000 30176.dat
1 71 -10.000000 -64.000000 -130.000000 -1.000000 0.000000 0.000000 0.000000 1.000000 0.000000 0.000000 0.000000 -1.000000 6141.dat
1 19 -10.000000 -56.000000 -150.000000 1.000000 0.000000 0.000000 0.000000 1.000000 0.000000 0.000000 0.000000 1.000000 54200.dat
1 19 30.000000 -56.000000 -110.000000 -1.000000 0.000000 0.000000 0.000000 1.000000 0.000000 0.000000 0.000000 -1.000000 54200.dat
1 19 -30.000000 -80.000000 -130.000000 -1.000000 0.000000 0.000000 0.000000 1.000000 0.000000 0.000000 0.000000 -1.000000 3040b.dat
1 2 -30.000000 -80.000000 -150.000000 -0.707000 0.000000 0.707000 0.000000 1.000000 0.000000 -0.707000 0.000000 -0.707000 30176.dat
1 15 0.000000 -105.956000 -32.858000 0.000000 0.000000 -1.000000 0.309000 0.951000 0.000000 0.951000 -0.309000 0.000000 3795.dat
1 15 0.000000 -98.347000 -35.330000 0.000000 0.000000 -1.000000 0.309000 0.951000 0.000000 0.951000 -0.309000 0.000000 3020.dat
1 15 0.000000 -82.896000 12.223000 -1.000000 0.000000 0.000000 0.000000 0.951000 -0.309000 0.000000 -0.309000 -0.951000 3023.dat
1 15 0.000000 -113.330000 22.111000 -1.000000 0.000000 0.000000 0.000000 0.951000 -0.309000 0.000000 -0.309000 -0.951000 3700.dat
1 19 10.000000 -119.511000 3.090000 0.000000 0.000000 1.000000 -0.309000 0.951000 0.000000 -0.951000 -0.309000 0.000000 6541.dat
1 19 -10.000000 -119.511000 3.090000 0.000000 0.000000 1.000000 -0.309000 0.951000 0.000000 -0.951000 -0.309000 0.000000 6541.dat
1 15 0.000000 -128.781000 -25.442000 0.000000 0.000000 1.000000 -0.309000 0.951000 0.000000 -0.951000 -0.309000 0.000000 3003.dat
1 19 10.000000 -138.052000 -53.973000 0.000000 0.000000 1.000000 -0.309000 0.951000 0.000000 -0.951000 -0.309000 0.000000 6541.dat
1 19 -10.000000 -138.052000 -53.973000 0.000000 0.000000 1.000000 -0.309000 0.951000 0.000000 -0.951000 -0.309000 0.000000 6541.dat
1 15 0.000000 -144.232000 -72.994000 1.000000 0.000000 0.000000 0.000000 0.951000 0.309000 0.000000 -0.309000 0.951000 3660.dat
1 15 0.000000 -142.570000 -41.991000 0.000000 0.000000 -1.000000 0.309000 0.951000 0.000000 0.951000 -0.309000 0.000000 3795.dat
1 15 0.000000 -120.939000 24.583000 -1.000000 0.000000 0.000000 0.000000 0.951000 -0.309000 0.000000 -0.309000 -0.951000 3023.dat
1 15 0.000000 -165.395000 -34.574000 0.000000 0.000000 1.000000 -0.309000 0.951000 0.000000 -0.951000 -0.309000 0.000000 3003.dat
1 15 0.000000 -156.125000 -6.042000 -1.000000 0.000000 0.000000 0.000000 0.951000 -0.309000 0.000000 -0.309000 -0.951000 3298.dat
1 15 0.000000 -159.449000 -68.050000 -1.000000 0.000000 0.000000 0.000000 0.951000 -0.309000 0.000000 -0.309000 -0.951000 3023.dat
1 71 0.000000 -165.629000 -87.071000 1.000000 0.000000 0.000000 0.000000 0.951000 0.309000 0.000000 -0.309000 0.951000 48336.dat
1 71 0.000000 -170.147000 -75.089000 1.000000 0.000000 0.000000 0.000000 0.951000 0.309000 0.000000 -0.309000 0.951000 3022.dat
1 71 0.000000 -183.936000 -91.638000 0.000000 0.000000 -1.000000 0.309000 0.951000 0.000000 0.951000 -0.309000 0.000000 3020.dat
1 71 0.000000 -208.424000 -115.225000 1.000000 0.000000 0.000000 0.000000 0.951000 0.309000 0.000000 -0.309000 0.951000 99206.dat
1 71 -10.000000 -217.460000 -91.259990 0.000000 0.000000 1.000000 -0.309000 0.951000 0.000000 -0.951000 -0.309000 0.000000 87087.dat
1 71 10.000000 -217.460000 -91.259990 0.000000 0.000000 -1.000000 0.309000 0.951000 0.000000 0.951000 -0.309000 0.000000 87087.dat
1 71 0.000000 -208.424000 -115.225000 1.000000 0.000000 0.000000 0.000000 0.951000 0.309000 0.000000 -0.309000 0.951000 85984.dat
1 15 0.000000 -203.671000 -74.711000 -1.000000 0.000000 0.000000 0.000000 0.951000 -0.309000 0.000000 -0.309000 -0.951000 3298.dat
1 0 10.000000 -211.280000 -72.238000 0.000000 0.000000 -1.000000 0.309000 0.951000 0.000000 0.951000 -0.309000 0.000000 4081b.dat
1 0 -10.000000 -211.280000 -72.238000 0.000000 0.000000 1.000000 -0.309000 0.951000 0.000000 -0.951000 -0.309000 0.000000 4081b.dat
1 15 0.000000 -221.979000 -79.277000 0.000000 0.000000 -1.000000 0.309000 0.951000 0.000000 0.951000 -0.309000 0.000000 3022.dat
1 15 28.000000 -207.950000 -94.350000 0.000000 -1.000000 0.000000 0.978000 0.000000 -0.208000 0.208000 0.000000 0.978000 98138p07.dat
1 15 -28.000000 -207.950000 -94.350000 0.000000 1.000000 0.000000 -0.669000 0.000000 0.743000 0.743000 0.000000 0.669000 98138p07.dat
1 0 30.000000 -206.906000 -65.248000 1.000000 0.000000 0.000000 0.000000 -0.309000 0.951000 0.000000 -0.951000 -0.309000 87747.dat
1 0 -30.000000 -206.906000 -65.248000 1.000000 0.000000 0.000000 0.000000 -0.309000 0.951000 0.000000 -0.951000 -0.309000 87747.dat
1 71 0.000000 -167.705000 -126.689000 -1.000000 0.000000 0.000000 0.000000 0.978000 0.208000 0.000000 0.208000 -0.978000 6019.dat
1 29 0.000000 -175.531000 -128.352000 -1.000000 0.000000 0.000000 0.000000 0.978000 0.208000 0.000000 0.208000 -0.978000 3070b.dat
1 71 0.000000 -100.729000 28.532000 0.000000 0.000000 -1.000000 0.309000 0.951000 0.000000 0.951000 -0.309000 0.000000 4274.dat
1 15 0.000000 -88.746990 33.050000 0.000000 0.000000 -1.000000 0.951000 -0.309000 0.000000 -0.309000 -0.951000 0.000000 3023.dat
1 72 -30.000000 -79.891000 -107.393000 1.000000 0.000000 0.000000 0.000000 0.695000 0.719000 0.000000 -0.719000 0.695000 92946.dat
1 72 -30.000000 -78.261000 -94.690990 1.000000 0.000000 0.000000 0.000000 0.695000 0.719000 0.000000 -0.719000 0.695000 3024.dat
1 71 -30.000000 -94.940990 -77.435000 1.000000 0.000000 0.000000 0.000000 0.695000 0.719000 0.000000 -0.719000 0.695000 3005.dat
1 15 -30.000000 -111.621000 -60.179000 1.000000 0.000000 0.000000 0.000000 0.695000 0.719000 0.000000 -0.719000 0.695000 3665.dat
1 15 -30.000000 -135.491000 -49.873000 0.000000 0.000000 -1.000000 0.719000 0.695000 0.000000 0.695000 -0.719000 0.000000 3700.dat
1 15 -30.000000 -135.491000 -49.873000 0.000000 0.000000 1.000000 -0.719000 0.695000 0.000000 -0.695000 -0.719000 0.000000 85984.dat
1 0 -20.000000 -128.541000 -57.063000 -1.000000 0.000000 0.000000 0.000000 0.695000 -0.719000 0.000000 -0.719000 -0.695000 2780.dat
1 72 -30.000000 -40.000000 0.000000 1.000000 0.000000 0.000000 0.000000 1.000000 0.000000 0.000000 0.000000 1.000000 92946.dat
1 72 -30.000000 -48.000000 10.000000 1.000000 0.000000 0.000000 0.000000 1.000000 0.000000 0.000000 0.000000 1.000000 3024.dat
1 71 -30.000000 -72.000000 10.000000 1.000000 0.000000 0.000000 0.000000 1.000000 0.000000 0.000000 0.000000 1.000000 3005.dat
1 15 -30.000000 -96.000000 10.000000 1.000000 0.000000 0.000000 0.000000 1.000000 0.000000 0.000000 0.000000 1.000000 3665.dat
1 15 -30.000000 -120.000000 0.000000 0.000000 0.000000 -1.000000 0.000000 1.000000 0.000000 1.000000 0.000000 0.000000 3700.dat
1 15 -30.000000 -120.000000 0.000000 0.000000 0.000000 1.000000 0.000000 1.000000 0.000000 -1.000000 0.000000 0.000000 85984.dat
1 0 -20.000000 -110.000000 0.000000 -1.000000 0.000000 0.000000 0.000000 1.000000 0.000000 0.000000 0.000000 -1.000000 2780.dat
1 72 30.000000 -40.000000 0.000000 1.000000 0.000000 0.000000 0.000000 1.000000 0.000000 0.000000 0.000000 1.000000 92946.dat
1 72 30.000000 -48.000000 10.000000 1.000000 0.000000 0.000000 0.000000 1.000000 0.000000 0.000000 0.000000 1.000000 3024.dat
1 71 30.000000 -72.000000 10.000000 1.000000 0.000000 0.000000 0.000000 1.000000 0.000000 0.000000 0.000000 1.000000 3005.dat
1 15 30.000000 -96.000000 10.000000 1.000000 0.000000 0.000000 0.000000 1.000000 0.000000 0.000000 0.000000 1.000000 3665.dat
1 15 30.000000 -120.000000 0.000000 0.000000 0.000000 -1.000000 0.000000 1.000000 0.000000 1.000000 0.000000 0.000000 3700.dat
1 15 30.000000 -120.000000 0.000000 0.000000 0.000000 -1.000000 0.000000 1.000000 0.000000 1.000000 0.000000 0.000000 85984.dat
1 0 20.000000 -110.000000 0.000000 -1.000000 0.000000 0.000000 0.000000 1.000000 0.000000 0.000000 0.000000 -1.000000 2780.dat
1 72 30.000000 -64.071000 -84.433000 1.000000 0.000000 0.000000 0.000000 0.921000 0.391000 0.000000 -0.391000 0.921000 92946.dat
1 72 30.000000 -67.529000 -72.095000 1.000000 0.000000 0.000000 0.000000 0.921000 0.391000 0.000000 -0.391000 0.921000 3024.dat
1 71 30.000000 -89.633010 -62.711000 1.000000 0.000000 0.000000 0.000000 0.921000 0.391000 0.000000 -0.391000 0.921000 3005.dat
1 15 30.000000 -111.737000 -53.327000 1.000000 0.000000 0.000000 0.000000 0.921000 0.391000 0.000000 -0.391000 0.921000 3665.dat
1 15 30.000000 -137.751000 -53.153000 0.000000 0.000000 -1.000000 0.391000 0.921000 0.000000 0.921000 -0.391000 0.000000 3700.dat
1 15 30.000000 -137.751000 -53.153000 0.000000 0.000000 -1.000000 0.391000 0.921000 0.000000 0.921000 -0.391000 0.000000 85984.dat
1 0 20.000000 -128.541000 -57.063000 -1.000000 0.000000 0.000000 0.000000 0.921000 -0.391000 0.000000 -0.391000 -0.921000 2780.dat
