0 7209-1-Pteranodon.ldr
0 Name: 7209-1 - Pteranodon
0 Author: Merlijn Wissink [legolijntje]
0 Theme: Creatures
0 CustomBrick

1 70 0.000000 0.000000 -2.000000 -1.000000 0.000000 0.000000 0.000000 1.000000 0.000000 0.000000 0.000000 -1.000000 3660.dat
1 70 0.000000 0.000000 -22.000000 1.000000 0.000000 0.000000 0.000000 1.000000 0.000000 0.000000 0.000000 1.000000 3660.dat
1 19 0.000000 -8.000000 38.000000 0.000000 0.000000 -1.000000 0.000000 1.000000 0.000000 1.000000 0.000000 0.000000 3021.dat
1 19 0.000000 0.000000 58.000000 0.000000 0.000000 -1.000000 0.000000 1.000000 0.000000 1.000000 0.000000 0.000000 3021.dat
1 19 10.000000 -8.000000 -12.000000 0.000000 0.000000 -1.000000 0.000000 1.000000 0.000000 1.000000 0.000000 0.000000 44567.dat
1 19 -10.000000 -8.000000 -12.000000 0.000000 0.000000 1.000000 0.000000 1.000000 0.000000 -1.000000 0.000000 0.000000 44567.dat
1 19 0.000000 -8.000000 -42.000000 1.000000 0.000000 0.000000 0.000000 1.000000 0.000000 0.000000 0.000000 1.000000 44567.dat
1 484 -10.000000 -32.000000 -22.000000 1.000000 0.000000 0.000000 0.000000 1.000000 0.000000 0.000000 0.000000 1.000000 3040b.dat
1 484 10.000000 -32.000000 -22.000000 1.000000 0.000000 0.000000 0.000000 1.000000 0.000000 0.000000 0.000000 1.000000 3040b.dat
1 484 -10.000000 -32.000000 -2.000000 -1.000000 0.000000 0.000000 0.000000 1.000000 0.000000 0.000000 0.000000 -1.000000 3040b.dat
1 484 10.000000 -32.000000 -2.000000 -1.000000 0.000000 0.000000 0.000000 1.000000 0.000000 0.000000 0.000000 -1.000000 3040b.dat
1 70 58.460000 -15.696000 -12.000000 -0.966000 0.259000 0.000000 0.259000 0.966000 0.000000 0.000000 0.000000 -1.000000 44302.dat
1 484 75.708000 -28.604000 -2.000000 0.966000 0.259000 0.000000 -0.259000 0.966000 0.000000 0.000000 0.000000 1.000000 3020.dat
1 70 112.276000 -46.692000 18.000000 0.000000 0.259000 -0.966000 0.000000 0.966000 0.259000 1.000000 0.000000 0.000000 41770.dat
1 70 -58.460000 -15.696000 -12.000000 0.966000 -0.259000 0.000000 0.259000 0.966000 0.000000 0.000000 0.000000 1.000000 44302.dat
1 484 -75.708000 -28.604000 -2.000000 0.966000 -0.259000 0.000000 0.259000 0.966000 0.000000 0.000000 0.000000 1.000000 3020.dat
1 70 -112.276000 -46.692000 18.000000 0.000000 -0.259000 0.966000 0.000000 0.966000 0.259000 -1.000000 0.000000 0.000000 41769.dat
1 70 0.000000 -8.000000 -92.000000 0.000000 0.000000 -1.000000 0.000000 1.000000 0.000000 1.000000 0.000000 0.000000 44302.dat
1 19 0.000000 0.000000 -102.000000 0.000000 0.000000 -1.000000 0.000000 1.000000 0.000000 1.000000 0.000000 0.000000 3623.dat
1 19 0.000000 -8.000000 -142.000000 0.000000 0.000000 -1.000000 0.000000 1.000000 0.000000 1.000000 0.000000 0.000000 3623.dat
1 484 0.000000 -16.000000 -112.000000 0.000000 0.000000 -1.000000 0.000000 1.000000 0.000000 1.000000 0.000000 0.000000 3710.dat
1 484 0.000000 -40.000000 -82.000000 -1.000000 0.000000 0.000000 0.000000 1.000000 0.000000 0.000000 0.000000 -1.000000 3040b.dat
1 19 0.000000 -40.000000 -102.000000 0.000000 0.000000 1.000000 0.000000 1.000000 0.000000 -1.000000 0.000000 0.000000 47905.dat
1 19 0.000000 -40.000000 -122.000000 1.000000 0.000000 0.000000 0.000000 1.000000 0.000000 0.000000 0.000000 1.000000 4286.dat
1 320 0.000000 -48.000000 -102.000000 0.000000 0.000000 -1.000000 0.000000 1.000000 0.000000 1.000000 0.000000 0.000000 3623.dat
1 320 0.000000 -72.000000 -62.000000 1.000000 0.000000 0.000000 0.000000 1.000000 0.000000 0.000000 0.000000 1.000000 3040b.dat
1 0 18.000000 -30.000000 -102.000000 0.000000 -1.000000 0.000000 1.000000 0.000000 0.000000 0.000000 0.000000 1.000000 6141.dat
1 0 -18.000000 -30.000000 -102.000000 0.000000 1.000000 0.000000 1.000000 0.000000 0.000000 0.000000 0.000000 -1.000000 6141.dat
