0 7210-1-Apatosaurus.ldr
0 Name: 7210-1 - Apatosaurus
0 Author: Merlijn Wissink [legolijntje]
0 Theme: Creatures
0 CustomBrick

1 72 0.000000 0.000000 0.000000 0.000000 0.000000 1.000000 0.000000 1.000000 0.000000 -1.000000 0.000000 0.000000 3020.dat
1 72 0.000000 -32.000000 0.000000 0.000000 0.000000 1.000000 0.000000 1.000000 0.000000 -1.000000 0.000000 0.000000 3022.dat
1 72 0.000000 -24.000000 0.000000 0.000000 0.000000 1.000000 0.000000 1.000000 0.000000 -1.000000 0.000000 0.000000 3003.dat
1 72 10.000000 -24.000000 -30.000000 0.000000 0.000000 -1.000000 0.000000 1.000000 0.000000 1.000000 0.000000 0.000000 3040b.dat
1 72 10.000000 -24.000000 30.000000 0.000000 0.000000 -1.000000 0.000000 1.000000 0.000000 1.000000 0.000000 0.000000 3040b.dat
1 72 -10.000000 -24.000000 30.000000 0.000000 0.000000 1.000000 0.000000 1.000000 0.000000 -1.000000 0.000000 0.000000 3040b.dat
1 72 -10.000000 -24.000000 -30.000000 0.000000 0.000000 1.000000 0.000000 1.000000 0.000000 -1.000000 0.000000 0.000000 3040b.dat
1 72 0.000000 -56.000000 -10.000000 1.000000 0.000000 0.000000 0.000000 1.000000 0.000000 0.000000 0.000000 1.000000 3039.dat
1 72 0.000000 -56.000000 10.000000 -1.000000 0.000000 0.000000 0.000000 1.000000 0.000000 0.000000 0.000000 -1.000000 3039.dat
1 72 0.000000 -32.000000 30.000000 -1.000000 0.000000 0.000000 0.000000 1.000000 0.000000 0.000000 0.000000 -1.000000 44567.dat
1 72 0.000000 -32.000000 -30.000000 1.000000 0.000000 0.000000 0.000000 1.000000 0.000000 0.000000 0.000000 1.000000 44567.dat
1 72 0.000000 -82.000000 166.603000 0.000000 0.000000 1.000000 0.000000 1.000000 0.000000 -1.000000 0.000000 0.000000 44302.dat
1 72 30.000000 0.000000 -30.000000 0.000000 0.000000 -1.000000 0.000000 1.000000 0.000000 1.000000 0.000000 0.000000 3005.dat
1 72 30.000000 0.000000 30.000000 0.000000 0.000000 -1.000000 0.000000 1.000000 0.000000 1.000000 0.000000 0.000000 3005.dat
1 72 -30.000000 0.000000 30.000000 0.000000 0.000000 -1.000000 0.000000 1.000000 0.000000 1.000000 0.000000 0.000000 3005.dat
1 72 -30.000000 0.000000 -30.000000 0.000000 0.000000 -1.000000 0.000000 1.000000 0.000000 1.000000 0.000000 0.000000 3005.dat
1 19 -30.000000 24.000000 -30.000000 1.000000 0.000000 0.000000 0.000000 1.000000 0.000000 0.000000 0.000000 1.000000 49668.dat
1 19 -30.000000 24.000000 30.000000 1.000000 0.000000 0.000000 0.000000 1.000000 0.000000 0.000000 0.000000 1.000000 49668.dat
1 19 30.000000 24.000000 30.000000 1.000000 0.000000 0.000000 0.000000 1.000000 0.000000 0.000000 0.000000 1.000000 49668.dat
1 19 30.000000 24.000000 -30.000000 1.000000 0.000000 0.000000 0.000000 1.000000 0.000000 0.000000 0.000000 1.000000 49668.dat
1 72 0.000000 -82.000000 -166.603000 0.000000 0.000000 -1.000000 0.000000 1.000000 0.000000 1.000000 0.000000 0.000000 44302.dat
1 72 0.000000 -74.000000 -176.603000 0.000000 0.000000 -1.000000 0.000000 1.000000 0.000000 1.000000 0.000000 0.000000 3623.dat
1 72 0.000000 -90.000000 -176.603000 0.000000 0.000000 -1.000000 0.000000 1.000000 0.000000 1.000000 0.000000 0.000000 3623.dat
1 71 0.000000 -82.000000 -196.603000 0.000000 0.000000 -1.000000 0.000000 1.000000 0.000000 1.000000 0.000000 0.000000 6141.dat
1 72 0.000000 -98.000000 -156.603000 0.000000 0.000000 -1.000000 0.000000 1.000000 0.000000 1.000000 0.000000 0.000000 3024.dat
1 36 0.000000 -98.000000 -176.603000 0.000000 0.000000 -1.000000 0.000000 1.000000 0.000000 1.000000 0.000000 0.000000 3024.dat
1 72 0.000000 -106.000000 -166.603000 0.000000 0.000000 -1.000000 0.000000 1.000000 0.000000 1.000000 0.000000 0.000000 3023.dat
1 72 0.000000 -46.732000 74.981000 0.000000 0.000000 1.000000 0.500000 0.866000 0.000000 -0.866000 0.500000 0.000000 44302.dat
1 72 0.000000 -66.731990 109.621000 0.000000 0.000000 -1.000000 -0.500000 0.866000 0.000000 0.866000 0.500000 0.000000 44301.dat
1 72 0.000000 -63.660000 88.300990 0.000000 0.000000 -1.000000 -0.500000 0.866000 0.000000 0.866000 0.500000 0.000000 3710.dat
1 72 0.000000 -46.732000 -74.981000 0.000000 0.000000 -1.000000 0.500000 0.866000 0.000000 0.866000 -0.500000 0.000000 44302.dat
1 72 0.000000 -66.731990 -109.621000 0.000000 0.000000 1.000000 -0.500000 0.866000 0.000000 -0.866000 -0.500000 0.000000 44301.dat
1 72 0.000000 -63.660000 -88.300990 0.000000 0.000000 1.000000 -0.500000 0.866000 0.000000 -0.866000 -0.500000 0.000000 3710.dat
