0 7268-1-Spider.ldr
0 Name: 7268-1 - Spider
0 Author: Merlijn Wissink [legolijntje]
0 Theme: Creatures
0 CustomBrick

1 0 0.000000 0.000000 0.000000 -1.000000 0.000000 0.000000 0.000000 1.000000 0.000000 0.000000 0.000000 -1.000000 3031.dat
1 72 0.000000 -8.000000 30.000000 -1.000000 0.000000 0.000000 0.000000 1.000000 0.000000 0.000000 0.000000 -1.000000 44567.dat
1 4 -37.071000 -8.000000 -37.071000 -0.707000 0.000000 0.707000 0.000000 1.000000 0.000000 -0.707000 0.000000 -0.707000 44302.dat
1 4 37.071000 -8.000000 -37.071000 0.707000 0.000000 0.707000 0.000000 1.000000 0.000000 -0.707000 0.000000 0.707000 44302.dat
1 4 -38.660000 -8.000000 15.000000 -0.866000 0.000000 -0.500000 0.000000 1.000000 0.000000 0.500000 0.000000 -0.866000 44302.dat
1 4 39.239000 -8.000000 13.827000 0.924000 0.000000 -0.383000 0.000000 1.000000 0.000000 0.383000 0.000000 0.924000 44302.dat
1 0 20.000000 -16.000000 0.000000 0.000000 0.000000 1.000000 0.000000 1.000000 0.000000 -1.000000 0.000000 0.000000 3020.dat
1 0 -20.000000 -16.000000 0.000000 0.000000 0.000000 1.000000 0.000000 1.000000 0.000000 -1.000000 0.000000 0.000000 3020.dat
1 25 0.000000 -24.000000 30.000000 1.000000 0.000000 0.000000 0.000000 1.000000 0.000000 0.000000 0.000000 1.000000 3023.dat
1 71 0.000000 -24.000000 0.000000 1.000000 0.000000 0.000000 0.000000 1.000000 0.000000 0.000000 0.000000 1.000000 3022.dat
1 71 0.000000 -24.000000 -30.000000 1.000000 0.000000 0.000000 0.000000 1.000000 0.000000 0.000000 0.000000 1.000000 2540.dat
1 25 30.000000 -24.000000 20.000000 0.000000 0.000000 -1.000000 0.000000 1.000000 0.000000 1.000000 0.000000 0.000000 3023.dat
1 25 -30.000000 -24.000000 20.000000 0.000000 0.000000 -1.000000 0.000000 1.000000 0.000000 1.000000 0.000000 0.000000 3023.dat
1 4 40.000000 -24.000000 -10.000000 1.000000 0.000000 0.000000 0.000000 1.000000 0.000000 0.000000 0.000000 1.000000 44302.dat
1 4 -40.000000 -24.000000 -10.000000 -1.000000 0.000000 0.000000 0.000000 1.000000 0.000000 0.000000 0.000000 -1.000000 44302.dat
1 71 -30.000000 -24.000000 -30.000000 -0.707000 0.000000 -0.707000 0.000000 1.000000 0.000000 0.707000 0.000000 -0.707000 4592.dat
1 0 -30.000000 -24.000000 -30.000000 -0.707000 0.416000 -0.572000 0.000000 0.809000 0.588000 0.707000 0.416000 -0.572000 4593.dat
1 71 30.000000 -24.000000 -30.000000 -0.707000 0.000000 0.707000 0.000000 1.000000 0.000000 -0.707000 0.000000 -0.707000 4592.dat
1 0 30.000000 -24.000000 -30.000000 -0.707000 -0.416000 0.572000 0.000000 0.809000 0.588000 -0.707000 0.416000 -0.572000 4593.dat
1 4 20.000000 -32.000000 0.000000 1.000000 0.000000 0.000000 0.000000 1.000000 0.000000 0.000000 0.000000 1.000000 41770.dat
1 4 -20.000000 -32.000000 0.000000 1.000000 0.000000 0.000000 0.000000 1.000000 0.000000 0.000000 0.000000 1.000000 41769.dat
1 0 0.000000 -40.000000 0.000000 1.000000 0.000000 0.000000 0.000000 1.000000 0.000000 0.000000 0.000000 1.000000 3022.dat
1 0 -86.731990 2.981000 -10.000000 0.500000 0.866000 0.000000 -0.866000 0.500000 0.000000 0.000000 0.000000 1.000000 44301.dat
1 0 -77.517000 6.805000 -77.517000 0.618000 0.343000 -0.707000 -0.485000 0.874000 0.000000 0.618000 0.343000 0.707000 44301.dat
1 0 -88.006000 7.268000 43.491000 0.750000 0.433000 0.500000 -0.500000 0.866000 0.000000 -0.433000 -0.250000 0.866000 44301.dat
1 0 86.731990 2.981000 -10.000000 -0.500000 -0.866000 0.000000 -0.866000 0.500000 0.000000 0.000000 0.000000 -1.000000 44301.dat
1 0 91.883010 7.268000 35.648000 -0.800000 -0.462000 0.383000 -0.500000 0.866000 0.000000 -0.332000 -0.191000 -0.924000 44301.dat
1 0 77.359000 7.268000 -77.359000 -0.612000 -0.354000 -0.707000 -0.500000 0.866000 0.000000 0.612000 0.354000 -0.707000 44301.dat
1 72 0.000000 -22.732000 74.981000 0.000000 0.000000 1.000000 0.500000 0.866000 0.000000 -0.866000 0.500000 0.000000 44302.dat
1 4 0.000000 -29.660000 70.981000 0.000000 0.000000 1.000000 0.500000 0.866000 0.000000 -0.866000 0.500000 0.000000 3023.dat
1 0 0.000000 -36.588000 66.981000 1.000000 0.000000 0.000000 0.000000 0.866000 -0.500000 0.000000 0.500000 0.866000 3021.dat
1 4 0.000000 -48.516000 71.641000 0.000000 0.000000 -1.000000 -0.500000 0.866000 0.000000 0.866000 0.500000 0.000000 3623.dat
1 25 20.000000 -43.516000 62.981000 0.000000 0.000000 -1.000000 -0.500000 0.866000 0.000000 0.866000 0.500000 0.000000 3023.dat
1 25 -20.000000 -43.516000 62.981000 0.000000 0.000000 -1.000000 -0.500000 0.866000 0.000000 0.866000 0.500000 0.000000 3023.dat
