0 7269-1-Scorpion.ldr
0 Name: 7269-1 - Scorpion
0 Author: Merlijn Wissink [legolijntje]
0 Theme: Creatures
0 CustomBrick

1 0 0.000000 0.000000 0.000000 1.000000 0.000000 0.000000 0.000000 1.000000 0.000000 0.000000 0.000000 1.000000 3031.dat
1 71 0.000000 -8.000000 0.000000 1.000000 0.000000 0.000000 0.000000 1.000000 0.000000 0.000000 0.000000 1.000000 3022.dat
1 0 37.071000 -8.000000 37.071000 0.707000 0.000000 -0.707000 0.000000 1.000000 0.000000 0.707000 0.000000 0.707000 44302.dat
1 0 -37.071000 -8.000000 37.071000 -0.707000 0.000000 -0.707000 0.000000 1.000000 0.000000 0.707000 0.000000 -0.707000 44302.dat
1 0 -37.071000 -8.000000 -37.071000 -0.707000 0.000000 0.707000 0.000000 1.000000 0.000000 -0.707000 0.000000 -0.707000 44302.dat
1 0 37.071000 -8.000000 -37.071000 0.707000 0.000000 0.707000 0.000000 1.000000 0.000000 -0.707000 0.000000 0.707000 44302.dat
1 0 0.000000 -16.000000 -20.000000 1.000000 0.000000 0.000000 0.000000 1.000000 0.000000 0.000000 0.000000 1.000000 3020.dat
1 0 0.000000 -16.000000 20.000000 1.000000 0.000000 0.000000 0.000000 1.000000 0.000000 0.000000 0.000000 1.000000 3020.dat
1 71 0.000000 -24.000000 0.000000 1.000000 0.000000 0.000000 0.000000 1.000000 0.000000 0.000000 0.000000 1.000000 3022.dat
1 0 -10.000000 -24.000000 -40.000000 0.000000 0.000000 1.000000 0.000000 1.000000 0.000000 -1.000000 0.000000 0.000000 44301.dat
1 0 10.000000 -24.000000 -40.000000 0.000000 0.000000 1.000000 0.000000 1.000000 0.000000 -1.000000 0.000000 0.000000 44301.dat
1 72 0.000000 -24.000000 30.000000 -1.000000 0.000000 0.000000 0.000000 1.000000 0.000000 0.000000 0.000000 -1.000000 44567.dat
1 0 40.000000 -24.000000 10.000000 1.000000 0.000000 0.000000 0.000000 1.000000 0.000000 0.000000 0.000000 1.000000 44302.dat
1 0 -40.000000 -24.000000 10.000000 -1.000000 0.000000 0.000000 0.000000 1.000000 0.000000 0.000000 0.000000 -1.000000 44302.dat
1 25 30.000000 -24.000000 -20.000000 0.000000 0.000000 -1.000000 0.000000 1.000000 0.000000 1.000000 0.000000 0.000000 3023.dat
1 25 -30.000000 -24.000000 -20.000000 0.000000 0.000000 -1.000000 0.000000 1.000000 0.000000 1.000000 0.000000 0.000000 3023.dat
1 25 0.000000 -32.000000 -30.000000 1.000000 0.000000 0.000000 0.000000 1.000000 0.000000 0.000000 0.000000 1.000000 3710.dat
1 36 -10.000000 -32.000000 -50.000000 1.000000 0.000000 0.000000 0.000000 1.000000 0.000000 0.000000 0.000000 1.000000 3024.dat
1 36 10.000000 -32.000000 -50.000000 1.000000 0.000000 0.000000 0.000000 1.000000 0.000000 0.000000 0.000000 1.000000 3024.dat
1 25 20.000000 -32.000000 10.000000 -1.000000 0.000000 0.000000 0.000000 1.000000 0.000000 0.000000 0.000000 -1.000000 43722.dat
1 25 -20.000000 -32.000000 10.000000 -1.000000 0.000000 0.000000 0.000000 1.000000 0.000000 0.000000 0.000000 -1.000000 43723.dat
1 25 -10.000000 -40.000000 -40.000000 0.000000 0.000000 -1.000000 0.000000 1.000000 0.000000 1.000000 0.000000 0.000000 3023.dat
1 25 10.000000 -40.000000 -40.000000 0.000000 0.000000 -1.000000 0.000000 1.000000 0.000000 1.000000 0.000000 0.000000 3023.dat
1 25 0.000000 -48.000000 -30.000000 1.000000 0.000000 0.000000 0.000000 1.000000 0.000000 0.000000 0.000000 1.000000 3023.dat
1 25 0.000000 -32.000000 0.000000 -1.000000 0.000000 0.000000 0.000000 1.000000 0.000000 0.000000 0.000000 -1.000000 30602.dat
1 0 77.363000 7.268000 -77.363000 -0.612000 -0.354000 -0.707000 -0.500000 0.866000 0.000000 0.612000 0.354000 -0.707000 44301.dat
1 0 77.363000 7.268000 77.363000 -0.612000 -0.354000 0.707000 -0.500000 0.866000 0.000000 -0.612000 -0.354000 -0.707000 44301.dat
1 0 86.731990 2.981000 10.000000 -0.500000 -0.866000 0.000000 -0.866000 0.500000 0.000000 0.000000 0.000000 -1.000000 44301.dat
1 0 -77.363000 7.268000 -77.363000 0.612000 0.354000 -0.707000 -0.500000 0.866000 0.000000 0.612000 0.354000 0.707000 44301.dat
1 0 -77.363000 7.268000 77.363000 0.612000 0.354000 0.707000 -0.500000 0.866000 0.000000 -0.612000 -0.354000 0.707000 44301.dat
1 0 -86.731990 2.981000 10.000000 0.500000 0.866000 0.000000 -0.866000 0.500000 0.000000 0.000000 0.000000 1.000000 44301.dat
1 72 0.000000 -31.696000 78.460000 0.000000 0.000000 1.000000 0.259000 0.966000 0.000000 -0.966000 0.259000 0.000000 44302.dat
1 72 0.000000 -39.424000 76.390000 0.000000 0.000000 -1.000000 -0.259000 0.966000 0.000000 0.966000 0.259000 0.000000 44301.dat
1 72 0.000000 -67.884000 125.684000 0.000000 0.000000 1.000000 0.707000 0.707000 0.000000 -0.707000 0.707000 0.000000 44302.dat
1 72 0.000000 -73.541000 120.027000 0.000000 0.000000 -1.000000 -0.707000 0.707000 0.000000 0.707000 0.707000 0.000000 44301.dat
1 72 0.000000 -122.835000 148.487000 0.000000 0.000000 1.000000 0.966000 0.259000 0.000000 -0.259000 0.966000 0.000000 44302.dat
1 25 0.000000 -119.388000 122.717000 -1.000000 0.000000 0.000000 0.000000 0.259000 0.966000 0.000000 0.966000 -0.259000 3040b.dat
