0 20015-Alligator.ldr
0 Name: 20015 - Alligator
0 Author: Ken Drew [Ken]
0 Theme: Creator
0 CustomBrick

1 19 0.000000 0.000000 0.000000 0.000000 0.000000 1.000000 0.000000 1.000000 0.000000 -1.000000 0.000000 0.000000 3020.dat
1 70 20.000000 -8.000000 40.000000 -1.000000 0.000000 0.000000 0.000000 1.000000 0.000000 0.000000 0.000000 -1.000000 41769.dat
1 70 -20.000000 -8.000000 40.000000 -1.000000 0.000000 0.000000 0.000000 1.000000 0.000000 0.000000 0.000000 -1.000000 41770.dat
1 70 -20.000000 -8.000000 -40.000000 1.000000 0.000000 0.000000 0.000000 1.000000 0.000000 0.000000 0.000000 1.000000 41769.dat
1 70 20.000000 -8.000000 -40.000000 1.000000 0.000000 0.000000 0.000000 1.000000 0.000000 0.000000 0.000000 1.000000 41770.dat
1 19 0.000000 0.000000 -50.000000 -1.000000 0.000000 0.000000 0.000000 1.000000 0.000000 0.000000 0.000000 -1.000000 3666.dat
1 19 0.000000 0.000000 50.000000 -1.000000 0.000000 0.000000 0.000000 1.000000 0.000000 0.000000 0.000000 -1.000000 3666.dat
1 2 64.000000 -8.000000 64.000000 -0.707107 0.000000 0.707107 0.000000 1.000000 0.000000 -0.707107 0.000000 -0.707107 3623.dat
1 2 -63.855850 -8.000000 -63.713740 0.707106 0.000000 -0.707106 0.000000 1.000000 0.000000 0.707106 0.000000 0.707106 3623.dat
1 2 64.144130 -8.000000 -63.713740 -0.707106 0.000000 -0.707106 0.000000 1.000000 0.000000 0.707106 0.000000 -0.707106 3623.dat
1 2 -64.000000 -8.000000 64.000000 0.707106 0.000000 0.707106 0.000000 1.000000 0.000000 -0.707106 0.000000 0.707106 3623.dat
1 7 -78.000000 0.000000 78.000000 -0.965925 0.000000 0.258819 0.000000 1.000000 0.000000 -0.258819 0.000000 -0.965925 4085a.dat
1 7 78.000000 0.000000 -78.000000 0.965925 0.000000 -0.258819 0.000000 1.000000 0.000000 0.258819 0.000000 0.965925 4085a.dat
1 7 78.000000 0.000000 78.000000 -0.965925 0.000000 -0.258819 0.000000 1.000000 0.000000 0.258819 0.000000 -0.965925 4085a.dat
1 7 -78.000000 0.000000 -78.000000 0.965925 0.000000 0.258819 0.000000 1.000000 0.000000 -0.258819 0.000000 0.965925 4085a.dat
1 2 0.000000 -16.000000 -50.000000 -1.000000 0.000000 0.000000 0.000000 1.000000 0.000000 0.000000 0.000000 -1.000000 3666.dat
1 2 0.000000 -16.000000 -70.000000 1.000000 0.000000 0.000000 0.000000 1.000000 0.000000 0.000000 0.000000 1.000000 60470a.dat
1 2 0.000000 -16.000000 70.000000 -1.000000 0.000000 0.000000 0.000000 1.000000 0.000000 0.000000 0.000000 -1.000000 48336.dat
1 2 0.000000 -16.000000 50.000000 -1.000000 0.000000 0.000000 0.000000 1.000000 0.000000 0.000000 0.000000 -1.000000 3666.dat
1 2 0.000000 -40.000000 50.000000 -1.000000 0.000000 0.000000 0.000000 1.000000 0.000000 0.000000 0.000000 -1.000000 3039.dat
1 10 30.000000 -16.000000 50.000000 0.000000 0.000000 -1.000000 0.000000 1.000000 0.000000 1.000000 0.000000 0.000000 54200.dat
1 10 -30.000000 -16.000000 50.000000 0.000000 0.000000 1.000000 0.000000 1.000000 0.000000 -1.000000 0.000000 0.000000 54200.dat
1 2 0.000000 -32.000000 -30.000000 1.000000 0.000000 0.000000 0.000000 1.000000 0.000000 0.000000 0.000000 1.000000 3004.dat
1 2 0.000000 -32.000000 30.000000 1.000000 0.000000 0.000000 0.000000 1.000000 0.000000 0.000000 0.000000 1.000000 3004.dat
1 2 10.000000 -32.000000 0.000000 0.000000 0.000000 -1.000000 0.000000 1.000000 0.000000 1.000000 0.000000 0.000000 3039.dat
1 2 -10.000000 -32.000000 0.000000 0.000000 0.000000 1.000000 0.000000 1.000000 0.000000 -1.000000 0.000000 0.000000 3039.dat
1 2 0.000000 -40.000000 0.000000 0.000000 0.000000 1.000000 0.000000 1.000000 0.000000 -1.000000 0.000000 0.000000 3020.dat
1 2 0.000000 -40.000000 -50.000000 1.000000 0.000000 0.000000 0.000000 1.000000 0.000000 0.000000 0.000000 1.000000 3004.dat
1 10 30.000000 -16.000000 -50.000000 0.000000 0.000000 -1.000000 0.000000 1.000000 0.000000 1.000000 0.000000 0.000000 54200.dat
1 10 -30.000000 -16.000000 -50.000000 0.000000 0.000000 1.000000 0.000000 1.000000 0.000000 -1.000000 0.000000 0.000000 54200.dat
1 2 0.000000 -24.000000 -70.000000 -1.000000 0.000000 0.000000 0.000000 1.000000 0.000000 0.000000 0.000000 -1.000000 3023.dat
1 2 0.000000 -32.000000 -70.000000 -1.000000 0.000000 0.000000 0.000000 1.000000 0.000000 0.000000 0.000000 -1.000000 3023.dat
1 2 0.000000 -40.000000 -70.000000 1.000000 0.000000 0.000000 0.000000 1.000000 0.000000 0.000000 0.000000 1.000000 48336.dat
1 2 0.000000 -48.000000 -40.000000 0.000000 0.000000 1.000000 0.000000 1.000000 0.000000 -1.000000 0.000000 0.000000 3020.dat
1 10 10.000000 -40.000000 30.000000 1.000000 0.000000 0.000000 0.000000 1.000000 0.000000 0.000000 0.000000 1.000000 54200.dat
1 10 -10.000000 -40.000000 10.000000 1.000000 0.000000 0.000000 0.000000 1.000000 0.000000 0.000000 0.000000 1.000000 54200.dat
1 10 10.000000 -48.000000 -10.000000 1.000000 0.000000 0.000000 0.000000 1.000000 0.000000 0.000000 0.000000 1.000000 54200.dat
1 10 10.000000 -48.000000 -50.000000 1.000000 0.000000 0.000000 0.000000 1.000000 0.000000 0.000000 0.000000 1.000000 54200.dat
1 10 -10.000000 -48.000000 -30.000000 1.000000 0.000000 0.000000 0.000000 1.000000 0.000000 0.000000 0.000000 1.000000 54200.dat
1 19 0.000000 -8.000000 140.000000 0.000000 0.000000 1.000000 0.000000 1.000000 0.000000 -1.000000 0.000000 0.000000 3020.dat
1 19 0.000000 -8.000000 190.000000 -1.000000 0.000000 0.000000 0.000000 1.000000 0.000000 0.000000 0.000000 -1.000000 3023.dat
1 2 -10.000000 -16.000000 180.000000 0.000000 0.000000 -1.000000 0.000000 1.000000 0.000000 1.000000 0.000000 0.000000 3023.dat
1 2 0.000000 -16.000000 140.000000 0.000000 0.000000 -1.000000 0.000000 1.000000 0.000000 1.000000 0.000000 0.000000 3022.dat
1 2 0.000000 -16.000000 110.000000 1.000000 0.000000 0.000000 0.000000 1.000000 0.000000 0.000000 0.000000 1.000000 60470a.dat
1 7 10.000000 -16.000000 180.000000 0.000000 0.000000 -1.000000 0.000000 1.000000 0.000000 1.000000 0.000000 0.000000 63868.dat
1 2 0.000000 -24.000000 140.000000 0.000000 0.000000 1.000000 0.000000 1.000000 0.000000 -1.000000 0.000000 0.000000 3020.dat
1 2 0.000000 -24.000000 190.000000 1.000000 0.000000 0.000000 0.000000 1.000000 0.000000 0.000000 0.000000 1.000000 3023.dat
1 10 -10.000000 -24.000000 110.000000 1.000000 0.000000 0.000000 0.000000 1.000000 0.000000 0.000000 0.000000 1.000000 54200.dat
1 10 10.000000 -24.000000 130.000000 1.000000 0.000000 0.000000 0.000000 1.000000 0.000000 0.000000 0.000000 1.000000 54200.dat
1 10 -10.000000 -24.000000 150.000000 1.000000 0.000000 0.000000 0.000000 1.000000 0.000000 0.000000 0.000000 1.000000 54200.dat
1 19 10.000000 -31.000000 235.000000 0.000000 0.000000 1.000000 0.500000 0.866025 0.000000 -0.866025 0.500000 0.000000 60478.dat
1 2 10.000000 -43.000000 240.000000 0.000000 0.000000 1.000000 0.500000 0.866025 0.000000 -0.866025 0.500000 0.000000 3623.dat
1 19 0.000000 -8.000000 -140.000000 0.000000 0.000000 1.000000 0.000000 1.000000 0.000000 -1.000000 0.000000 0.000000 3020.dat
1 2 0.000000 -16.000000 -130.000000 -1.000000 0.000000 0.000000 0.000000 1.000000 0.000000 0.000000 0.000000 -1.000000 3023.dat
1 2 0.000000 -16.000000 -110.000000 -1.000000 0.000000 0.000000 0.000000 1.000000 0.000000 0.000000 0.000000 -1.000000 48336.dat
1 2 0.000000 -16.000000 -180.000000 0.000000 0.000000 1.000000 0.000000 1.000000 0.000000 -1.000000 0.000000 0.000000 3020.dat
1 4 0.000000 -24.000000 -120.000000 0.000000 0.000000 1.000000 0.000000 1.000000 0.000000 -1.000000 0.000000 0.000000 3068b.dat
1 4 10.000000 -24.000000 -150.000000 0.000000 0.000000 1.000000 0.000000 1.000000 0.000000 -1.000000 0.000000 0.000000 3070b.dat
1 4 -10.000000 -24.000000 -170.000000 0.000000 0.000000 1.000000 0.000000 1.000000 0.000000 -1.000000 0.000000 0.000000 3070b.dat
1 4 10.000000 -24.000000 -190.000000 0.000000 0.000000 1.000000 0.000000 1.000000 0.000000 -1.000000 0.000000 0.000000 3070b.dat
1 15 -10.000000 -16.000000 -150.000000 0.000000 0.000000 -1.000000 0.000000 1.000000 0.000000 1.000000 0.000000 0.000000 54200.dat
1 15 10.000000 -16.000000 -170.000000 -1.000000 0.000000 0.000000 0.000000 1.000000 0.000000 0.000000 0.000000 -1.000000 54200.dat
1 15 -10.000000 -16.000000 -190.000000 -1.000000 0.000000 0.000000 0.000000 1.000000 0.000000 0.000000 0.000000 -1.000000 54200.dat
1 15 -10.000000 -16.000000 -210.000000 -1.000000 0.000000 0.000000 0.000000 1.000000 0.000000 0.000000 0.000000 -1.000000 54200.dat
1 15 10.000000 -16.000000 -210.000000 0.000000 0.000000 1.000000 0.000000 1.000000 0.000000 -1.000000 0.000000 0.000000 54200.dat
1 2 0.000000 -61.519470 -157.365200 0.000000 0.000000 1.000000 -0.406737 0.913545 0.000000 -0.913545 -0.406737 0.000000 3795.dat
1 2 0.000000 -48.490980 -108.434100 -1.000000 0.000000 0.000000 0.000000 0.913545 -0.406737 0.000000 -0.406737 -0.913545 60470a.dat
1 2 30.000000 -56.625720 -126.705000 0.000000 0.000000 -1.000000 0.406737 0.913545 0.000000 0.913545 -0.406737 0.000000 2420.dat
1 2 -30.000000 -56.625720 -126.705000 1.000000 0.000000 0.000000 0.000000 0.913545 0.406737 0.000000 -0.406737 0.913545 2420.dat
1 19 0.000000 -64.760460 -144.975900 1.000000 0.000000 0.000000 0.000000 0.913545 0.406737 0.000000 -0.406737 0.913545 3023.dat
1 288 0.000000 -76.962570 -172.382200 1.000000 0.000000 0.000000 0.000000 0.913545 0.406737 0.000000 -0.406737 0.913545 48183.dat
1 2 0.000000 -93.232050 -208.924000 1.000000 0.000000 0.000000 0.000000 0.913545 0.406737 0.000000 -0.406737 0.913545 3022.dat
1 2 0.000000 -104.607800 -214.805600 1.000000 0.000000 0.000000 0.000000 0.913545 0.406737 0.000000 -0.406737 0.913545 3023.dat
1 2 0.000000 -84.270930 -169.128300 0.000000 0.000000 1.000000 -0.406737 0.913545 0.000000 -0.913545 -0.406737 0.000000 3020.dat
1 14 -20.000000 -59.866710 -114.315600 0.000000 0.000000 1.000000 -0.406737 0.913545 0.000000 -0.913545 -0.406737 0.000000 4032a.dat
1 14 20.000000 -59.866710 -114.315600 0.000000 0.000000 1.000000 -0.406737 0.913545 0.000000 -0.913545 -0.406737 0.000000 4032a.dat
1 15 -10.000000 -74.547960 -206.296400 0.000000 0.000000 1.000000 -0.406737 0.913545 0.000000 -0.913545 -0.406737 0.000000 3024.dat
1 15 10.000000 -66.413220 -188.025500 0.000000 0.000000 1.000000 -0.406737 0.913545 0.000000 -0.913545 -0.406737 0.000000 3024.dat
1 15 -10.000000 -58.278480 -169.754600 0.000000 0.000000 1.000000 -0.406737 0.913545 0.000000 -0.913545 -0.406737 0.000000 3024.dat
1 15 10.000000 -50.143740 -151.483700 0.000000 0.000000 1.000000 -0.406737 0.913545 0.000000 -0.913545 -0.406737 0.000000 3024.dat
1 2 0.000000 -75.309810 -129.332600 0.000000 0.000000 1.000000 -0.406737 0.913545 0.000000 -0.913545 -0.406737 0.000000 3020.dat
1 0 -30.000000 -71.242440 -120.197200 0.000000 0.000000 1.000000 -0.406737 0.913545 0.000000 -0.913545 -0.406737 0.000000 4073.dat
1 0 30.000000 -71.242440 -120.197200 0.000000 0.000000 1.000000 -0.406737 0.913545 0.000000 -0.913545 -0.406737 0.000000 4073.dat
1 2 10.000000 -70.416060 -98.672390 0.000000 0.000000 1.000000 -0.406737 0.913545 0.000000 -0.913545 -0.406737 0.000000 2420.dat
1 2 -10.000000 -70.416060 -98.672390 -1.000000 0.000000 0.000000 0.000000 0.913545 -0.406737 0.000000 -0.406737 -0.913545 2420.dat
1 10 -10.000000 -70.416060 -98.672390 1.000000 0.000000 0.000000 0.000000 0.913545 0.406737 0.000000 -0.406737 0.913545 54200.dat
1 10 10.000000 -104.607800 -214.805600 0.000000 0.000000 1.000000 -0.406737 0.913545 0.000000 -0.913545 -0.406737 0.000000 54200.dat
1 10 -10.000000 -104.607800 -214.805600 0.000000 0.000000 -1.000000 0.406737 0.913545 0.000000 0.913545 -0.406737 0.000000 54200.dat
1 10 10.000000 -70.416060 -98.672390 1.000000 0.000000 0.000000 0.000000 0.913545 0.406737 0.000000 -0.406737 0.913545 54200.dat
