0 4349-2-Bird.ldr
0 Name: 4349-2 - Bird
0 Author: Ken Drew [Ken]
0 Theme: Creator
0 CustomBrick

1 70 0.000000 0.000000 0.000000 0.000000 0.000000 1.000000 0.000000 1.000000 0.000000 -1.000000 0.000000 0.000000 3021.dat
1 0 0.000000 -8.000000 10.000000 0.000000 0.000000 1.000000 0.000000 1.000000 0.000000 -1.000000 0.000000 0.000000 3022.dat
1 0 0.000000 -8.000000 -20.000000 1.000000 0.000000 0.000000 0.000000 1.000000 0.000000 0.000000 0.000000 1.000000 3839b.dat
1 4 -10.000000 -32.000000 0.000000 -1.000000 0.000000 0.000000 0.000000 1.000000 0.000000 0.000000 0.000000 -1.000000 4286.dat
1 4 10.000000 -32.000000 0.000000 -1.000000 0.000000 0.000000 0.000000 1.000000 0.000000 0.000000 0.000000 -1.000000 4286.dat
1 4 0.000000 -32.000000 -20.000000 1.000000 0.000000 0.000000 0.000000 1.000000 0.000000 0.000000 0.000000 1.000000 3660.dat
1 4 -20.000000 -40.000000 -30.000000 0.000000 0.000000 1.000000 0.000000 1.000000 0.000000 -1.000000 0.000000 0.000000 2429.dat
1 4 -20.000000 -40.000000 -30.000000 -0.500000 0.000000 -0.866025 0.000000 1.000000 0.000000 0.866025 0.000000 -0.500000 2430.dat
1 4 -57.000000 -48.000000 -5.000000 -0.866025 0.000000 0.500000 0.000000 1.000000 0.000000 -0.500000 0.000000 -0.866025 41770.dat
1 25 -62.000000 -56.000000 4.000000 -0.866025 0.000000 0.500000 0.000000 1.000000 0.000000 -0.500000 0.000000 -0.866025 43723.dat
1 4 20.000000 -40.000000 -30.000000 -0.500000 0.000000 0.866025 0.000000 1.000000 0.000000 -0.866025 0.000000 -0.500000 2429.dat
1 4 20.000000 -40.000000 -30.000000 0.000000 0.000000 -0.999999 0.000000 1.000000 0.000000 0.999999 0.000000 0.000000 2430.dat
1 4 57.320500 -48.000000 -5.359000 -0.866025 0.000000 -0.500000 0.000000 1.000000 0.000000 0.500000 0.000000 -0.866025 41769.dat
1 25 62.320500 -56.000000 3.301250 -0.866025 0.000000 -0.500000 0.000000 1.000000 0.000000 0.500000 0.000000 -0.866025 43722.dat
1 70 0.000000 -48.000000 -20.000000 0.000000 0.000000 1.000000 0.000000 1.000000 0.000000 -1.000000 0.000000 0.000000 3021.dat
1 25 0.000000 -56.000000 -40.000000 1.000000 0.000000 0.000000 0.000000 1.000000 0.000000 0.000000 0.000000 1.000000 44567.dat
1 4 0.000000 -40.375650 -87.140300 0.000000 0.000000 -1.000000 -0.500000 0.866025 0.000000 0.866025 0.500000 0.000000 44302.dat
1 15 0.000000 -52.303850 -82.480040 0.000000 0.000000 -1.000000 -0.500000 0.866025 0.000000 0.866025 0.500000 0.000000 4073.dat
1 15 0.000000 -42.303850 -99.800540 0.000000 0.000000 -1.000000 -0.500000 0.866025 0.000000 0.866025 0.500000 0.000000 4073.dat
1 4 0.000000 -83.088460 -77.159540 1.000000 0.000000 0.000000 0.000000 0.866025 -0.500000 0.000000 0.500000 0.866025 4286.dat
1 4 0.000000 -72.000000 -20.000000 -1.000000 0.000000 0.000000 0.000000 1.000000 0.000000 0.000000 0.000000 -1.000000 3039.dat
1 4 -10.000000 -80.000000 -20.000000 1.000000 0.000000 0.000000 0.000000 1.000000 0.000000 0.000000 0.000000 1.000000 4081b.dat
1 4 10.000000 -80.000000 -20.000000 1.000000 0.000000 0.000000 0.000000 1.000000 0.000000 0.000000 0.000000 1.000000 4081b.dat
1 25 0.000000 -88.000000 -20.000000 1.000000 0.000000 0.000000 0.000000 1.000000 0.000000 0.000000 0.000000 1.000000 3023.dat
1 25 22.000000 -78.000000 -40.000000 0.000000 -1.000000 0.000000 1.000000 0.000000 0.000000 0.000000 0.000000 1.000000 4073.dat
1 25 -22.000000 -78.000000 -40.000000 0.000000 1.000000 0.000000 -1.000000 0.000000 0.000000 0.000000 0.000000 1.000000 4073.dat
1 15 -28.000000 -78.000000 -40.000000 0.000000 1.000000 0.000000 -1.000000 0.000000 0.000000 0.000000 0.000000 1.000000 4740.dat
1 15 28.000000 -78.000000 -40.000000 0.000000 -1.000000 0.000000 1.000000 0.000000 0.000000 0.000000 0.000000 1.000000 4740.dat
1 0 -36.000000 -78.000000 -40.000000 0.000000 1.000000 0.000000 -1.000000 0.000000 0.000000 0.000000 0.000000 1.000000 4073.dat
1 0 36.000000 -78.000000 -40.000000 0.000000 -0.999999 0.000000 0.999999 0.000000 0.000000 0.000000 0.000000 1.000000 4073.dat
