0 4349-1-DragonFly.ldr
0 Name: 4349-1 - Dragon Fly
0 Author: Ken Drew [Ken]
0 Theme: Creator
0 CustomBrick

1 70 0.000000 0.000000 0.000000 0.000000 0.000000 1.000000 0.000000 1.000000 0.000000 -1.000000 0.000000 0.000000 3021.dat
1 0 0.000000 -8.000000 10.000000 0.000000 0.000000 1.000000 0.000000 1.000000 0.000000 -1.000000 0.000000 0.000000 3022.dat
1 0 0.000000 -8.000000 -20.000000 1.000000 0.000000 0.000000 0.000000 1.000000 0.000000 0.000000 0.000000 1.000000 3839b.dat
1 70 0.000000 -16.000000 0.000000 0.000000 0.000000 1.000000 0.000000 1.000000 0.000000 -1.000000 0.000000 0.000000 3021.dat
1 25 -10.000000 -24.000000 -10.000000 0.000000 0.000000 1.000000 0.000000 1.000000 0.000000 -1.000000 0.000000 0.000000 44567.dat
1 25 10.000000 -24.000000 -10.000000 0.000000 0.000000 -1.000000 0.000000 1.000000 0.000000 1.000000 0.000000 0.000000 44567.dat
1 25 0.000000 -24.000000 20.000000 -1.000000 0.000000 0.000000 0.000000 1.000000 0.000000 0.000000 0.000000 -1.000000 44567.dat
1 4 0.000000 -48.000000 0.000000 -1.000000 0.000000 0.000000 0.000000 1.000000 0.000000 0.000000 0.000000 -1.000000 3039.dat
1 4 -10.000000 -32.000000 -20.000000 1.000000 0.000000 0.000000 0.000000 1.000000 0.000000 0.000000 0.000000 1.000000 4081b.dat
1 4 10.000000 -32.000000 -20.000000 1.000000 0.000000 0.000000 0.000000 1.000000 0.000000 0.000000 0.000000 1.000000 4081b.dat
1 70 0.000000 -42.000000 86.000000 0.000000 0.000000 1.000000 0.500000 0.866025 0.000000 -0.866025 0.500000 0.000000 3710.dat
1 4 0.000000 -38.928200 64.679500 0.000000 0.000000 1.000000 0.500000 0.866025 0.000000 -0.866025 0.500000 0.000000 44302.dat
1 4 0.000000 -58.928200 99.320500 0.000000 0.000000 -1.000000 -0.500000 0.866025 0.000000 0.866025 0.500000 0.000000 44302.dat
1 15 0.000000 -70.856400 103.980800 0.000000 0.000000 1.000000 0.500000 0.866025 0.000000 -0.866025 0.500000 0.000000 4073.dat
1 25 0.000000 -40.000000 -20.000000 1.000000 0.000000 0.000000 0.000000 1.000000 0.000000 0.000000 0.000000 1.000000 3023.dat
1 4 -55.000000 -39.000000 -10.000000 0.866025 -0.500000 0.000000 0.500000 0.866025 0.000000 0.000000 0.000000 1.000000 44302.dat
1 4 -68.320500 -55.928200 -20.000000 0.000000 -0.500000 -0.866024 0.000000 0.866025 -0.500000 0.999999 0.000000 0.000000 41769.dat
1 25 -90.301250 -77.856400 -20.000000 0.000000 -0.500000 -0.866024 0.000000 0.866025 -0.500000 0.999999 0.000000 0.000000 43722.dat
1 4 10.000000 -48.000000 -20.000000 1.000000 0.000000 0.000000 0.000000 1.000000 0.000000 0.000000 0.000000 1.000000 4592.dat
1 4 -10.000000 -48.000000 -20.000000 1.000000 0.000000 0.000000 0.000000 1.000000 0.000000 0.000000 0.000000 1.000000 4592.dat
1 0 10.000000 -48.000000 -20.000000 1.000000 0.000000 0.000000 0.000000 0.707107 0.707107 0.000000 -0.707107 0.707107 4593.dat
1 0 -10.000000 -48.000000 -20.000000 1.000000 0.000000 0.000000 0.000000 0.707107 0.707107 0.000000 -0.707107 0.707107 4593.dat
1 4 55.000000 -39.000000 -10.000000 -0.866025 0.500000 0.000000 0.500000 0.866025 0.000000 0.000000 0.000000 -1.000000 44302.dat
1 4 68.320500 -55.928200 -20.000000 0.000000 0.500000 0.866025 0.000000 0.866025 -0.500000 -1.000000 0.000000 0.000000 41770.dat
1 25 90.301250 -77.856400 -20.000000 0.000000 0.500000 0.866025 0.000000 0.866025 -0.500000 -1.000000 0.000000 0.000000 43723.dat
1 25 -22.000000 -30.000000 -40.000000 0.000000 1.000000 0.000000 -1.000000 0.000000 0.000000 0.000000 0.000000 1.000000 4073.dat
1 15 -30.000000 -30.000000 -40.000000 0.000000 1.000000 0.000000 -1.000000 0.000000 0.000000 0.000000 0.000000 1.000000 4740.dat
1 0 -38.000000 -30.000000 -40.000000 0.000000 1.000000 0.000000 -1.000000 0.000000 0.000000 0.000000 0.000000 1.000000 4073.dat
1 25 22.000000 -30.000000 -40.000000 0.000000 -1.000000 0.000000 1.000000 0.000000 0.000000 0.000000 0.000000 1.000000 4073.dat
1 15 30.000000 -30.000000 -40.000000 0.000000 -1.000000 0.000000 1.000000 0.000000 0.000000 0.000000 0.000000 1.000000 4740.dat
1 0 38.000000 -30.000000 -40.000000 0.000000 -1.000000 0.000000 1.000000 0.000000 0.000000 0.000000 0.000000 1.000000 4073.dat
