0 1192-0-HouseAndGarden.ldr
0 Name: 1192-0 - House and Garden
0 Author: Nenufar 
0 Theme: Unofficial
0 CustomBrick

1 10 50.000040 -104.000000 -170.000300 -1.000000 0.000000 0.000000 0.000000 1.000000 0.000000 0.000000 0.000000 -1.000000 2921.dat
1 71 0.000000 -8.000000 0.000000 1.000000 0.000000 0.000000 0.000000 1.000000 0.000000 0.000000 0.000000 1.000000 3028.dat
1 71 0.000000 -8.000000 -120.000000 1.000000 0.000000 0.000000 0.000000 1.000000 0.000000 0.000000 0.000000 1.000000 3028.dat
1 4 80.000000 -32.000000 50.000000 1.000000 0.000000 0.000000 0.000000 1.000000 0.000000 0.000000 0.000000 1.000000 3010.dat
1 4 -80.000000 -32.000000 50.000000 1.000000 0.000000 0.000000 0.000000 1.000000 0.000000 0.000000 0.000000 1.000000 3010.dat
1 4 -80.000000 -32.000000 -170.000000 1.000000 0.000000 0.000000 0.000000 1.000000 0.000000 0.000000 0.000000 1.000000 3010.dat
1 4 80.000000 -32.000000 -170.000000 1.000000 0.000000 0.000000 0.000000 1.000000 0.000000 0.000000 0.000000 1.000000 3010.dat
1 25 -70.000000 -56.000000 50.000000 1.000000 0.000000 0.000000 0.000000 1.000000 0.000000 0.000000 0.000000 1.000000 3622.dat
1 25 70.000000 -56.000000 50.000000 1.000000 0.000000 0.000000 0.000000 1.000000 0.000000 0.000000 0.000000 1.000000 3622.dat
1 25 -70.000000 -56.000000 -170.000000 1.000000 0.000000 0.000000 0.000000 1.000000 0.000000 0.000000 0.000000 1.000000 3622.dat
1 25 70.000000 -56.000000 -170.000000 1.000000 0.000000 0.000000 0.000000 1.000000 0.000000 0.000000 0.000000 1.000000 3622.dat
1 4 110.000000 -32.000000 -60.000000 0.000000 0.000000 -1.000000 0.000000 1.000000 0.000000 1.000000 0.000000 0.000000 6111.dat
1 4 -110.000000 -32.000000 -60.000000 0.000000 0.000000 -1.000000 0.000000 1.000000 0.000000 1.000000 0.000000 0.000000 6111.dat
1 25 -110.000000 -56.000000 -59.999980 0.000000 0.000000 -1.000000 0.000000 1.000000 0.000000 1.000000 0.000000 0.000000 6112.dat
1 25 110.000000 -56.000000 -59.999980 0.000000 0.000000 -1.000000 0.000000 1.000000 0.000000 1.000000 0.000000 0.000000 6112.dat
1 14 80.000000 -80.000000 50.000000 1.000000 0.000000 0.000000 0.000000 1.000000 0.000000 0.000000 0.000000 1.000000 3010.dat
1 14 80.000020 -80.000000 -170.000000 1.000000 0.000000 0.000000 0.000000 1.000000 0.000000 0.000000 0.000000 1.000000 3010.dat
1 10 70.000000 -104.000000 50.000000 1.000000 0.000000 0.000000 0.000000 1.000000 0.000000 0.000000 0.000000 1.000000 3622.dat
1 14 110.000000 -80.000000 -60.000010 0.000000 0.000000 -1.000000 0.000000 1.000000 0.000000 1.000000 0.000000 0.000000 6111.dat
1 10 110.000000 -104.000000 -60.000000 0.000000 0.000000 -1.000000 0.000000 1.000000 0.000000 1.000000 0.000000 0.000000 6112.dat
1 232 80.000000 -128.000000 50.000000 1.000000 0.000000 0.000000 0.000000 1.000000 0.000000 0.000000 0.000000 1.000000 3010.dat
1 232 80.000080 -128.000000 -170.000300 1.000001 0.000000 0.000000 0.000000 1.000000 0.000000 0.000000 0.000000 1.000001 3010.dat
1 1 70.000080 -152.000000 50.000020 1.000001 0.000000 0.000000 0.000000 1.000000 0.000000 0.000000 0.000000 1.000001 3622.dat
1 1 70.000080 -152.000000 -170.000300 1.000001 0.000000 0.000000 0.000000 1.000000 0.000000 0.000000 0.000000 1.000001 3622.dat
1 232 110.000100 -128.000000 -60.000120 0.000000 0.000000 -1.000001 0.000000 1.000000 0.000000 1.000001 0.000000 0.000000 6111.dat
1 1 110.000100 -152.000000 -60.000120 0.000000 0.000000 -1.000001 0.000000 1.000000 0.000000 1.000001 0.000000 0.000000 6112.dat
1 14 -80.000000 -80.000000 50.000020 1.000000 0.000000 0.000000 0.000000 1.000000 0.000000 0.000000 0.000000 1.000000 3010.dat
1 14 -80.000050 -80.000000 -170.000200 1.000001 0.000000 0.000000 0.000000 1.000000 0.000000 0.000000 0.000000 1.000001 3010.dat
1 10 -70.000020 -104.000000 50.000060 1.000001 0.000000 0.000000 0.000000 1.000000 0.000000 0.000000 0.000000 1.000001 3622.dat
1 10 -70.000020 -104.000000 -170.000200 1.000001 0.000000 0.000000 0.000000 1.000000 0.000000 0.000000 0.000000 1.000001 3622.dat
1 14 -110.000100 -80.000000 -60.000060 0.000000 0.000000 -1.000001 0.000000 1.000000 0.000000 1.000001 0.000000 0.000000 6111.dat
1 10 -110.000100 -104.000000 -60.000050 0.000000 0.000000 -1.000001 0.000000 1.000000 0.000000 1.000001 0.000000 0.000000 6112.dat
1 232 -80.000050 -128.000000 50.000030 1.000000 0.000000 0.000000 0.000000 1.000000 0.000000 0.000000 0.000000 1.000000 3010.dat
1 232 -80.000070 -128.000000 -170.000100 1.000000 0.000000 0.000000 0.000000 1.000000 0.000000 0.000000 0.000000 1.000000 3010.dat
1 1 -70.000060 -152.000000 50.000060 1.000000 0.000000 0.000000 0.000000 1.000000 0.000000 0.000000 0.000000 1.000000 3622.dat
1 1 -70.000060 -152.000000 -170.000100 1.000000 0.000000 0.000000 0.000000 1.000000 0.000000 0.000000 0.000000 1.000000 3622.dat
1 232 -110.000100 -128.000000 -60.000020 0.000000 0.000000 -1.000000 0.000000 1.000000 0.000000 1.000000 0.000000 0.000000 6111.dat
1 1 -110.000100 -152.000000 -60.000020 0.000000 0.000000 -1.000000 0.000000 1.000000 0.000000 1.000000 0.000000 0.000000 6112.dat
1 15 0.000000 -152.000000 -170.000000 -1.000000 0.000000 0.000000 0.000000 1.000000 0.000000 0.000000 0.000000 -1.000000 60596.dat
1 15 0.000000 -152.000000 50.000000 1.000000 0.000000 0.000000 0.000000 1.000000 0.000000 0.000000 0.000000 1.000000 60596.dat
1 70 0.000000 -8.000000 120.000000 1.000000 0.000000 0.000000 0.000000 1.000000 0.000000 0.000000 0.000000 1.000000 3028.dat
1 110 -110.000100 -176.000000 -59.999960 0.000000 0.000000 -1.000000 0.000000 1.000000 0.000000 1.000000 0.000000 0.000000 6111.dat
1 110 110.000100 -176.000000 -59.999990 0.000000 0.000000 -1.000000 0.000000 1.000000 0.000000 1.000000 0.000000 0.000000 6111.dat
1 110 -0.000060 -176.000000 -170.000100 1.000000 0.000000 0.000000 0.000000 1.000000 0.000000 0.000000 0.000000 1.000000 6112.dat
1 110 0.000000 -176.000000 50.000000 -1.000000 0.000000 0.000000 0.000000 1.000000 0.000000 0.000000 0.000000 -1.000000 6112.dat
1 15 -32.000000 -152.000000 -175.500000 0.000000 0.000000 1.000000 0.000000 1.000000 0.000000 -1.000000 0.000000 0.000000 60623.dat
1 15 32.000000 -152.000000 55.500000 -0.642788 0.000000 -0.766045 0.000000 1.000000 0.000000 0.766045 0.000000 -0.642788 60623.dat
1 4 -80.000000 -32.000000 -140.000000 1.000000 0.000000 0.000000 0.000000 1.000000 0.000000 0.000000 0.000000 1.000000 3941.dat
1 4 -80.000000 -32.000000 20.000000 1.000000 0.000000 0.000000 0.000000 1.000000 0.000000 0.000000 0.000000 1.000000 3941.dat
1 25 -80.000000 -56.000000 -140.000000 1.000000 0.000000 0.000000 0.000000 1.000000 0.000000 0.000000 0.000000 1.000000 3941.dat
1 25 -80.000000 -56.000000 20.000000 1.000000 0.000000 0.000000 0.000000 1.000000 0.000000 0.000000 0.000000 1.000000 3941.dat
1 14 -80.000000 -80.000000 -140.000000 1.000000 0.000000 0.000000 0.000000 1.000000 0.000000 0.000000 0.000000 1.000000 3941.dat
1 14 -80.000000 -80.000000 20.000000 1.000000 0.000000 0.000000 0.000000 1.000000 0.000000 0.000000 0.000000 1.000000 3941.dat
1 5 -80.000020 -88.000000 -60.000020 0.000000 0.000000 1.000000 0.000000 1.000000 0.000000 -1.000000 0.000000 0.000000 3832.dat
1 5 -42.999980 -84.000000 -233.500000 0.000000 1.000000 0.000000 -1.000000 0.000000 0.000000 0.000000 0.000000 1.000000 6141.dat
1 5 3.144820 -84.000000 107.001300 0.000000 -0.766045 -0.642788 1.000000 0.000000 0.000000 0.000000 -0.642788 0.766045 6141.dat
1 5 -13.708170 -84.000000 92.859920 0.000000 0.766045 -0.642788 -1.000000 0.000000 0.000000 0.000000 0.642788 0.766045 6141.dat
1 5 -20.999980 -84.000000 -233.500000 0.000000 -1.000000 0.000000 1.000000 0.000000 0.000000 0.000000 0.000000 1.000000 6141.dat
1 70 -110.000000 -32.000000 100.000000 0.000000 0.000000 1.000000 0.000000 1.000000 0.000000 -1.000000 0.000000 0.000000 30137.dat
1 70 110.000000 -32.000000 100.000000 0.000000 0.000000 1.000000 0.000000 1.000000 0.000000 -1.000000 0.000000 0.000000 30137.dat
1 70 -60.000000 -32.000000 170.000000 1.000000 0.000000 0.000000 0.000000 1.000000 0.000000 0.000000 0.000000 1.000000 30137.dat
1 70 60.000000 -32.000000 170.000000 1.000000 0.000000 0.000000 0.000000 1.000000 0.000000 0.000000 0.000000 1.000000 30137.dat
1 70 0.000000 -32.000000 170.000000 1.000000 0.000000 0.000000 0.000000 1.000000 0.000000 0.000000 0.000000 1.000000 30136.dat
1 70 -110.000000 -32.000000 160.000000 0.000000 0.000000 1.000000 0.000000 1.000000 0.000000 -1.000000 0.000000 0.000000 30136.dat
1 70 110.000000 -32.000000 160.000000 0.000000 0.000000 1.000000 0.000000 1.000000 0.000000 -1.000000 0.000000 0.000000 30136.dat
1 15 110.000000 -80.000000 120.000000 0.000000 0.000000 1.000000 0.000000 1.000000 0.000000 -1.000000 0.000000 0.000000 33303.dat
1 15 -110.000000 -80.000000 120.000000 0.000000 0.000000 1.000000 0.000000 1.000000 0.000000 -1.000000 0.000000 0.000000 33303.dat
1 15 -80.000000 -80.000000 170.000000 -1.000000 0.000000 0.000000 0.000000 1.000000 0.000000 0.000000 0.000000 -1.000000 33303.dat
1 15 0.000000 -80.000000 170.000000 -1.000000 0.000000 0.000000 0.000000 1.000000 0.000000 0.000000 0.000000 -1.000000 33303.dat
1 15 80.000000 -80.000000 170.000000 -1.000000 0.000000 0.000000 0.000000 1.000000 0.000000 0.000000 0.000000 -1.000000 33303.dat
1 15 110.000000 -56.000000 70.000010 1.000000 0.000000 0.000000 0.000000 1.000000 0.000000 0.000000 0.000000 1.000000 3005.dat
1 15 110.000000 -80.000000 70.000010 1.000000 0.000000 0.000000 0.000000 1.000000 0.000000 0.000000 0.000000 1.000000 3005.dat
1 15 -110.000000 -56.000000 70.000010 1.000000 0.000000 0.000000 0.000000 1.000000 0.000000 0.000000 0.000000 1.000000 3005.dat
1 15 -110.000000 -80.000000 70.000010 1.000000 0.000000 0.000000 0.000000 1.000000 0.000000 0.000000 0.000000 1.000000 3005.dat
1 4 80.000000 -56.000000 10.000000 0.000000 0.000000 1.000000 0.000000 1.000000 0.000000 -1.000000 0.000000 0.000000 4532.dat
1 15 63.000000 -52.000000 33.999980 -0.707107 0.000000 -0.707107 0.000000 1.000000 0.000000 0.707107 0.000000 -0.707107 4533.dat
1 70 80.000000 -32.000000 -60.000000 1.000000 0.000000 0.000000 0.000000 1.000000 0.000000 0.000000 0.000000 1.000000 3003.dat
1 15 70.000000 -56.000000 -70.000000 1.000000 0.000000 0.000000 0.000000 1.000000 0.000000 0.000000 0.000000 1.000000 59900.dat
1 4 70.000000 -64.000000 -70.000000 1.000000 0.000000 0.000000 0.000000 1.000000 0.000000 0.000000 0.000000 1.000000 4740p01.dat
1 10 80.000020 -104.000000 -170.000000 1.000000 0.000000 0.000000 0.000000 1.000000 0.000000 0.000000 0.000000 1.000000 3004.dat
1 14 70.000060 -84.000000 -148.000300 0.000000 0.000000 1.000000 -1.000000 0.000000 0.000000 0.000000 -1.000000 0.000000 61252.dat
1 25 70.000060 -84.000000 -124.000300 0.000000 0.000000 -1.000000 1.000000 0.000000 0.000000 0.000000 -1.000000 0.000000 59900.dat
1 71 -43.000220 -108.848100 -74.000320 -0.342021 0.000001 -0.939698 0.939698 0.000000 -0.342020 0.000000 -1.000002 -0.000001 3069bpb867.dat
1 15 -70.000010 -88.000000 -130.000000 0.000000 0.000000 -1.000000 0.000000 1.000000 0.000000 1.000000 0.000000 0.000000 18866.dat
1 4 -20.000000 -32.000000 -60.000000 1.000000 0.000000 0.000000 0.000000 1.000000 0.000000 0.000000 0.000000 1.000000 3003.dat
1 4 -20.000000 -40.000000 -60.000000 0.000000 0.000000 1.000000 0.000000 1.000000 0.000000 -1.000000 0.000000 0.000000 4079.dat
1 4 -90.000040 -112.000000 29.999990 1.000000 0.000000 0.000000 0.000000 1.000000 0.000000 0.000000 0.000000 1.000000 87087.dat
1 70 -90.000040 -102.000000 10.779990 0.000000 0.000000 -1.000000 -1.000000 0.000000 0.000000 0.000000 1.000000 0.000000 3852b.dat
1 4 -90.100410 -16.000000 69.899590 0.707107 0.000000 0.707107 0.000000 1.000000 0.000000 -0.707107 0.000000 0.707107 33291.dat
1 25 -89.899590 -16.000000 89.899590 1.000000 0.000000 0.000000 0.000000 1.000000 0.000000 0.000000 0.000000 1.000000 33291.dat
1 14 -89.899600 -16.000000 109.899600 0.707107 0.000000 -0.707107 0.000000 1.000000 0.000000 0.707107 0.000000 0.707107 33291.dat
1 232 -89.899600 -16.000000 129.899600 1.000000 0.000000 0.000000 0.000000 1.000000 0.000000 0.000000 0.000000 1.000000 33291.dat
1 110 -89.899590 -16.000000 149.899600 0.707107 0.000000 -0.707107 0.000000 1.000000 0.000000 0.707107 0.000000 0.707107 33291.dat
1 47 90.000000 -96.000000 30.000000 1.000000 0.000000 0.000000 0.000000 1.000000 0.000000 0.000000 0.000000 1.000000 2343.dat
1 82 90.000000 -96.000000 10.000000 1.000000 0.000000 0.000000 0.000000 1.000000 0.000000 0.000000 0.000000 1.000000 2343.dat
1 1009004 90.000000 -96.000000 -10.000000 1.000000 0.000000 0.000000 0.000000 1.000000 0.000000 0.000000 0.000000 1.000000 2343.dat
1 2 -50.000000 -32.000000 130.000000 1.000000 0.000000 -0.000002 0.000000 1.000000 0.000000 0.000002 0.000000 1.000000 4727.dat
1 1 -49.999820 -56.000000 130.000000 0.999999 0.000000 -0.000002 0.000000 1.000000 0.000000 0.000003 0.000000 0.999998 4728.dat
1 4 -50.100120 -64.000000 129.899900 0.999999 0.000000 0.000000 0.000000 1.000000 0.000000 0.000003 0.000000 0.999998 33291.dat
1 2 10.000000 -32.000000 130.000000 1.000000 0.000000 -0.000002 0.000000 1.000000 0.000000 0.000002 0.000000 1.000000 4727.dat
1 14 10.000210 -56.000000 130.000100 0.999999 0.000000 -0.000002 0.000000 1.000000 0.000000 0.000003 0.000000 0.999998 4728.dat
1 4 9.899910 -64.000000 129.899900 0.999999 0.000000 0.000000 0.000000 1.000000 0.000000 0.000003 0.000000 0.999999 33291.dat
1 2 70.000010 -32.000000 130.000000 1.000000 0.000000 0.000002 0.000000 1.000000 0.000000 -0.000002 0.000000 1.000000 4727.dat
1 15 70.000260 -56.000000 130.000000 1.000000 0.000000 0.000001 0.000000 1.000000 0.000000 0.000001 0.000000 0.999997 4728.dat
1 4 69.900010 -64.000000 129.899800 1.000001 0.000000 0.000000 0.000000 1.000000 0.000000 0.000001 0.000000 0.999999 33291.dat
1 19 70.000060 -84.000000 -124.000300 1.000000 0.000000 0.000000 0.000000 0.000000 1.000000 0.000000 -1.000000 0.000000 30167.dat
1 4 84.000050 -84.000000 -119.000300 0.000000 0.000000 -1.000000 1.000000 0.000000 0.000000 0.000000 -1.000000 0.000000 30126.dat
1 2 70.000000 -24.000000 90.000000 -1.000000 0.000000 0.000000 0.000000 1.000000 0.000000 0.000000 0.000000 -1.000000 3741.dat
1 5 90.056200 -50.323210 101.474600 0.682162 -0.388390 0.619524 0.121760 0.895776 0.427505 -0.720992 -0.216194 0.658354 33291.dat
1 5 70.000010 -45.522520 69.193780 0.636075 0.000000 0.771628 0.334953 0.900871 -0.276111 -0.695137 0.434086 0.573021 33291.dat
1 5 48.202600 -54.455410 102.615300 -0.549709 0.403810 -0.731271 0.428637 0.887722 0.167988 0.717001 -0.221105 -0.661077 33291.dat
1 46 70.000000 -64.000000 30.000000 1.000000 0.000000 0.000000 0.000000 1.000000 0.000000 0.000000 0.000000 1.000000 6141.dat
1 46 70.000000 -72.000000 30.000000 1.000000 0.000000 0.000000 0.000000 1.000000 0.000000 0.000000 0.000000 1.000000 6141.dat
1 0 70.000000 -64.000000 10.000000 1.000000 0.000000 0.000000 0.000000 1.000000 0.000000 0.000000 0.000000 1.000000 6141.dat
1 0 70.000000 -72.000000 10.000000 1.000000 0.000000 0.000000 0.000000 1.000000 0.000000 0.000000 0.000000 1.000000 6141.dat
1 25 80.000000 -28.000000 20.000000 1.000000 0.000000 0.000000 0.000000 1.000000 0.000000 0.000000 0.000000 1.000000 6141.dat
1 25 80.000000 -36.000000 20.000000 1.000000 0.000000 0.000000 0.000000 1.000000 0.000000 0.000000 0.000000 1.000000 6141.dat
1 10 80.000000 -24.000000 0.000000 1.000000 0.000000 0.000000 0.000000 1.000000 0.000000 0.000000 0.000000 1.000000 6141.dat
1 10 79.999980 -32.000000 0.000000 1.000000 0.000000 0.000000 0.000000 1.000000 0.000000 0.000000 0.000000 1.000000 6141.dat
1 110 70.000000 -64.000000 -10.000000 1.000000 0.000000 0.000000 0.000000 1.000000 0.000000 0.000000 0.000000 1.000000 6141.dat
1 110 70.000000 -72.000000 -10.000000 1.000000 0.000000 0.000000 0.000000 1.000000 0.000000 0.000000 0.000000 1.000000 6141.dat
0 STEP
1 4 -12.000000 -61.000000 -60.000000 0.000000 0.000000 1.000000 0.000000 1.000000 0.000000 -1.000000 0.000000 0.000000 3815.dat
1 4 -12.000010 -49.000000 -60.000000 0.000000 -1.000000 0.000000 0.000000 0.000000 1.000000 -1.000000 0.000000 0.000000 3816.dat
1 4 -12.000000 -49.000020 -60.000020 0.000000 -1.000000 0.000000 0.000000 0.000000 1.000000 -1.000000 0.000000 0.000000 3817.dat
1 25 -12.000010 -93.000000 -60.000000 0.000001 0.000000 1.000000 0.000000 1.000000 0.000000 -1.000000 0.000000 0.000001 973p96.dat
0 STEP
1 14 -12.000100 -84.124320 -75.472100 0.000001 -0.993578 0.113202 -0.170672 0.111543 0.978999 -0.985330 -0.019321 -0.169574 3819.dat
1 14 -12.000140 -84.092810 -44.425540 0.000000 -0.000001 1.000005 0.169704 0.985500 -0.000001 -0.985498 0.169703 0.000001 3818.dat
1 14 -21.500200 -66.216850 -36.273670 -0.119998 0.696852 0.707111 0.048984 0.715544 -0.696855 -0.991567 -0.048984 -0.119998 3820.dat
1 14 -32.010110 -92.648300 -79.070180 -0.053664 -0.620202 0.782612 -0.103561 0.782973 0.613384 -0.993176 -0.048131 -0.106245 3820.dat
1 14 -12.000010 -117.000000 -60.000000 0.000000 0.000000 1.000000 0.000000 1.000000 0.000000 -1.000000 0.000000 0.000000 3626cp8c.dat
1 0 -12.000010 -117.000000 -60.000000 0.000000 0.000000 1.000000 0.000000 1.000000 0.000000 -1.000000 0.000000 0.000000 92258.dat
1 26 7.450000 -109.500000 -60.000000 0.000000 -1.000000 0.000000 0.000000 0.000000 -1.000000 1.000000 0.000000 0.000000 11618.dat
0 STEP
