0 1192-16-Diorama.ldr
0 Name: 1192-16 - Diorama
0 Author: Nenufar
0 Theme: Unofficial
0 CustomBrick

1 4 -260.000000 -28.000000 240.000000 0.000000 0.000000 -1.000000 0.000000 1.000000 0.000000 1.000000 0.000000 0.000000 3001.dat
1 15 230.000000 -32.000000 -190.000000 -1.000000 0.000000 0.000000 0.000000 1.000000 0.000000 0.000000 0.000000 -1.000000 60475b.dat
1 15 230.000000 -56.000000 -190.000000 -1.000000 0.000000 0.000000 0.000000 1.000000 0.000000 0.000000 0.000000 -1.000000 60475b.dat
1 288 -200.000000 -4.000000 -200.000000 1.000000 0.000000 0.000000 0.000000 1.000000 0.000000 0.000000 0.000000 1.000000 3857.dat
1 288 -360.000000 -4.000000 40.000000 1.000000 0.000000 0.000000 0.000000 1.000000 0.000000 0.000000 0.000000 1.000000 3865.dat
1 288 -40.000000 -4.000000 40.000000 1.000000 0.000000 0.000000 0.000000 1.000000 0.000000 0.000000 0.000000 1.000000 3865.dat
1 19 -450.000000 -52.000000 -10.000000 0.000000 0.000000 -1.000000 0.000000 1.000000 0.000000 1.000000 0.000000 0.000000 48812.dat
1 84 9.999990 -52.000000 -250.000000 -1.000000 0.000000 0.000000 0.000000 1.000000 0.000000 0.000000 0.000000 -1.000000 48812.dat
1 84 -150.000000 -52.000000 -10.000010 0.000000 0.000000 1.000000 0.000000 1.000000 0.000000 -1.000000 0.000000 0.000000 48812.dat
1 27 -360.000000 -12.000000 -280.000000 1.000000 0.000000 0.000000 0.000000 1.000000 0.000000 0.000000 0.000000 1.000000 3470.dat
1 27 -120.000000 -12.000000 -100.000000 1.000000 0.000000 0.000000 0.000000 1.000000 0.000000 0.000000 0.000000 1.000000 3470.dat
1 2 -140.000000 -12.000000 -180.000000 1.000000 0.000000 0.000000 0.000000 1.000000 0.000000 0.000000 0.000000 1.000000 2435.dat
1 2 -200.000000 -12.000000 -120.000000 1.000000 0.000000 0.000000 0.000000 1.000000 0.000000 0.000000 0.000000 1.000000 2435.dat
1 2 -270.000000 -20.000000 -290.000000 1.000000 0.000000 0.000000 0.000000 1.000000 0.000000 0.000000 0.000000 1.000000 3741.dat
1 2 -70.000000 -20.000000 -250.000000 0.707107 0.000000 -0.707107 0.000000 1.000000 0.000000 0.707107 0.000000 0.707107 3741.dat
1 1 -76.120440 -46.708440 -272.479500 0.985240 -0.121760 -0.120317 -0.056867 -0.895776 0.440854 -0.161456 -0.427505 -0.889478 3742.dat
1 1 -84.942460 -42.198260 -235.057500 0.951725 -0.306945 -0.002242 -0.291302 -0.900872 -0.321829 0.096764 0.306945 -0.946796 3742.dat
1 1 -45.781480 -50.224560 -243.540800 -0.897073 0.441882 0.000325 -0.437223 -0.887722 0.144173 0.063996 0.129192 0.989552 3742.dat
1 15 -248.307600 -50.224560 -302.557800 0.652867 0.403810 -0.640861 0.448936 -0.887722 -0.102012 -0.610099 -0.221105 -0.760849 3742.dat
1 4 -290.223300 -46.708450 -301.567500 -0.646855 -0.388390 0.656304 0.097931 -0.895776 -0.433585 0.756300 -0.216193 0.617472 3742.dat
1 14 -270.000000 -42.198260 -268.868100 0.629721 0.000000 -0.776821 -0.337207 -0.900872 -0.273353 -0.699816 0.434086 -0.567298 3742.dat
1 2 -390.000000 -20.000000 30.000000 0.000000 0.000000 -1.000000 0.000000 1.000000 0.000000 1.000000 0.000000 0.000000 3741.dat
1 4 -378.432400 -46.708450 9.776760 0.810837 0.216194 0.543879 -0.056867 -0.895776 0.440854 0.582503 -0.388389 -0.714034 3742.dat
1 14 -411.123100 -42.198260 30.000820 0.604548 -0.434086 0.667900 -0.291302 -0.900872 -0.321829 0.741393 0.000000 -0.671071 3742.dat
1 15 -377.432500 -50.224560 51.692040 -0.679579 0.221106 -0.699490 -0.437223 -0.887722 0.144173 -0.589075 0.403810 0.699949 3742.dat
1 2 -170.000000 -20.000000 50.000000 -1.000000 0.000000 0.000000 0.000000 1.000000 0.000000 0.000000 0.000000 -1.000000 3741.dat
1 4 -191.691800 -50.224560 62.557760 -0.652868 -0.403810 0.640860 0.448936 -0.887722 -0.102012 0.610099 0.221106 0.760849 3742.dat
1 4 -149.776100 -46.708450 61.567580 0.646855 0.388389 -0.656303 0.097931 -0.895776 -0.433585 -0.756299 0.216194 -0.617472 3742.dat
1 4 -169.999400 -42.198260 28.868040 -0.629722 0.000000 0.776821 -0.337207 -0.900872 -0.273353 0.699816 -0.434086 0.567298 3742.dat
1 2 -30.000000 -28.000000 -110.000000 1.000000 0.000000 0.000000 0.000000 1.000000 0.000000 0.000000 0.000000 1.000000 4727.dat
1 14 -30.000000 -52.000000 -110.000000 1.000000 0.000000 0.000000 0.000000 1.000000 0.000000 0.000000 0.000000 1.000000 4728.dat
1 10 -160.000000 -4.000000 -440.000000 1.000000 0.000000 0.000000 0.000000 1.000000 0.000000 0.000000 0.000000 1.000000 3865.dat
1 6 280.000000 -4.000000 -280.000000 1.000000 0.000000 0.000000 0.000000 1.000000 0.000000 0.000000 0.000000 1.000000 3865.dat
1 2 320.000000 -4.000000 -39.999990 0.000000 0.000000 1.000000 0.000000 1.000000 0.000000 -1.000000 0.000000 0.000000 3865.dat
1 7 -600.000000 -4.000000 -120.000000 0.000000 0.000000 -1.000000 0.000000 1.000000 0.000000 1.000000 0.000000 0.000000 3497.dat
1 4 -360.000000 -4.000000 280.000000 1.000000 0.000000 0.000000 0.000000 1.000000 0.000000 0.000000 0.000000 1.000000 3867.dat
1 72 -360.000000 -4.000000 600.000000 1.000000 0.000000 0.000000 0.000000 1.000000 0.000000 0.000000 0.000000 1.000000 3867.dat
1 15 -260.000000 -52.000000 -370.000000 1.000000 0.000000 0.000000 0.000000 1.000000 0.000000 0.000000 0.000000 1.000000 15332.dat
1 15 -60.000000 -52.000000 -370.000000 1.000000 0.000000 0.000000 0.000000 1.000000 0.000000 0.000000 0.000000 1.000000 15332.dat
1 15 -310.000000 -52.000000 -400.000000 0.000000 0.000000 -1.000000 0.000000 1.000000 0.000000 1.000000 0.000000 0.000000 15332.dat
1 15 -310.000000 -52.000000 -480.000000 0.000000 0.000000 -1.000000 0.000000 1.000000 0.000000 1.000000 0.000000 0.000000 15332.dat
1 15 -10.000000 -52.000000 -400.000000 0.000000 0.000000 -1.000000 0.000000 1.000000 0.000000 1.000000 0.000000 0.000000 15332.dat
1 15 -10.000000 -52.000000 -480.000000 0.000000 0.000000 -1.000000 0.000000 1.000000 0.000000 1.000000 0.000000 0.000000 15332.dat
1 15 -60.000000 -52.000000 -510.000000 1.000000 0.000000 0.000000 0.000000 1.000000 0.000000 0.000000 0.000000 1.000000 15332.dat
1 15 -160.000000 -52.000000 -510.000100 1.000000 0.000000 0.000000 0.000000 1.000000 0.000000 0.000000 0.000000 1.000000 15332.dat
1 15 -260.000000 -52.000000 -510.000000 1.000000 0.000000 0.000000 0.000000 1.000000 0.000000 0.000000 0.000000 1.000000 15332.dat
1 4 -110.000000 -76.000000 -370.000000 1.000000 0.000000 0.000000 0.000000 1.000000 0.000000 0.000000 0.000000 1.000000 14716.dat
1 4 -110.000000 -76.000000 -510.000000 1.000000 0.000000 0.000000 0.000000 1.000000 0.000000 0.000000 0.000000 1.000000 14716.dat
1 4 -210.000000 -76.000000 -510.000000 1.000000 0.000000 0.000000 0.000000 1.000000 0.000000 0.000000 0.000000 1.000000 14716.dat
1 15 -197.000000 -20.000000 -370.000000 1.000000 0.000000 0.000000 0.000000 1.000000 0.000000 0.000000 0.000000 1.000000 6078.dat
1 4 -210.000000 -76.000000 -370.000000 0.000000 0.000000 -1.000000 0.000000 1.000000 0.000000 1.000000 0.000000 0.000000 3581.dat
1 4 -210.000000 -28.000000 -370.000000 1.000000 0.000000 0.000000 0.000000 1.000000 0.000000 0.000000 0.000000 1.000000 3005.dat
1 15 -165.000000 -61.000000 -440.000000 0.000000 0.000000 1.000000 0.000000 1.000000 0.000000 -1.000000 0.000000 0.000000 4493c02.dat
1 15 -165.000000 -85.000000 -440.000000 0.000000 0.000000 -1.000000 0.000000 1.000000 0.000000 1.000000 0.000000 0.000000 3065.dat
1 15 -165.000000 -93.000000 -440.000000 0.000000 0.000000 -1.000000 0.000000 1.000000 0.000000 1.000000 0.000000 0.000000 3069b.dat
1 4 100.000000 -28.000000 20.000000 1.000000 0.000000 0.000000 0.000000 1.000000 0.000000 0.000000 0.000000 1.000000 3003.dat
1 4 100.000000 -28.000000 -100.000000 1.000000 0.000000 0.000000 0.000000 1.000000 0.000000 0.000000 0.000000 1.000000 3003.dat
1 25 100.000000 -52.000000 -100.000000 1.000000 0.000000 0.000000 0.000000 1.000000 0.000000 0.000000 0.000000 1.000000 3003.dat
1 29 100.000000 -76.000000 -100.000000 1.000000 0.000000 0.000000 0.000000 1.000000 0.000000 0.000000 0.000000 1.000000 3003.dat
1 15 100.000000 -100.000000 -100.000000 1.000000 0.000000 0.000000 0.000000 1.000000 0.000000 0.000000 0.000000 1.000000 3003.dat
1 25 100.000000 -52.000000 20.000000 1.000000 0.000000 0.000000 0.000000 1.000000 0.000000 0.000000 0.000000 1.000000 3003.dat
1 29 100.000000 -76.000000 20.000000 1.000000 0.000000 0.000000 0.000000 1.000000 0.000000 0.000000 0.000000 1.000000 3003.dat
1 15 100.000000 -100.000000 20.000000 1.000000 0.000000 0.000000 0.000000 1.000000 0.000000 0.000000 0.000000 1.000000 3003.dat
1 14 260.000600 -28.000000 100.001000 1.000008 0.000000 0.000000 0.000000 1.000000 0.000000 0.000000 0.000000 1.000008 3003.dat
1 15 260.000600 -52.000000 100.001000 1.000008 0.000000 0.000000 0.000000 1.000000 0.000000 0.000000 0.000000 1.000008 3003.dat
1 14 260.000600 -76.000000 100.001000 1.000008 0.000000 0.000000 0.000000 1.000000 0.000000 0.000000 0.000000 1.000008 3003.dat
1 14 260.000600 -100.000000 100.001000 1.000008 0.000000 0.000000 0.000000 1.000000 0.000000 0.000000 0.000000 1.000008 3003.dat
1 14 260.000600 -124.000000 100.001000 1.000008 0.000000 0.000000 0.000000 1.000000 0.000000 0.000000 0.000000 1.000008 3003.dat
1 14 260.000600 -148.000000 100.001000 1.000008 0.000000 0.000000 0.000000 1.000000 0.000000 0.000000 0.000000 1.000008 3003.dat
1 14 380.002100 -28.000000 100.001000 1.000008 0.000000 0.000000 0.000000 1.000000 0.000000 0.000000 0.000000 1.000008 3003.dat
1 15 380.002100 -52.000000 100.001000 1.000008 0.000000 0.000000 0.000000 1.000000 0.000000 0.000000 0.000000 1.000008 3003.dat
1 14 380.002100 -76.000000 100.001000 1.000008 0.000000 0.000000 0.000000 1.000000 0.000000 0.000000 0.000000 1.000008 3003.dat
1 14 380.002100 -100.000000 100.001000 1.000008 0.000000 0.000000 0.000000 1.000000 0.000000 0.000000 0.000000 1.000008 3003.dat
1 14 380.002100 -124.000000 100.001000 1.000008 0.000000 0.000000 0.000000 1.000000 0.000000 0.000000 0.000000 1.000008 3003.dat
1 14 380.002100 -148.000000 100.001000 1.000008 0.000000 0.000000 0.000000 1.000000 0.000000 0.000000 0.000000 1.000008 3003.dat
1 1 320.002100 -148.000000 110.001000 1.000008 0.000000 0.000000 0.000000 1.000000 0.000000 0.000000 0.000000 1.000008 60596.dat
1 43 352.202100 -148.000000 115.501100 -1.000008 0.000000 0.000000 0.000000 1.000000 0.000000 0.000000 0.000000 -1.000008 60616a.dat
1 14 320.002100 -172.000000 100.001000 1.000008 0.000000 0.000000 0.000000 1.000000 0.000000 0.000000 0.000000 1.000008 3007.dat
1 4 180.000000 -12.000000 -60.000000 1.000000 0.000000 0.000000 0.000000 1.000000 0.000000 0.000000 0.000000 1.000000 3034.dat
1 4 180.000000 -12.000000 -20.000000 1.000000 0.000000 0.000000 0.000000 1.000000 0.000000 0.000000 0.000000 1.000000 3034.dat
1 15 389.999500 -52.000000 0.000870 0.000000 0.000000 0.999999 0.000000 1.000000 0.000000 -0.999999 0.000000 0.000000 3185.dat
1 15 390.000000 -52.000000 -79.999240 0.000000 0.000000 1.000002 0.000000 1.000000 0.000000 -1.000002 0.000000 0.000000 3185.dat
1 15 390.000100 -52.000000 -159.999400 0.000000 0.000000 1.000002 0.000000 1.000000 0.000000 -1.000002 0.000000 0.000000 3185.dat
1 15 390.000100 -52.000000 -239.999800 0.000000 0.000000 1.000002 0.000000 1.000000 0.000000 -1.000002 0.000000 0.000000 3185.dat
1 15 240.000000 -52.000000 -350.000000 -1.000000 0.000000 0.000000 0.000000 1.000000 0.000000 0.000000 0.000000 -1.000000 3185.dat
1 15 320.000000 -52.000000 -350.000000 -1.000000 0.000000 0.000000 0.000000 1.000000 0.000000 0.000000 0.000000 -1.000000 3185.dat
1 15 389.999700 -52.000000 -319.999300 0.000001 0.000000 1.000000 0.000000 1.000000 0.000000 -1.000000 0.000000 0.000001 3185.dat
1 15 370.000000 -28.000000 -350.000000 1.000000 0.000000 0.000000 0.000000 1.000000 0.000000 0.000000 0.000000 1.000000 3005.dat
1 15 370.000000 -52.000000 -350.000000 1.000000 0.000000 0.000000 0.000000 1.000000 0.000000 0.000000 0.000000 1.000000 3005.dat
1 15 190.000000 -28.000000 -350.000000 1.000000 0.000000 0.000000 0.000000 1.000000 0.000000 0.000000 0.000000 1.000000 3005.dat
1 15 190.000000 -52.000000 -350.000000 1.000000 0.000000 0.000000 0.000000 1.000000 0.000000 0.000000 0.000000 1.000000 3005.dat
1 14 -260.000000 -28.000000 -440.000000 0.000000 0.000000 -1.000000 0.000000 1.000000 0.000000 1.000000 0.000000 0.000000 3001.dat
1 15 -160.000000 -28.000000 -490.000000 -1.000000 0.000000 0.000000 0.000000 1.000000 0.000000 0.000000 0.000000 -1.000000 3937.dat
1 15 389.999900 -28.000000 60.000020 0.000000 0.000000 1.000000 0.000000 1.000000 0.000000 -1.000000 0.000000 0.000000 3937.dat
1 15 -160.000000 -28.000000 -490.000000 1.000000 0.000000 0.000000 0.000000 1.000000 0.000000 0.000000 0.000000 1.000000 3938.dat
1 15 389.999900 -28.000000 60.000020 0.000000 0.000000 -1.000000 0.000000 1.000000 0.000000 1.000000 0.000000 0.000000 3938.dat
1 1 180.000000 -8.000000 -140.000000 1.000000 0.000000 0.000000 0.000000 1.000000 0.000000 0.000000 0.000000 1.000000 3958.dat
1 15 180.000000 -56.000000 -190.000000 -1.000000 0.000000 0.000000 0.000000 1.000000 0.000000 0.000000 0.000000 -1.000000 3185.dat
1 15 130.000000 -32.000000 -190.000000 1.000000 0.000000 0.000000 0.000000 1.000000 0.000000 0.000000 0.000000 1.000000 3005.dat
1 15 130.000000 -56.000000 -190.000000 1.000000 0.000000 0.000000 0.000000 1.000000 0.000000 0.000000 0.000000 1.000000 3005.dat
1 15 180.000000 -56.000000 -89.999980 1.000000 0.000000 -0.000001 0.000000 1.000000 0.000000 0.000001 0.000000 1.000000 3185.dat
1 15 230.000000 -32.000000 -90.000000 -1.000000 0.000000 0.000000 0.000000 1.000000 0.000000 0.000000 0.000000 -1.000000 3005.dat
1 15 230.000000 -56.000000 -90.000000 -1.000000 0.000000 0.000000 0.000000 1.000000 0.000000 0.000000 0.000000 -1.000000 3005.dat
1 15 130.000000 -56.000000 -140.000000 0.000000 0.000000 -1.000000 0.000000 1.000000 0.000000 1.000000 0.000000 0.000000 3185.dat
1 15 130.000000 -32.000000 -89.999950 0.000000 0.000000 1.000000 0.000000 1.000000 0.000000 -1.000000 0.000000 0.000000 3005.dat
1 15 130.000000 -56.000000 -89.999950 0.000000 0.000000 1.000000 0.000000 1.000000 0.000000 -1.000000 0.000000 0.000000 3005.dat
1 15 230.000000 -34.330000 -140.000000 0.000000 0.000000 -1.000000 0.000000 1.000000 0.000000 1.000000 0.000000 0.000000 62113.dat
1 15 230.000000 -80.000000 -90.000000 -1.000000 0.000000 0.000000 0.000000 1.000000 0.000000 0.000000 0.000000 -1.000000 3005.dat
1 4 229.899600 -64.000000 -190.100400 0.707107 0.000000 0.707107 0.000000 1.000000 0.000000 -0.707107 0.000000 0.707107 33291.dat
1 4 230.000000 -166.740000 -90.000000 1.000000 0.000000 0.000000 0.000000 1.000000 0.000000 0.000000 0.000000 1.000000 4495b.dat
1 15 230.000000 -88.000000 -90.000000 1.000000 0.000000 0.000000 0.000000 1.000000 0.000000 0.000000 0.000000 1.000000 3957.dat
1 15 270.000000 -28.000000 -310.000000 1.000000 0.000000 0.000000 0.000000 1.000000 0.000000 0.000000 0.000000 1.000000 4589.dat
1 4 270.000000 -36.000000 -310.000000 0.707107 0.000000 -0.707107 0.000000 1.000000 0.000000 0.707107 0.000000 0.707107 4740p01.dat
1 2 189.899600 -12.000000 -330.100400 0.707107 0.000000 0.707107 0.000000 1.000000 0.000000 -0.707107 0.000000 0.707107 33291.dat
1 2 189.899600 -12.000000 -250.100400 0.707107 0.000000 0.707107 0.000000 1.000000 0.000000 -0.707107 0.000000 0.707107 33291.dat
1 2 269.899600 -12.000000 -250.100400 0.707107 0.000000 0.707107 0.000000 1.000000 0.000000 -0.707107 0.000000 0.707107 33291.dat
1 14 189.899600 -16.000000 -330.100400 1.000000 0.000000 0.000000 0.000000 1.000000 0.000000 0.000000 0.000000 1.000000 87693.dat
1 27 270.000000 -19.955670 -250.000000 -1.000000 0.000000 0.000000 0.000000 0.000000 -1.000000 0.000000 -1.000000 0.000000 53451.dat
1 2 190.000000 -12.000000 -250.000000 1.000000 0.000000 0.000000 0.000000 1.000000 0.000000 0.000000 0.000000 1.000000 33183.dat
1 25 140.000000 -12.000000 -340.000000 1.000000 0.000000 0.000000 0.000000 1.000000 0.000000 0.000000 0.000000 1.000000 3020.dat
1 27 140.000000 -12.000000 -300.000000 1.000000 0.000000 0.000000 0.000000 1.000000 0.000000 0.000000 0.000000 1.000000 3020.dat
1 4 140.000000 -12.000000 -260.000000 1.000000 0.000000 0.000000 0.000000 1.000000 0.000000 0.000000 0.000000 1.000000 3020.dat
1 2 140.000000 -12.000000 -220.000000 1.000000 0.000000 0.000000 0.000000 1.000000 0.000000 0.000000 0.000000 1.000000 3020.dat
1 2 350.000000 -28.000000 -190.000000 0.707107 0.000000 0.707107 0.000000 1.000000 0.000000 -0.707107 0.000000 0.707107 4727.dat
1 4 350.000000 -52.000000 -190.000000 1.000000 0.000000 0.000000 0.000000 1.000000 0.000000 0.000000 0.000000 1.000000 4728.dat
1 2 290.000000 -28.000000 -89.999980 1.000000 0.000000 0.000000 0.000000 1.000000 0.000000 0.000000 0.000000 1.000000 4727.dat
1 14 290.000000 -52.000000 -89.999980 1.000000 0.000000 0.000000 0.000000 1.000000 0.000000 0.000000 0.000000 1.000000 4728.dat
1 2 290.000000 -28.000000 50.000020 1.000000 0.000000 0.000000 0.000000 1.000000 0.000000 0.000000 0.000000 1.000000 4727.dat
1 1 290.000000 -52.000000 50.000020 1.000000 0.000000 0.000000 0.000000 1.000000 0.000000 0.000000 0.000000 1.000000 4728.dat
1 2 290.000000 -28.000000 10.000010 1.000000 0.000000 0.000000 0.000000 1.000000 0.000000 0.000000 0.000000 1.000000 4727.dat
1 15 290.000000 -52.000000 10.000010 1.000000 0.000000 0.000000 0.000000 1.000000 0.000000 0.000000 0.000000 1.000000 4728.dat
1 2 290.000000 -28.000000 -49.999990 1.000000 0.000000 0.000000 0.000000 1.000000 0.000000 0.000000 0.000000 1.000000 4727.dat
1 2 350.000000 -28.000000 -130.000000 1.000000 0.000000 0.000000 0.000000 1.000000 0.000000 0.000000 0.000000 1.000000 4727.dat
1 5 290.100400 -36.000000 -49.899580 -0.707107 0.000000 -0.707107 0.000000 1.000000 0.000000 0.707107 0.000000 -0.707107 33291.dat
1 5 349.899600 -36.000000 -130.100400 0.707107 0.000000 0.707107 0.000000 1.000000 0.000000 -0.707107 0.000000 0.707107 33291.dat
1 4 290.070800 -60.000000 10.123100 -0.866897 0.000000 -0.498488 0.000000 1.000000 0.000000 0.498488 0.000000 -0.866897 33291.dat
1 7 389.999900 -52.000000 70.000020 0.000000 0.000000 -1.000000 0.000000 1.000000 0.000000 1.000000 0.000000 0.000000 4599a.dat
1 7 389.999900 -52.000000 50.000020 0.000000 0.000000 -1.000000 0.000000 1.000000 0.000000 1.000000 0.000000 0.000000 4599a.dat
1 1 360.000000 -12.000000 40.000010 0.000000 0.000000 1.000000 0.000000 1.000000 0.000000 -1.000000 0.000000 0.000000 87079.dat
1 2 330.000000 -20.000000 -9.999990 -0.707107 0.000000 -0.707106 0.000000 1.000000 0.000000 0.707106 0.000000 -0.707107 3741.dat
1 4 323.541300 -50.224560 14.218080 -0.030243 -0.129192 0.991158 0.448936 -0.887722 -0.102012 0.893052 0.441882 0.084846 3742.dat
1 4 352.480000 -46.708450 -16.120920 -0.077388 0.427505 -0.900695 0.097931 -0.895776 -0.433585 -0.992180 -0.121760 0.027457 3742.dat
1 4 315.057900 -42.198260 -24.942990 0.049563 -0.306945 0.950436 -0.337207 -0.900872 -0.273353 0.940125 -0.306945 -0.148155 3742.dat
1 2 -470.000000 -20.000000 -90.000000 0.669130 0.000000 0.743145 0.000000 1.000000 0.000000 -0.743145 0.000000 0.669130 3741.dat
1 4 -464.817500 -50.224560 -114.523000 -0.016538 0.105888 -0.994240 0.448936 -0.887722 -0.102012 -0.893411 -0.448038 -0.032856 3742.dat
1 4 -492.128800 -46.708450 -82.710960 0.129209 -0.420546 0.898023 0.097931 -0.895776 -0.433585 0.986770 0.143967 -0.074559 3742.dat
1 4 -454.296200 -42.198260 -75.859540 -0.098698 0.322589 -0.941379 -0.337207 -0.900872 -0.273353 -0.936243 0.290460 0.197694 3742.dat
1 2 270.000000 -20.000000 -150.000000 1.000000 0.000000 0.000000 0.000000 1.000000 0.000000 0.000000 0.000000 1.000000 3741.dat
1 14 291.692300 -50.224540 -162.557700 0.652867 0.403810 -0.640861 0.448936 -0.887722 -0.102012 -0.610099 -0.221105 -0.760849 3742.dat
1 14 249.776900 -46.708430 -161.567500 -0.646854 -0.388390 0.656303 0.097931 -0.895776 -0.433585 0.756299 -0.216193 0.617471 3742.dat
1 14 270.000000 -42.198250 -128.868000 0.629721 0.000000 -0.776821 -0.337207 -0.900872 -0.273353 -0.699816 0.434086 -0.567298 3742.dat
1 36 350.000000 -28.000000 -69.999980 1.000000 0.000000 0.000000 0.000000 1.000000 0.000000 0.000000 0.000000 1.000000 4589.dat
1 14 350.000000 -68.000000 -69.999980 1.000000 0.000000 0.000000 0.000000 1.000000 0.000000 0.000000 0.000000 1.000000 2566.dat
1 2 340.000000 -84.990000 -59.999980 -0.866026 0.000000 0.500000 0.000000 1.000000 0.000000 -0.500000 0.000000 -0.866026 2423.dat
1 330 360.000000 -83.800000 -80.000000 0.766045 0.000000 -0.642788 0.000000 1.000000 0.000000 0.642788 0.000000 0.766045 2423.dat
1 288 359.999900 -83.800000 -59.999950 -0.707107 0.000000 -0.707107 0.000000 1.000000 0.000000 0.707107 0.000000 -0.707107 2423.dat
1 34 150.000000 -16.000000 -110.000000 1.000000 0.000000 0.000000 0.000000 1.000000 0.000000 0.000000 0.000000 1.000000 6141.dat
1 27 170.000000 -16.000000 -110.000000 1.000000 0.000000 0.000000 0.000000 1.000000 0.000000 0.000000 0.000000 1.000000 6141.dat
1 22 190.000000 -16.000000 -110.000000 1.000000 0.000000 0.000000 0.000000 1.000000 0.000000 0.000000 0.000000 1.000000 6141.dat
1 14 210.000000 -16.000000 -110.000000 1.000000 0.000000 0.000000 0.000000 1.000000 0.000000 0.000000 0.000000 1.000000 6141.dat
1 37 190.000000 -16.000000 -130.000000 1.000000 0.000000 0.000000 0.000000 1.000000 0.000000 0.000000 0.000000 1.000000 6141.dat
1 4 170.000000 -16.000000 -130.000000 1.000000 0.000000 0.000000 0.000000 1.000000 0.000000 0.000000 0.000000 1.000000 6141.dat
1 4 150.000000 -16.000000 -130.000000 1.000000 0.000000 0.000000 0.000000 1.000000 0.000000 0.000000 0.000000 1.000000 6141.dat
1 57 150.000000 -16.000000 -150.000000 1.000000 0.000000 0.000000 0.000000 1.000000 0.000000 0.000000 0.000000 1.000000 6141.dat
1 57 170.000000 -16.000000 -150.000000 1.000000 0.000000 0.000000 0.000000 1.000000 0.000000 0.000000 0.000000 1.000000 6141.dat
1 33 190.000000 -16.000000 -150.000000 1.000000 0.000000 0.000000 0.000000 1.000000 0.000000 0.000000 0.000000 1.000000 6141.dat
1 37 210.000000 -16.000000 -130.000000 1.000000 0.000000 0.000000 0.000000 1.000000 0.000000 0.000000 0.000000 1.000000 6141.dat
1 33 210.000000 -16.000000 -150.000000 1.000000 0.000000 0.000000 0.000000 1.000000 0.000000 0.000000 0.000000 1.000000 6141.dat
1 46 210.000000 -16.000000 -170.000000 1.000000 0.000000 0.000000 0.000000 1.000000 0.000000 0.000000 0.000000 1.000000 6141.dat
1 46 190.000000 -16.000000 -170.000000 1.000000 0.000000 0.000000 0.000000 1.000000 0.000000 0.000000 0.000000 1.000000 6141.dat
1 36 170.000000 -16.000000 -170.000000 1.000000 0.000000 0.000000 0.000000 1.000000 0.000000 0.000000 0.000000 1.000000 6141.dat
1 36 150.000000 -16.000000 -170.000000 1.000000 0.000000 0.000000 0.000000 1.000000 0.000000 0.000000 0.000000 1.000000 6141.dat
1 70 340.000000 -28.000000 -280.000000 1.000000 0.000000 0.000000 0.000000 1.000000 0.000000 0.000000 0.000000 1.000000 3941.dat
1 70 340.000000 -52.000000 -280.000000 1.000000 0.000000 0.000000 0.000000 1.000000 0.000000 0.000000 0.000000 1.000000 3941.dat
1 70 340.000000 -76.000000 -280.000000 1.000000 0.000000 0.000000 0.000000 1.000000 0.000000 0.000000 0.000000 1.000000 3941.dat
1 70 340.000000 -100.000000 -280.000000 1.000000 0.000000 0.000000 0.000000 1.000000 0.000000 0.000000 0.000000 1.000000 3941.dat
1 70 340.000000 -124.000000 -280.000000 1.000000 0.000000 0.000000 0.000000 1.000000 0.000000 0.000000 0.000000 1.000000 3941.dat
1 70 340.000000 -148.000000 -280.000000 1.000000 0.000000 0.000000 0.000000 1.000000 0.000000 0.000000 0.000000 1.000000 3941.dat
1 70 340.000000 -172.000000 -280.000000 1.000000 0.000000 0.000000 0.000000 1.000000 0.000000 0.000000 0.000000 1.000000 3941.dat
1 70 340.000000 -180.000000 -280.000000 1.000000 0.000000 0.000000 0.000000 1.000000 0.000000 0.000000 0.000000 1.000000 4032a.dat
1 70 340.000000 -188.000000 -280.000000 1.000000 0.000000 0.000000 0.000000 1.000000 0.000000 0.000000 0.000000 1.000000 98284.dat
1 70 340.000000 -204.000000 -280.000000 1.000000 0.000000 0.000000 0.000000 1.000000 0.000000 0.000000 0.000000 1.000000 2566.dat
1 2 332.928900 -192.760000 -242.928900 -0.707107 0.000000 -0.707107 0.000000 1.000000 0.000000 0.707107 0.000000 -0.707107 2518.dat
1 2 324.834700 -209.170000 -298.562700 -0.516534 0.000000 0.856267 0.000000 1.000000 0.000000 -0.856267 0.000000 -0.516534 2518.dat
1 2 300.000000 -192.220000 -280.000000 -1.000000 0.000000 0.000000 0.000000 1.000000 0.000000 0.000000 0.000000 -1.000000 2518.dat
1 2 345.990200 -192.370000 -318.007300 0.599023 0.000000 0.800731 0.000000 1.000000 0.000000 -0.800731 0.000000 0.599023 2518.dat
1 2 355.015100 -207.000000 -261.348500 0.501510 0.000000 -0.865151 0.000000 1.000000 0.000000 0.865151 0.000000 0.501511 2518.dat
1 2 400.000100 -196.000000 -280.000000 0.000000 0.000000 -1.000000 0.000000 1.000000 0.000000 1.000000 0.000000 0.000000 10884.dat
1 2 390.000100 -212.000000 -280.000000 0.000000 0.000000 -1.000000 0.000000 1.000000 0.000000 1.000000 0.000000 0.000000 3741.dat
1 2 319.669300 -225.170000 -307.125400 0.516533 0.000000 -0.856267 0.000000 1.000000 0.000000 0.856267 0.000000 0.516533 3741.dat
1 2 325.857800 -208.760000 -235.857900 0.707107 0.000000 -0.707107 0.000000 1.000000 0.000000 0.707107 0.000000 0.707107 3741.dat
1 10 319.128400 -251.878400 -330.417000 0.994922 -0.015496 0.099453 -0.058005 -0.895775 0.440706 0.082258 -0.444237 -0.892125 3742.dat
1 10 401.567700 -238.708500 -300.223300 0.975345 0.216194 -0.044292 0.216194 -0.895776 0.388389 0.044292 -0.388389 -0.920430 3742.dat
1 10 350.076300 -238.984500 -229.398800 0.896563 0.441882 0.030242 0.441882 -0.887722 -0.129192 -0.030241 0.129192 -0.991159 3742.dat
1 10 319.737400 -235.468500 -258.337400 0.992180 -0.121760 0.027457 -0.121760 -0.895776 0.427505 -0.027457 -0.427505 -0.903596 3742.dat
1 10 368.868300 -234.198300 -280.000000 0.900871 -0.434086 0.000000 -0.434086 -0.900871 0.000000 0.000000 0.000000 -1.000000 3742.dat
1 10 341.627000 -255.394500 -295.037400 0.916127 0.397907 0.048810 0.397907 -0.887722 -0.231561 -0.048810 0.231561 -0.971595 3742.dat
1 30 80.000000 -108.000000 0.000000 0.000000 0.000000 1.000000 0.000000 1.000000 0.000000 -1.000000 0.000000 0.000000 87079.dat
1 30 80.000000 -108.000000 -80.000010 0.000000 0.000000 1.000000 0.000000 1.000000 0.000000 -1.000000 0.000000 0.000000 87079.dat
1 7 69.999980 -100.000000 -40.000020 0.000000 0.000000 1.000000 0.000000 1.000000 0.000000 -1.000000 0.000000 0.000000 30586.dat
1 15 -150.000000 -28.000000 -130.000000 1.000000 0.000000 0.000000 0.000000 1.000000 0.000000 0.000000 0.000000 1.000000 3062b.dat
1 15 -150.000000 -32.000000 -130.000000 1.000000 0.000000 0.000000 0.000000 1.000000 0.000000 0.000000 0.000000 1.000000 63965.dat
1 4 -150.000000 -82.250000 -130.000000 -0.707107 0.000000 -0.707107 0.000000 1.000000 0.000000 0.707107 0.000000 -0.707107 4495a.dat
1 4 -150.000000 -130.250000 -130.000000 -0.707107 0.000000 -0.707107 0.000000 1.000000 0.000000 0.707107 0.000000 -0.707107 4495a.dat
1 4 -150.000000 -106.250000 -130.000000 -0.707107 0.000000 -0.707107 0.000000 1.000000 0.000000 0.707107 0.000000 -0.707107 4495b.dat
1 0 -150.000000 -138.250000 -130.000000 0.707107 0.000000 -0.707107 0.000000 1.000000 0.000000 0.707107 0.000000 0.707107 2569.dat
1 2 -310.000000 -28.000000 20.000000 0.000000 0.000000 1.000000 0.000000 1.000000 0.000000 -1.000000 0.000000 0.000000 3660.dat
1 2 -310.000000 -52.000000 10.000000 1.000000 0.000000 0.000000 0.000000 1.000000 0.000000 0.000000 0.000000 1.000000 3665.dat
1 2 -330.000100 -52.000000 30.000000 0.000000 0.000000 1.000000 0.000000 1.000000 0.000000 -1.000000 0.000000 0.000000 3665.dat
1 2 -310.000000 -52.000000 30.000010 0.000000 0.000000 -1.000000 0.000000 1.000000 0.000000 1.000000 0.000000 0.000000 3665.dat
1 2 -330.000000 -52.000000 10.000000 1.000000 0.000000 0.000000 0.000000 1.000000 0.000000 0.000000 0.000000 1.000000 3040b.dat
1 14 -350.000100 -60.000000 30.000000 1.000000 0.000000 0.000000 0.000000 1.000000 0.000000 0.000000 0.000000 1.000000 6141.dat
1 14 -310.000000 -60.000000 -10.000000 1.000000 0.000000 0.000000 0.000000 1.000000 0.000000 0.000000 0.000000 1.000000 6141.dat
1 4 -290.000000 -60.000000 30.000020 1.000000 0.000000 0.000000 0.000000 1.000000 0.000000 0.000000 0.000000 1.000000 6141.dat
1 2 -470.000000 -28.000000 -250.000000 1.000000 0.000000 0.000000 0.000000 1.000000 0.000000 0.000000 0.000000 1.000000 3040b.dat
1 2 -450.000000 -28.000000 -240.000000 0.000000 0.000000 -1.000000 0.000000 1.000000 0.000000 1.000000 0.000000 0.000000 3039.dat
1 2 -450.000000 -52.000000 -250.000000 1.000000 0.000000 0.000000 0.000000 1.000000 0.000000 0.000000 0.000000 1.000000 3040b.dat
1 2 -470.000000 -28.000000 -230.000000 -1.000000 0.000000 0.000000 0.000000 1.000000 0.000000 0.000000 0.000000 -1.000000 4286.dat
1 2 -470.000000 -52.000000 -230.000000 0.000000 0.000000 1.000000 0.000000 1.000000 0.000000 -1.000000 0.000000 0.000000 3665.dat
1 2 -450.000000 -76.000000 -230.000000 0.000001 0.000000 -1.000000 0.000000 1.000000 0.000000 1.000000 0.000000 0.000001 3665.dat
1 2 -450.000000 -52.000000 -230.000000 1.000000 0.000000 0.000000 0.000000 1.000000 0.000000 0.000000 0.000000 1.000000 3005.dat
1 4 -430.000000 -84.000000 -230.000000 1.000000 0.000000 0.000000 0.000000 1.000000 0.000000 0.000000 0.000000 1.000000 6141.dat
1 4 -490.000000 -60.000000 -230.000000 1.000000 0.000000 0.000000 0.000000 1.000000 0.000000 0.000000 0.000000 1.000000 6141.dat
1 14 -470.000000 -36.000000 -250.000000 1.000000 0.000000 0.000000 0.000000 1.000000 0.000000 0.000000 0.000000 1.000000 6141.dat
1 29 -300.000000 -28.000020 -230.000000 -1.000000 0.000000 0.000000 0.000000 1.000000 0.000000 0.000000 0.000000 -1.000000 4865b.dat
1 6 -270.000000 -28.000000 -180.000000 0.000000 0.000000 1.000000 0.000000 1.000000 0.000000 -1.000000 0.000000 0.000000 15207.dat
1 7 -330.000000 -28.000000 -180.000000 0.000000 0.000000 -1.000000 0.000000 1.000000 0.000000 1.000000 0.000000 0.000000 15207.dat
1 6 -300.000000 -4.000000 -80.000000 1.000000 0.000000 0.000000 0.000000 1.000000 0.000000 0.000000 0.000000 1.000000 4424.dat
1 84 -290.000000 -11.000000 -90.000010 0.000000 0.000000 1.000000 0.000000 1.000000 0.000000 -1.000000 0.000000 0.000000 12888p01.dat
1 70 387.921800 -168.370000 -374.058400 0.800732 0.000000 -0.599024 0.000000 1.000000 0.000000 0.599024 0.000000 0.800732 3626b.dat
1 70 299.008000 -185.170000 -341.376100 0.856267 0.000000 0.516533 0.000000 1.000000 0.000000 -0.516533 0.000000 0.856267 3626b.dat
1 70 325.857800 -184.760000 -235.857900 0.707107 0.000000 0.707107 0.000000 1.000000 0.000000 -0.707107 0.000000 0.707107 3626b.dat
1 70 390.120900 -183.000000 -200.787900 0.865152 0.000000 0.501511 0.000000 1.000000 0.000000 -0.501511 0.000000 0.865152 3062b.dat
1 70 283.431500 -168.760000 -193.431500 0.707107 0.000000 0.707107 0.000000 1.000000 0.000000 -0.707107 0.000000 0.707107 3062b.dat
1 70 380.090700 -183.000000 -218.090900 0.865152 0.000000 0.501511 0.000000 1.000000 0.000000 -0.501511 0.000000 0.865152 4589.dat
1 70 230.000000 -168.220000 -280.000000 1.000000 0.000000 0.000000 0.000000 1.000000 0.000000 0.000000 0.000000 1.000000 4589.dat
1 70 250.000000 -168.220000 -280.000000 1.000000 0.000000 0.000000 0.000000 1.000000 0.000000 0.000000 0.000000 1.000000 4589.dat
1 10 -120.000000 -4.000000 280.000000 0.000000 0.000000 1.000000 0.000000 1.000000 0.000000 -1.000000 0.000000 0.000000 3865.dat
1 72 40.000020 -4.000000 280.000000 0.000000 0.000000 1.000000 0.000000 1.000000 0.000000 -1.000000 0.000000 0.000000 3865.dat
1 4 -40.000000 -52.000000 130.000000 1.000000 0.000000 -0.000001 0.000000 1.000000 0.000000 0.000001 0.000000 1.000000 3185.dat
1 4 -39.999960 -52.000000 430.000000 1.000000 0.000000 -0.000001 0.000000 1.000000 0.000000 0.000001 0.000000 1.000000 3185.dat
1 1 110.000000 -52.000000 200.000000 -0.000001 0.000000 -1.000000 0.000000 1.000000 0.000000 1.000000 0.000000 -0.000001 3185.dat
1 1 110.000000 -52.000000 360.000100 -0.000001 0.000000 -1.000000 0.000000 1.000000 0.000000 1.000000 0.000000 -0.000001 3185.dat
1 4 -190.000100 -52.000000 200.000100 -0.000001 0.000000 -1.000000 0.000000 1.000000 0.000000 1.000000 0.000000 -0.000001 3185.dat
1 4 -190.001200 -52.000000 360.002900 -0.000001 0.000000 -1.000010 0.000000 1.000000 0.000000 1.000010 0.000000 -0.000001 3185.dat
1 15 -190.000000 -52.000000 280.000000 0.000000 0.000000 -1.000000 0.000000 1.000000 0.000000 1.000000 0.000000 0.000000 33303.dat
1 15 110.000000 -52.000000 280.000000 0.000000 0.000000 -1.000000 0.000000 1.000000 0.000000 1.000000 0.000000 0.000000 33303.dat
1 321 80.000020 -56.000000 395.500000 1.000000 0.000000 0.000000 0.000000 1.000000 0.000000 0.000000 0.000000 1.000000 4719.dat
1 47 79.999900 -26.000000 395.500000 0.000000 0.000000 1.000000 0.000000 1.000000 0.000000 -1.000000 0.000000 0.000000 92851.dat
1 47 79.999900 -26.000000 309.500000 0.000000 0.000000 1.000000 0.000000 1.000000 0.000000 -1.000000 0.000000 0.000000 92851.dat
1 37 80.000020 -60.000000 305.000000 1.000000 0.000000 0.000000 0.000000 0.000000 -1.000000 0.000000 1.000000 0.000000 6141.dat
1 4 -360.000000 -28.000000 380.000000 1.000000 0.000000 0.000000 0.000000 1.000000 0.000000 0.000000 0.000000 1.000000 2456.dat
1 4 -460.000000 -28.000000 260.000000 0.000000 0.000000 -1.000000 0.000000 1.000000 0.000000 1.000000 0.000000 0.000000 2456.dat
1 15 -340.000000 -52.000000 130.000000 -1.000000 0.000000 0.000000 0.000000 1.000000 0.000000 0.000000 0.000000 -1.000000 33303.dat
1 15 -339.999900 -46.000000 120.000000 1.000000 0.000000 -0.000001 -0.000001 0.000000 -1.000000 0.000000 1.000000 0.000000 3185.dat
1 6 -349.000000 -8.000000 149.000000 1.000000 0.000000 0.000000 0.000000 -1.000000 0.000000 0.000000 0.000000 -1.000000 3836.dat
1 14 -310.000000 -50.000000 149.000000 1.000000 0.000000 0.000000 0.000000 1.000000 0.000000 0.000000 0.000000 1.000000 3837.dat
1 4 -400.000000 -12.000000 140.000000 1.000000 0.000000 0.000000 0.000000 1.000000 0.000000 0.000000 0.000000 1.000000 61780.dat
1 14 -401.000000 -15.000000 141.000000 0.604549 -0.434086 0.667900 -0.291302 -0.900872 -0.321829 0.741393 0.000000 -0.671071 3742.dat
1 19 -404.000000 -23.000000 143.000000 1.000000 0.000000 0.000000 0.000000 1.000000 0.000000 0.000000 0.000000 1.000000 3024.dat
1 0 -398.000000 -31.000000 135.000000 1.000000 0.000000 0.000000 0.000000 1.000000 0.000000 0.000000 0.000000 1.000000 3024.dat
1 7 -405.000000 -57.000000 142.000000 0.865152 0.000000 0.501511 0.000000 1.000000 0.000000 -0.501511 0.000000 0.865152 3062b.dat
1 22 -260.000000 -36.000000 240.000000 1.000000 0.000000 0.000000 0.000000 1.000000 0.000000 0.000000 0.000000 1.000000 4032a.dat
1 0 -260.000000 -48.000000 240.000000 -1.000000 0.000000 0.000000 0.000000 1.000000 0.000000 0.000000 0.000000 -1.000000 4528.dat
1 0 -250.000100 -36.000000 270.000000 0.000000 0.000000 -1.000000 0.000000 1.000000 0.000000 1.000000 0.000000 0.000000 4592.dat
1 14 -250.000100 -36.000000 270.000000 0.000000 1.000000 0.000000 0.000000 0.000000 -1.000000 -1.000000 0.000000 0.000000 4593.dat
1 4 -260.000000 -52.000000 310.000000 0.000000 0.000000 1.000000 0.000000 1.000000 0.000000 -1.000000 0.000000 0.000000 92410.dat
1 4 -250.000000 -52.000000 600.000000 -1.000000 0.000000 0.000000 0.000000 1.000000 0.000000 0.000000 0.000000 -1.000000 92410.dat
1 72 -277.000000 -48.000000 286.000000 1.000001 0.000000 0.000001 0.000000 1.000000 0.000000 -0.000001 0.000000 1.000001 4533.dat
1 0 -270.000000 -92.000000 330.000000 1.000000 0.000000 0.000000 0.000000 1.000000 0.000000 0.000000 0.000000 1.000000 2343.dat
1 297 -250.000000 -92.000000 330.000000 1.000000 0.000000 0.000000 0.000000 1.000000 0.000000 0.000000 0.000000 1.000000 2343.dat
1 37 -250.000100 -76.000000 290.000000 0.000000 0.000000 1.000000 0.000000 1.000000 0.000000 -1.000000 0.000000 0.000000 3899.dat
1 7 -420.000000 -12.000000 260.000000 0.000000 0.000000 1.000000 0.000000 1.000000 0.000000 -1.000000 0.000000 0.000000 4079.dat
1 4 -420.000000 -28.000000 540.000000 0.000000 0.000000 -1.000000 0.000000 1.000000 0.000000 1.000000 0.000000 0.000000 3001.dat
1 4 -380.000100 -28.000000 540.000000 0.000000 0.000000 -1.000000 0.000000 1.000000 0.000000 1.000000 0.000000 0.000000 3001.dat
1 4 -400.000000 -28.000000 600.000000 -1.000000 0.000000 0.000000 0.000000 1.000000 0.000000 0.000000 0.000000 -1.000000 3001.dat
1 47 -400.000000 -52.000000 520.000000 -1.000000 0.000000 0.000000 0.000000 1.000000 0.000000 0.000000 0.000000 -1.000000 3001.dat
1 47 -380.000100 -52.000000 580.000000 0.000000 0.000000 -1.000000 0.000000 1.000000 0.000000 1.000000 0.000000 0.000000 3001.dat
1 47 -420.000000 -52.000000 580.000000 0.000000 0.000000 -1.000000 0.000000 1.000000 0.000000 1.000000 0.000000 0.000000 3001.dat
1 47 -400.000100 -76.000000 600.000000 -1.000000 0.000000 0.000000 0.000000 1.000000 0.000000 0.000000 0.000000 -1.000000 3001.dat
1 4 -400.000100 -100.000000 600.000000 -1.000000 0.000000 0.000000 0.000000 1.000000 0.000000 0.000000 0.000000 -1.000000 3001.dat
1 47 -430.000100 -76.000000 540.000000 0.000000 0.000000 -1.000000 0.000000 1.000000 0.000000 1.000000 0.000000 0.000000 3010.dat
1 47 -370.000100 -76.000000 540.000000 0.000000 0.000000 -1.000000 0.000000 1.000000 0.000000 1.000000 0.000000 0.000000 3010.dat
1 47 -400.000100 -124.000000 610.000000 1.000000 0.000000 0.000000 0.000000 1.000000 0.000000 0.000000 0.000000 1.000000 3039.dat
1 47 -400.000000 -148.000000 595.000000 -0.707107 0.000000 -0.707107 0.000000 1.000000 0.000000 0.707107 0.000000 -0.707107 85080.dat
1 4 -460.000000 -28.000000 720.000000 -1.000000 0.000000 0.000000 0.000000 1.000000 0.000000 0.000000 0.000000 -1.000000 3001.dat
1 4 -400.000000 -28.000000 720.000000 1.000000 0.000000 0.000000 0.000000 1.000000 0.000000 0.000000 0.000000 1.000000 3941.dat
1 7 -400.000000 -12.000000 630.000000 1.000000 0.000000 0.000000 0.000000 1.000000 0.000000 0.000000 0.000000 1.000000 3710.dat
1 7 -390.000000 -20.000000 630.000000 0.000000 0.000000 -1.000000 0.000000 1.000000 0.000000 1.000000 0.000000 0.000000 4592.dat
1 7 -390.000400 -20.000000 630.000900 0.000000 1.000004 0.000000 0.000000 0.000000 -1.000000 -1.000004 0.000000 0.000000 4593.dat
1 15 -480.000000 -52.000000 730.000000 1.000000 0.000000 0.000000 0.000000 1.000000 0.000000 0.000000 0.000000 1.000000 3039pcb.dat
1 7 -440.000000 -52.000000 730.000000 1.000000 0.000000 0.000000 0.000000 1.000000 0.000000 0.000000 0.000000 1.000000 3039pca.dat
1 19 -410.000000 -36.000000 720.000100 0.000000 0.000000 1.000000 0.000000 1.000000 0.000000 -1.000000 0.000000 0.000000 3069b.dat
1 7 -450.000000 -60.000000 730.000000 1.000000 0.000000 0.000000 0.000000 1.000000 0.000000 0.000000 0.000000 1.000000 3070b.dat
1 34 -430.000000 -60.000000 730.000000 1.000000 0.000000 0.000000 0.000000 1.000000 0.000000 0.000000 0.000000 1.000000 3070b.dat
1 15 -470.000000 -60.000000 730.000000 1.000000 0.000000 0.000000 0.000000 1.000000 0.000000 0.000000 0.000000 1.000000 3070bp07.dat
1 14 -490.000000 -60.000000 730.000000 1.000000 0.000000 0.000000 0.000000 1.000000 0.000000 0.000000 0.000000 1.000000 3070bp04.dat
1 0 -260.000000 -12.000000 700.000000 1.000000 0.000000 0.000000 0.000000 1.000000 0.000000 0.000000 0.000000 1.000000 2527.dat
1 0 -259.250000 -40.000000 670.000000 1.000000 0.000000 0.000000 0.000000 0.989526 -0.144356 0.000000 0.144356 0.989526 2533c01.dat
1 25 -240.000000 -28.000000 480.000000 0.000000 0.000000 1.000000 0.000000 1.000000 0.000000 -1.000000 0.000000 0.000000 33121.dat
1 2 -260.000000 -12.000000 480.000000 1.000000 0.000000 0.000000 0.000000 1.000000 0.000000 0.000000 0.000000 1.000000 3032.dat
1 22 -240.000000 -32.000000 480.000000 0.000000 0.000000 1.000000 0.000000 1.000000 0.000000 -1.000000 0.000000 0.000000 64647.dat
1 15 80.000020 -56.000000 255.500000 1.000000 0.000000 0.000000 0.000000 1.000000 0.000000 0.000000 0.000000 1.000000 4719.dat
1 47 79.999900 -26.000000 255.500000 0.000000 0.000000 1.000000 0.000000 1.000000 0.000000 -1.000000 0.000000 0.000000 92851.dat
1 47 79.999900 -26.000000 169.500100 0.000000 0.000000 1.000000 0.000000 1.000000 0.000000 -1.000000 0.000000 0.000000 92851.dat
1 37 80.000020 -60.000000 165.000000 1.000000 0.000000 0.000000 0.000000 0.000000 -1.000000 0.000000 1.000000 0.000000 6141.dat
1 0 -600.000000 -49.000000 -35.000520 0.000000 0.000000 1.000000 0.000000 1.000000 0.000000 -1.000000 0.000000 0.000000 30076.dat
