0 1192-25-SpaceCar.ldr
0 Name: 1192-25 - SpaceCar
0 Author: Nenufar
0 Theme: Unofficial
0 Year: 2026
0 RRP: N/A
0 Pieces: 62
0 CustomBrick

1 7 0.000000 -8.000000 60.000000 1.000000 0.000000 0.000000 0.000000 1.000000 0.000000 0.000000 0.000000 1.000000 3028.dat
1 4 -180.000000 -8.000000 99.999980 0.000000 0.000000 -1.000000 0.000000 1.000000 0.000000 1.000000 0.000000 0.000000 3033.dat
1 4 180.000100 -8.000000 99.999980 0.000000 0.000000 -1.000000 0.000000 1.000000 0.000000 1.000000 0.000000 0.000000 3036.dat
1 0 -260.000000 -16.000000 120.000000 1.000000 0.000000 0.000000 0.000000 1.000000 0.000000 0.000000 0.000000 1.000000 3934.dat
1 7 260.000100 -16.000000 120.000000 -1.000000 0.000000 0.000000 0.000000 1.000000 0.000000 0.000000 0.000000 -1.000000 3934.dat
1 4 -160.000000 -32.000000 20.000000 1.000000 0.000000 0.000000 0.000000 1.000000 0.000000 0.000000 0.000000 1.000000 3006.dat
1 4 160.000000 -32.000000 20.000000 1.000000 0.000000 0.000000 0.000000 1.000000 0.000000 0.000000 0.000000 1.000000 3006.dat
1 1 0.000000 -32.000000 100.000000 1.000000 0.000000 0.000000 0.000000 1.000000 0.000000 0.000000 0.000000 1.000000 3006.dat
1 1 0.000000 -56.000000 100.000000 1.000000 0.000000 0.000000 0.000000 1.000000 0.000000 0.000000 0.000000 1.000000 3006.dat
1 4 140.000000 -32.000000 99.999980 1.000000 0.000000 0.000000 0.000000 1.000000 0.000000 0.000000 0.000000 1.000000 3001.dat
1 4 140.000000 -56.000000 99.999980 1.000000 0.000000 0.000000 0.000000 1.000000 0.000000 0.000000 0.000000 1.000000 3001.dat
1 4 -140.000000 -32.000000 100.000000 1.000000 0.000000 0.000000 0.000000 1.000000 0.000000 0.000000 0.000000 1.000000 3001.dat
1 1 -120.000000 -56.000000 100.000000 1.000000 0.000000 0.000000 0.000000 1.000000 0.000000 0.000000 0.000000 1.000000 3003.dat
1 1 -100.000000 -80.000000 100.000000 1.000000 0.000000 0.000000 0.000000 1.000000 0.000000 0.000000 0.000000 1.000000 3001.dat
1 0 -180.000000 0.000000 19.999990 1.000000 0.000000 0.000000 0.000000 1.000000 0.000000 0.000000 0.000000 1.000000 3137c01.dat
1 0 180.000000 0.000000 39.999980 1.000000 0.000000 0.000000 0.000000 1.000000 0.000000 0.000000 0.000000 1.000000 3137c01.dat
1 256 -211.000000 22.000000 19.999990 0.000000 0.000000 -1.000000 0.112297 0.993675 0.000000 0.993675 -0.112297 0.000000 3641.dat
1 256 -149.000000 22.000000 19.999990 0.000000 0.000000 -1.000000 -0.112297 -0.993675 0.000000 -0.993675 0.112297 0.000000 3641.dat
1 256 149.000000 22.000000 39.999980 0.000000 0.000000 -1.000000 0.112297 0.993675 0.000000 0.993675 -0.112297 0.000000 3641.dat
1 256 211.000000 22.000000 39.999980 0.000000 0.000000 -1.000000 -0.112297 -0.993675 0.000000 -0.993675 0.112297 0.000000 3641.dat
1 4 0.000030 -16.000000 -60.000020 0.000000 0.000000 -1.000000 0.000000 1.000000 0.000000 1.000000 0.000000 0.000000 3033.dat
1 0 0.000000 -8.000000 -140.000000 1.000000 0.000000 0.000000 0.000000 1.000000 0.000000 0.000000 0.000000 1.000000 3137c01.dat
1 256 -31.000000 14.000000 -140.000000 0.000000 0.000000 -1.000000 0.112297 0.993675 0.000000 0.993675 -0.112297 0.000000 3641.dat
1 256 31.000000 14.000000 -140.000000 0.000000 0.000000 -1.000000 -0.112297 -0.993675 0.000000 -0.993675 0.112297 0.000000 3641.dat
1 4 -80.000040 -56.000000 -20.000000 0.000000 0.000000 -1.000000 0.000000 1.000000 0.000000 1.000000 0.000000 0.000000 3001.dat
1 4 -80.000060 -80.000000 -40.000000 0.000000 0.000000 -1.000000 0.000000 1.000000 0.000000 1.000000 0.000000 0.000000 3001.dat
1 4 -170.000100 -40.000000 40.000000 0.000000 0.000000 -1.000000 0.000000 1.000000 0.000000 1.000000 0.000000 0.000000 3460.dat
1 4 -70.000040 -88.000000 39.999990 0.000000 0.000000 -1.000000 0.000000 1.000000 0.000000 1.000000 0.000000 0.000000 3460.dat
1 14 170.000100 -64.000000 19.999980 0.000000 0.000000 -1.000000 0.000000 1.000000 0.000000 1.000000 0.000000 0.000000 3460.dat
1 4 0.000000 -40.000000 30.000030 -1.000000 0.000000 0.000000 0.000000 1.000000 0.000000 0.000000 0.000000 -1.000000 3460.dat
1 4 150.000000 -56.000000 10.000000 1.000000 0.000000 0.000000 0.000000 1.000000 0.000000 0.000000 0.000000 1.000000 3622.dat
1 4 70.000000 -56.000000 -60.000000 0.000000 0.000000 -1.000000 0.000000 1.000000 0.000000 1.000000 0.000000 0.000000 3008.dat
1 4 0.000010 -64.000000 10.000040 -1.000000 0.000000 0.000000 0.000000 1.000000 0.000000 0.000000 0.000000 -1.000000 3460.dat
1 4 39.999980 -80.000000 -120.000000 1.000000 0.000000 0.000000 0.000000 1.000000 0.000000 0.000000 0.000000 1.000000 3001.dat
1 4 19.999980 -104.000000 -120.000000 1.000000 0.000000 0.000000 0.000000 1.000000 0.000000 0.000000 0.000000 1.000000 3001.dat
1 4 -40.000020 -80.000000 -120.000000 1.000000 0.000000 0.000000 0.000000 1.000000 0.000000 0.000000 0.000000 1.000000 3001.dat
1 4 -70.000030 -56.000000 -140.000000 0.000000 0.000000 -1.000000 0.000000 1.000000 0.000000 1.000000 0.000000 0.000000 3460.dat
1 0 -60.000020 -88.000000 -200.000000 1.000000 0.000000 0.000000 0.000000 1.000000 0.000000 0.000000 0.000000 1.000000 3934.dat
1 0 39.999980 -112.000000 -200.000000 1.000000 0.000000 0.000000 0.000000 1.000000 0.000000 0.000000 0.000000 1.000000 3933.dat
1 1 120.000000 -80.000000 110.000000 1.000000 0.000000 0.000000 0.000000 1.000000 0.000000 0.000000 0.000000 1.000000 92950.dat
1 7 -39.999970 -42.000000 -40.000040 0.000000 0.000000 -1.000001 0.000000 1.000000 0.000000 1.000001 0.000000 0.000000 4600.dat
1 7 40.000090 -42.000000 -39.999970 0.000001 0.000000 -1.000000 0.000000 1.000000 0.000000 1.000000 0.000000 0.000001 4600.dat
1 15 -39.999970 -37.000000 -70.000060 1.000001 0.000000 0.000000 0.000000 1.000000 0.000000 0.000000 0.000000 1.000001 4624.dat
1 15 39.999790 -37.000000 -70.000360 1.000006 0.000000 0.000000 0.000000 1.000000 0.000000 0.000000 0.000000 1.000006 4624.dat
1 15 39.999820 -37.000000 -10.000050 -1.000006 0.000000 0.000000 0.000000 1.000000 0.000000 0.000000 0.000000 -1.000006 4624.dat
1 15 -39.999960 -37.000000 -9.999990 -1.000001 0.000000 0.000000 0.000000 1.000000 0.000000 0.000000 0.000000 -1.000001 4624.dat
1 256 -39.999960 -37.000020 -70.000070 -0.993675 0.112297 0.000000 -0.112297 -0.993675 0.000000 0.000000 0.000000 1.000001 3641.dat
1 256 39.999790 -37.000000 -70.000360 -0.993679 0.112295 0.000000 -0.112301 -0.993677 0.000000 0.000000 0.000000 1.000006 3641.dat
1 256 -39.999980 -37.000020 -9.999990 0.993675 -0.112297 0.000000 -0.112297 -0.993675 0.000000 0.000000 0.000000 -1.000001 3641.dat
1 256 39.999800 -37.000000 -10.000050 0.993679 -0.112295 0.000000 -0.112301 -0.993677 0.000000 0.000000 0.000000 -1.000006 3641.dat
1 7 0.000040 -90.000000 -29.999990 1.000001 0.000000 0.000000 0.000000 1.000000 0.000000 0.000000 0.000000 1.000001 6182.dat
1 7 0.000030 -90.000000 -50.000060 1.000001 0.000000 0.000000 0.000000 1.000000 0.000000 0.000000 0.000000 1.000001 6182.dat
1 0 28.000070 -98.750000 -40.000060 0.000000 -1.000001 0.000000 0.000000 0.000000 1.000000 -1.000001 0.000000 0.000000 971.dat
1 0 28.000070 -98.750000 -40.000050 0.000000 -1.000001 0.000000 0.000000 0.000000 1.000000 -1.000001 0.000000 0.000000 972.dat
1 0 28.000060 -110.750000 -40.000060 0.000000 0.000000 1.000001 0.000000 1.000000 0.000000 -1.000001 0.000000 0.000000 970.dat
1 0 28.000030 -142.750000 -40.000060 0.000000 0.000000 -1.000000 0.000000 1.000000 0.000000 1.000000 0.000000 0.000000 973.dat
1 0 28.000010 -133.842800 -55.574690 0.000000 0.000000 1.000001 -0.169703 0.985495 0.000000 -0.985496 -0.169703 0.000000 3819.dat
1 0 28.000030 -133.840700 -24.434670 0.000000 0.000000 1.000001 0.170671 0.985328 0.000000 -0.985329 0.170671 0.000000 3818.dat
1 15 18.500040 -115.972800 -16.265280 -0.120683 0.696733 0.707107 0.049255 0.715638 -0.696732 -0.991469 -0.049255 -0.120683 3820.dat
1 15 18.000000 -115.966900 -63.726520 0.119998 0.696851 0.707107 -0.048984 0.715542 -0.696850 -0.991566 0.048984 0.119998 3820.dat
1 15 28.000030 -166.750000 -40.000070 0.000000 0.000000 1.000001 0.000000 1.000000 0.000000 -1.000001 0.000000 0.000000 3626bp0f.dat
1 0 28.000030 -174.750000 -40.000080 0.000000 0.000000 1.000001 0.000000 1.000000 0.000000 -1.000001 0.000000 0.000000 98138pb1.dat
