0 1192-6-Spaceship.ldr
0 Name: 1192-6 - Spaceship
0 Author: Nenufar
0 Theme: Unofficial
0 CustomBrick

1 0 46.999990 -18.000000 -0.999990 0.000000 0.000000 1.000000 0.000000 1.000000 0.000000 -1.000000 0.000000 0.000000 30029.dat
1 15 7.000000 -10.000000 -1.000010 1.000000 0.000000 0.000000 0.000000 1.000000 0.000000 0.000000 0.000000 1.000000 4854.dat
1 0 -93.000010 -34.000000 -1.000030 1.000000 0.000000 0.000000 0.000000 1.000000 0.000000 0.000000 0.000000 1.000000 30283.dat
1 15 -2.999980 -34.000000 99.000000 0.000000 0.000000 -1.000000 0.000000 1.000000 0.000000 1.000000 0.000000 0.000000 4596.dat
1 0 157.000000 -18.000000 -0.999950 0.000000 0.000000 -1.000000 0.000000 1.000000 0.000000 1.000000 0.000000 0.000000 2508.dat
1 15 57.000000 -10.000000 -0.999990 0.000000 0.000000 -1.000000 0.000000 1.000000 0.000000 1.000000 0.000000 0.000000 4598.dat
1 15 96.999980 -10.000000 -0.999970 0.000000 0.000000 1.000000 0.000000 1.000000 0.000000 -1.000000 0.000000 0.000000 4856.dat
1 4 -43.000010 -10.000000 -1.000020 0.000000 0.000000 1.000000 0.000000 1.000000 0.000000 -1.000000 0.000000 0.000000 3660.dat
1 15 -63.000020 -26.000000 18.999980 0.000000 0.000000 -1.000000 0.000000 1.000000 0.000000 1.000000 0.000000 0.000000 4598.dat
1 15 -63.000020 -26.000000 -21.000030 0.000000 0.000000 -1.000000 0.000000 1.000000 0.000000 1.000000 0.000000 0.000000 4598.dat
1 15 117.000000 -42.000000 -0.999970 1.000000 0.000000 0.000000 0.000000 1.000000 0.000000 0.000000 0.000000 1.000000 3002.dat
1 2 167.000000 -42.000000 -0.999950 1.000000 0.000000 0.000000 0.000000 1.000000 0.000000 0.000000 0.000000 1.000000 6215.dat
1 7 -13.000000 -26.000000 -1.000010 0.000000 0.000000 -1.000000 0.000000 1.000000 0.000000 1.000000 0.000000 0.000000 2445.dat
1 15 -12.999980 -42.000000 -1.000010 0.000000 0.000000 -1.000000 0.000000 1.000000 0.000000 1.000000 0.000000 0.000000 2445.dat
1 15 -2.999990 -34.000000 59.000000 0.000000 0.000000 -1.000000 0.000000 1.000000 0.000000 1.000000 0.000000 0.000000 4596.dat
1 15 -3.000010 -34.000000 -101.000000 0.000000 0.000000 -1.000000 0.000000 1.000000 0.000000 1.000000 0.000000 0.000000 4596.dat
1 15 -3.000000 -34.000000 -61.000010 0.000000 0.000000 -1.000000 0.000000 1.000000 0.000000 1.000000 0.000000 0.000000 4596.dat
1 15 -3.000010 -50.000000 -81.000010 0.000000 0.000000 -1.000000 0.000000 1.000000 0.000000 1.000000 0.000000 0.000000 4596.dat
1 15 -2.999950 -50.000000 79.000000 0.000000 0.000000 -1.000000 0.000000 1.000000 0.000000 1.000000 0.000000 0.000000 4596.dat
1 14 -123.000000 -26.000000 18.999970 0.000000 0.000000 1.000000 0.000000 1.000000 0.000000 -1.000000 0.000000 0.000000 4596.dat
1 14 -123.000000 -26.000000 -21.000030 0.000000 0.000000 1.000000 0.000000 1.000000 0.000000 -1.000000 0.000000 0.000000 4596.dat
1 1 -143.000000 -74.000000 -101.000000 0.000000 0.000000 1.000000 0.000000 1.000000 0.000000 -1.000000 0.000000 0.000000 4596.dat
1 1 -143.000000 -74.000000 -61.000030 0.000000 0.000000 1.000000 0.000000 1.000000 0.000000 -1.000000 0.000000 0.000000 4596.dat
1 1 -123.000000 -74.000000 -81.000020 0.000000 0.000000 -1.000000 0.000000 1.000000 0.000000 1.000000 0.000000 0.000000 4596.dat
1 15 -143.000000 -74.000000 -1.000030 0.000000 0.000000 1.000000 0.000000 1.000000 0.000000 -1.000000 0.000000 0.000000 4596.dat
1 1 -143.000000 -74.000000 98.999980 0.000000 0.000000 1.000000 0.000000 1.000000 0.000000 -1.000000 0.000000 0.000000 4596.dat
1 1 -123.000000 -74.000000 78.999970 0.000000 0.000000 -1.000000 0.000000 1.000000 0.000000 1.000000 0.000000 0.000000 4596.dat
1 1 -143.000000 -74.000000 58.999980 0.000000 0.000000 1.000000 0.000000 1.000000 0.000000 -1.000000 0.000000 0.000000 4596.dat
1 7 -22.999950 -50.000000 89.000000 0.000000 0.000000 -1.000000 0.000000 1.000000 0.000000 1.000000 0.000000 0.000000 3623.dat
1 7 -23.000010 -50.000000 -91.000000 0.000000 0.000000 -1.000000 0.000000 1.000000 0.000000 1.000000 0.000000 0.000000 3623.dat
1 15 -22.999960 -162.000000 39.000000 0.000000 0.000000 -1.000000 0.000000 1.000000 0.000000 1.000000 0.000000 0.000000 2454.dat
1 15 -22.999990 -162.000000 -41.000000 0.000000 0.000000 -1.000000 0.000000 1.000000 0.000000 1.000000 0.000000 0.000000 2454.dat
1 0 -22.999980 -34.000000 -1.000000 0.000000 0.000000 1.000000 0.000000 1.000000 0.000000 -1.000000 0.000000 0.000000 99207.dat
1 7 -22.999960 -186.000000 19.000020 0.000000 0.000000 1.000000 0.000000 1.000000 0.000000 -1.000000 0.000000 0.000000 2877.dat
1 7 -22.999990 -186.000000 -21.000010 0.000000 0.000000 -1.000000 0.000000 1.000000 0.000000 1.000000 0.000000 0.000000 2877.dat
1 4 -22.999980 -210.000000 -1.000010 0.000000 0.000000 -1.000000 0.000000 1.000000 0.000000 1.000000 0.000000 0.000000 3004.dat
1 4 -22.999980 -218.000000 -1.000010 0.000000 0.000000 -1.000000 0.000000 1.000000 0.000000 1.000000 0.000000 0.000000 2412b.dat
1 15 -123.000000 -34.000000 -1.000030 0.000000 0.000000 -1.000000 0.000000 1.000000 0.000000 1.000000 0.000000 0.000000 3710.dat
1 15 -123.000000 -58.000000 -1.000030 0.000000 0.000000 -1.000000 0.000000 1.000000 0.000000 1.000000 0.000000 0.000000 3009.dat
1 72 -133.000000 -66.000000 -81.000020 0.000000 0.000000 -1.000000 0.000000 1.000000 0.000000 1.000000 0.000000 0.000000 3795.dat
1 72 -133.000000 -66.000000 58.999970 0.000000 0.000000 -1.000000 0.000000 1.000000 0.000000 1.000000 0.000000 0.000000 3034.dat
1 7 -103.000000 -82.000000 -0.999980 0.000000 0.000000 -1.000000 0.000000 1.000000 0.000000 1.000000 0.000000 0.000000 30586.dat
1 7 -93.000000 -58.000000 98.999970 1.000000 0.000000 0.000000 0.000000 1.000000 0.000000 0.000000 0.000000 1.000000 3035.dat
1 7 -93.000050 -58.000000 -101.000000 1.000000 0.000000 0.000000 0.000000 1.000000 0.000000 0.000000 0.000000 1.000000 3035.dat
1 0 -133.000000 -82.000000 79.000020 0.000000 0.000000 1.000000 0.000000 1.000000 0.000000 -1.000000 0.000000 0.000000 3795.dat
1 0 -133.000000 -82.000000 -60.999980 0.000000 0.000000 1.000000 0.000000 1.000000 0.000000 -1.000000 0.000000 0.000000 3034.dat
1 4 -113.000000 -106.000000 -0.999970 0.000000 0.000000 1.000000 0.000000 1.000000 0.000000 -1.000000 0.000000 0.000000 2456.dat
1 15 59.000000 -19.000000 -1.000000 0.000000 1.000000 0.000000 0.000000 0.000000 1.000000 1.000000 0.000000 0.000000 3816.dat
1 15 59.000010 -19.000000 -1.000000 0.000000 1.000000 0.000000 0.000000 0.000000 1.000000 1.000000 0.000000 0.000000 3817.dat
1 15 59.000000 -31.000000 -1.000000 0.000000 0.000000 -1.000000 0.000000 1.000000 0.000000 1.000000 0.000000 0.000000 3815.dat
1 15 59.000000 -63.000000 -1.000000 0.000000 0.000000 -1.000000 0.000000 1.000000 0.000000 1.000000 0.000000 0.000000 973.dat
1 15 59.000000 -54.092840 -16.574620 0.000000 0.000000 -1.000000 0.169703 0.985495 0.000000 0.985495 -0.169703 0.000000 3818.dat
1 15 59.000000 -54.124320 14.471800 0.000000 0.866028 0.499997 -0.170671 -0.492661 0.853322 0.985328 -0.085335 0.147805 3819.dat
1 15 68.500000 -36.216940 -24.726460 0.119999 -0.696850 -0.707107 0.048984 0.715542 -0.696850 0.991565 0.048984 0.119999 3820.dat
1 15 70.454570 -72.871460 16.299020 0.164856 0.951753 -0.258823 -0.124641 0.280413 0.951753 0.978410 -0.124642 0.164855 3820.dat
1 14 59.000000 -90.649990 -1.000000 0.342021 0.000000 -0.939692 0.000000 1.000000 0.000000 0.939692 0.000000 0.342021 3626ap01.dat
1 15 59.000000 -90.649990 -0.999990 0.000000 0.000000 -1.000000 0.000000 1.000000 0.000000 1.000000 0.000000 0.000000 2446.dat
1 82 53.675500 -87.878230 -0.999990 0.000000 0.819155 -0.573573 0.000000 0.573573 0.819155 1.000000 0.000000 0.000000 2447.dat
1 15 59.000000 -63.000000 -1.000000 0.000001 0.000000 -1.000000 0.000000 1.000000 0.000000 1.000000 0.000000 0.000001 3838.dat
