0 1192-19-PickupTruck.ldr
0 Name: 1192-19 - Pickup Truck
0 Author: Nenufar
0 Theme: Unofficial
0 CustomBrick

1 8 -60.000000 0.000000 0.000000 0.000000 0.000000 -1.000003 0.000000 1.000000 0.000000 1.000003 0.000000 0.000000 30000.dat
1 8 60.000020 0.000000 0.000000 0.000000 0.000000 -1.000003 0.000000 1.000000 0.000000 1.000003 0.000000 0.000000 30000.dat
1 7 -60.000020 10.000000 -30.000080 -1.000003 0.000000 0.000000 0.000000 1.000000 0.000000 0.000000 0.000000 -1.000003 13971.dat
1 7 60.000000 10.000000 -30.000100 -1.000003 0.000000 0.000000 0.000000 1.000000 0.000000 0.000000 0.000000 -1.000003 13971.dat
1 7 59.999940 10.000000 30.000040 1.000000 0.000000 0.000000 0.000000 1.000000 0.000000 0.000000 0.000000 1.000000 13971.dat
1 7 -60.000000 10.000000 30.000060 1.000003 0.000000 0.000000 0.000000 1.000000 0.000000 0.000000 0.000000 1.000003 13971.dat
1 256 -60.000020 10.000000 -30.000080 1.000003 0.000000 0.000000 0.000000 1.000000 0.000000 0.000000 0.000000 1.000003 61254.dat
1 256 60.000020 10.000000 30.000090 -1.000003 0.000000 0.000000 0.000000 1.000000 0.000000 0.000000 0.000000 -1.000003 61254.dat
1 256 -59.999910 10.000000 30.000060 -1.000000 0.000000 0.000000 0.000000 1.000000 0.000000 0.000000 0.000000 -1.000000 61254.dat
1 256 60.000000 10.000000 -30.000100 1.000003 0.000000 0.000000 0.000000 1.000000 0.000000 0.000000 0.000000 1.000003 61254.dat
1 8 60.000010 -24.000000 0.000000 1.000000 0.000000 0.000000 0.000000 1.000000 0.000000 0.000000 0.000000 1.000000 2456.dat
1 8 -60.000000 -24.000000 0.000000 1.000000 0.000000 0.000000 0.000000 1.000000 0.000000 0.000000 0.000000 1.000000 2456.dat
1 0 20.000000 -32.000000 0.000000 1.000000 0.000000 0.000000 0.000000 1.000000 0.000000 0.000000 0.000000 1.000000 3031.dat
1 1 -60.000000 -32.000000 0.000000 1.000000 0.000000 0.000000 0.000000 1.000000 0.000000 0.000000 0.000000 1.000000 3031.dat
1 272 150.693500 -63.225220 -0.000010 0.000000 0.965926 0.258819 0.000000 0.258819 -0.965926 -1.000000 0.000000 0.000000 11212.dat
1 0 -120.000000 0.000000 0.000000 0.000000 0.000000 -1.000000 0.000000 1.000000 0.000000 1.000000 0.000000 0.000000 3020.dat
1 272 -110.000000 -24.000000 -30.000000 1.000000 0.000000 0.000000 0.000000 1.000000 0.000000 0.000000 0.000000 1.000000 4070.dat
1 272 -110.000000 -24.000000 30.000000 -1.000000 0.000000 0.000000 0.000000 1.000000 0.000000 0.000000 0.000000 -1.000000 4070.dat
1 272 -130.000000 -24.000000 30.000000 0.000000 0.000000 1.000000 0.000000 1.000000 0.000000 -1.000000 0.000000 0.000000 4070.dat
1 272 -130.000000 -24.000000 -30.000000 0.000000 0.000000 1.000000 0.000000 1.000000 0.000000 -1.000000 0.000000 0.000000 4070.dat
1 0 -130.000000 -24.000000 0.000000 0.000000 0.000000 -1.000000 0.000000 1.000000 0.000000 1.000000 0.000000 0.000000 3065.dat
1 0 -130.000000 -48.000000 0.000000 0.000000 0.000000 -1.000000 0.000000 1.000000 0.000000 1.000000 0.000000 0.000000 3065.dat
1 272 -110.000000 -48.000000 30.000010 0.000000 0.000000 1.000000 0.000000 1.000000 0.000000 -1.000000 0.000000 0.000000 3040b.dat
1 272 -110.000000 -48.000000 -30.000000 0.000000 0.000000 1.000000 0.000000 1.000000 0.000000 -1.000000 0.000000 0.000000 3040b.dat
1 40 -110.000000 -56.000000 30.000010 1.000000 0.000000 0.000000 0.000000 1.000000 0.000000 0.000000 0.000000 1.000000 3024.dat
1 40 -110.000000 -56.000000 -30.000000 1.000000 0.000000 0.000000 0.000000 1.000000 0.000000 0.000000 0.000000 1.000000 3024.dat
1 46 -110.000000 -14.000000 44.000000 0.000000 0.000000 1.000000 -1.000000 0.000000 0.000000 0.000000 -1.000000 0.000000 6141.dat
1 46 -110.000000 -14.000000 -44.000000 0.000000 0.000000 -1.000000 -1.000000 0.000000 0.000000 0.000000 1.000000 0.000000 6141.dat
1 40 -136.000000 -14.000000 30.000010 0.000000 1.000000 0.000000 0.000000 0.000000 -1.000000 -1.000000 0.000000 0.000000 54200.dat
1 40 -136.000000 -14.000000 -30.000000 0.000000 1.000000 0.000000 0.000000 0.000000 -1.000000 -1.000000 0.000000 0.000000 54200.dat
1 36 144.000000 -6.000000 30.000000 0.000000 -1.000000 0.000000 0.000000 0.000000 -1.000000 1.000000 0.000000 0.000000 54200.dat
1 36 144.000000 -6.000000 -30.000010 0.000000 -1.000000 0.000000 0.000000 0.000000 -1.000000 1.000000 0.000000 0.000000 54200.dat
1 0 120.000000 0.000000 0.000000 1.000000 0.000000 0.000000 0.000000 1.000000 0.000000 0.000000 0.000000 1.000000 3022.dat
1 0 130.000000 -8.000000 0.000000 0.000000 0.000000 -1.000000 0.000000 1.000000 0.000000 1.000000 0.000000 0.000000 3710.dat
1 0 130.000000 -16.000000 0.000000 0.000000 0.000000 -1.000000 0.000000 1.000000 0.000000 1.000000 0.000000 0.000000 2436a.dat
1 46 130.000000 -16.000000 -30.000000 1.000000 -0.000001 0.000000 0.000001 1.000000 0.000000 0.000000 0.000000 1.000000 6141.dat
1 46 130.000000 -16.000000 30.000000 1.000000 -0.000001 0.000000 0.000001 1.000000 0.000000 0.000000 0.000000 1.000000 6141.dat
1 0 100.000000 -40.000000 10.000000 1.000000 0.000000 0.000000 0.000000 1.000000 0.000000 0.000000 0.000000 1.000000 4531.dat
1 0 100.000000 -40.000000 -10.000000 1.000000 0.000000 0.000000 0.000000 1.000000 0.000000 0.000000 0.000000 1.000000 4531.dat
1 0 100.203000 -41.304790 10.000000 0.999048 -0.043619 0.000000 0.043619 0.999048 0.000000 0.000000 0.000000 1.000000 4275b.dat
1 0 100.203000 -41.304790 -10.000000 0.999048 -0.043619 0.000000 0.043619 0.999048 0.000000 0.000000 0.000000 1.000000 4275b.dat
1 0 130.000000 -24.000000 -0.000010 0.000000 0.000000 -1.000000 0.000000 1.000000 0.000000 1.000000 0.000000 0.000000 44567.dat
1 272 155.832700 -51.495420 -0.000010 -0.258819 0.965926 0.000000 0.965926 0.258819 0.000000 0.000000 0.000000 -1.000000 44302.dat
1 272 60.590130 -51.041950 0.000000 0.999048 -0.043619 0.000000 0.043619 0.999048 0.000000 0.000000 0.000000 1.000000 3036.dat
1 1 -30.000000 -56.000000 0.000000 0.000000 0.000000 -1.000000 0.000000 1.000000 0.000000 1.000000 0.000000 0.000000 3010.dat
1 272 -8.296289 -78.072520 0.000000 0.000000 -0.043619 -0.999048 0.000000 0.999048 -0.043619 1.000000 0.000000 0.000000 3010.dat
1 272 61.636920 -75.019080 -50.000000 0.999048 -0.043619 0.000000 0.043619 0.999048 0.000000 0.000000 0.000000 1.000000 3008.dat
1 272 61.636920 -75.019080 50.000000 0.999048 -0.043619 0.000000 0.043619 0.999048 0.000000 0.000000 0.000000 1.000000 3008.dat
1 40 -110.000000 -128.000000 0.000020 0.000000 0.000000 1.000000 0.000000 1.000000 0.000000 -1.000000 0.000000 0.000000 3823.dat
1 0 -130.000000 8.000000 0.000000 0.000000 0.000000 -1.000000 0.000000 1.000000 0.000000 1.000000 0.000000 0.000000 3475b.dat
1 15 72.034740 -109.988700 30.000030 0.999073 -0.043620 0.000000 0.043621 0.999048 0.000000 0.000000 0.000000 1.000000 3185.dat
1 15 72.034740 -109.988700 -30.000000 0.999073 -0.043620 0.000000 0.043621 0.999048 0.000000 0.000000 0.000000 1.000000 3185.dat
1 15 127.356800 -127.592200 32.500000 0.999073 -0.043620 0.000000 0.043621 0.999048 0.000000 0.000000 0.000000 1.000000 60608.dat
1 15 127.356800 -127.592200 -32.500020 -0.999073 -0.043620 0.000000 -0.043621 0.999048 0.000000 0.000000 0.000000 -1.000000 60608.dat
1 19 123.035500 -131.784700 -0.000010 0.000000 -0.043620 0.999073 0.000000 0.999048 0.043621 -1.000000 0.000000 0.000000 60594.dat
1 1 -90.000000 -56.000000 30.000020 0.000000 0.000000 1.000000 0.000000 1.000000 0.000000 -1.000000 0.000000 0.000000 3821.dat
1 1 -90.000010 -56.000000 -30.000000 0.000000 0.000000 1.000000 0.000000 1.000000 0.000000 -1.000000 0.000000 0.000000 3822.dat
1 7 -10.000000 -40.000000 -30.000000 1.000000 0.000000 0.000000 0.000000 1.000000 0.000000 0.000000 0.000000 1.000000 4592.dat
1 7 -10.000000 -42.000000 -30.000000 1.000000 0.000000 0.000000 0.000000 0.000000 -1.000000 0.000000 1.000000 0.000000 4593.dat
1 80 -7.202010 -102.047500 0.000010 0.000951 -0.043620 0.999048 0.000042 0.999048 0.043619 -1.000000 0.000000 0.000952 6140.dat
1 80 -5.108280 -150.001800 0.000020 0.000951 -0.043620 0.999048 0.000042 0.999048 0.043619 -1.000000 0.000000 0.000952 4083.dat
1 0 12.033470 -85.192440 50.000000 0.999048 -0.043620 0.000000 0.043620 0.999048 0.000000 0.000000 0.000000 1.000000 3957.dat
1 1 -110.000100 -136.000000 0.000020 0.000000 0.000000 -1.000000 0.000000 1.000000 0.000000 1.000000 0.000000 0.000000 4315.dat
1 1 -60.000000 -136.000000 -0.000010 0.000000 0.000000 -1.000000 0.000000 1.000000 0.000000 1.000000 0.000000 0.000000 4213.dat
1 40 -29.999980 -128.000000 -0.000020 0.000000 0.000000 1.000000 0.000000 1.000000 0.000000 -1.000000 0.000000 0.000000 60581.dat
1 15 21.034480 -88.192670 0.000000 0.000000 -0.043620 -0.999073 0.000000 0.999048 -0.043621 1.000000 0.000000 0.000000 3010.dat
1 15 22.081330 -112.169700 0.000000 0.000000 -0.043620 -0.999073 0.000000 0.999048 -0.043621 1.000000 0.000000 0.000000 3010.dat
1 15 23.128190 -136.146800 -0.000010 0.000000 -0.043620 -0.999073 0.000000 0.999048 -0.043621 1.000000 0.000000 0.000000 3010.dat
1 1 -100.000000 -80.000000 30.000010 1.000000 0.000000 0.000000 0.000000 1.000000 0.000000 0.000000 0.000000 1.000000 4865a.dat
1 1 -100.000000 -80.000000 -30.000010 -1.000000 0.000000 0.000000 0.000000 1.000000 0.000000 0.000000 0.000000 -1.000000 4865a.dat
1 1 -130.000100 -80.000000 0.000010 0.000000 0.000000 -1.000000 0.000000 1.000000 0.000000 1.000000 0.000000 0.000000 3010.dat
1 80 152.000000 -6.000000 -0.000010 0.000000 -1.000000 0.000000 0.000000 0.000000 1.000000 -1.000000 0.000000 0.000000 2412b.dat
1 19 69.939080 -62.034340 0.000000 0.999048 -0.043620 0.000000 0.043620 0.999048 0.000000 0.000000 0.000000 1.000000 3032.dat
1 15 73.430680 -141.958200 -0.000010 0.999073 -0.043620 0.000000 0.043621 0.999048 0.000000 0.000000 0.000000 1.000000 3032.dat
1 2 49.958110 -62.906730 0.000000 0.000000 -0.043620 -0.999048 0.000000 0.999048 -0.043620 1.000000 0.000000 0.000000 41535.dat
1 8 -110.000000 -32.000000 0.000000 0.000000 0.000000 1.000000 0.000000 1.000000 0.000000 -1.000000 0.000000 0.000000 3829c01.dat
1 80 -130.000000 -56.000000 0.000010 0.000000 0.000000 1.000000 0.000000 1.000000 0.000000 -1.000000 0.000000 0.000000 4175.dat
1 80 -160.000000 12.000000 -39.999990 0.000000 0.000000 -1.000000 1.000000 0.000000 0.000000 0.000000 -1.000000 0.000000 3062b.dat
1 80 -160.000000 12.000000 40.000010 0.000000 0.000000 1.000000 1.000000 0.000000 0.000000 0.000000 1.000000 0.000000 3062b.dat
1 272 -80.000010 -40.000000 0.000000 0.000000 0.000000 1.000000 0.000000 1.000000 0.000000 -1.000000 0.000000 0.000000 4079.dat
1 272 -72.000000 -49.000000 0.000000 0.000000 -1.000000 0.000000 0.000000 0.000000 1.000000 -1.000005 0.000000 0.000000 3817.dat
1 272 -72.000000 -49.000000 0.000000 0.000000 -1.000000 0.000000 0.000000 0.000000 1.000000 -1.000005 0.000000 0.000000 3816.dat
1 272 -72.000000 -61.000000 0.000000 0.000000 0.000000 1.000000 0.000000 1.000000 0.000000 -1.000005 0.000000 0.000000 970.dat
1 370 -72.000000 -93.000030 0.000050 0.000000 0.000000 1.000000 0.000000 1.000000 0.000000 -1.000000 0.000000 0.000000 973.dat
1 370 -72.000000 -84.124330 -15.471850 0.000000 -0.646832 0.762633 -0.170671 0.751444 0.637342 -0.985333 -0.130160 -0.110395 3819.dat
1 370 -72.000000 -84.092830 15.574690 0.000000 -0.762675 0.646782 0.169703 0.637401 0.751614 -0.985500 0.109762 0.129428 3818.dat
1 191 -91.916160 -77.073660 -21.767550 -0.011825 -0.081028 0.996642 0.018599 -0.996558 -0.080801 0.999761 0.017581 0.013292 3820.dat
1 191 -92.635250 -79.971060 21.358080 -0.007339 0.081620 0.996637 -0.081067 -0.993432 0.080760 0.996686 -0.080201 0.013906 3820.dat
1 272 -72.000010 -117.000000 0.000000 0.087156 0.000000 0.996195 0.000000 1.000000 0.000000 -0.996199 0.000000 0.087156 11303.dat
1 191 -72.000010 -117.000000 0.000000 0.087156 0.000000 0.996195 0.000000 1.000000 0.000000 -0.996200 0.000000 0.087156 3626bp0g.dat
1 191 79.115620 -109.000000 2.511030 0.258819 0.000000 0.965926 0.000000 1.000000 0.000000 -0.965926 0.000000 0.258819 6126b.dat
