0 1192-18-KirinBoat.ldr
0 Name: 1192-18 - Kirin Boat
0 Author: Nenufar
0 Theme: Unofficial
0 CustomBrick

1 71 -40.000000 -4.000000 2.000000 1.000000 0.000000 0.000000 0.000000 1.000000 0.000000 0.000000 0.000000 1.000000 3865.dat
1 1 -120.000000 -28.000000 72.000000 1.000000 0.000000 0.000000 0.000000 1.000000 0.000000 0.000000 0.000000 1.000000 3008.dat
1 1 40.000000 -28.000000 72.000000 1.000000 0.000000 0.000000 0.000000 1.000000 0.000000 0.000000 0.000000 1.000000 3008.dat
1 1 -120.000000 -28.000000 -68.000000 1.000000 0.000000 0.000000 0.000000 1.000000 0.000000 0.000000 0.000000 1.000000 3008.dat
1 1 40.000000 -28.000000 -68.000000 1.000000 0.000000 0.000000 0.000000 1.000000 0.000000 0.000000 0.000000 1.000000 3008.dat
1 15 280.000000 -12.000000 1.999960 0.000000 0.000000 -1.000000 0.000000 1.000000 0.000000 1.000000 0.000000 0.000000 4859.dat
1 14 120.000000 -20.000000 2.000000 0.000000 0.000000 1.000000 0.000000 1.000000 0.000000 -1.000000 0.000000 0.000000 3795.dat
1 14 140.000000 -28.000000 2.000000 0.000000 0.000000 -1.000000 0.000000 1.000000 0.000000 1.000000 0.000000 0.000000 3795.dat
1 14 110.000000 -28.000000 2.000000 0.000000 0.000000 -1.000000 0.000000 1.000000 0.000000 1.000000 0.000000 0.000000 3666.dat
1 14 110.000000 -12.000000 2.000000 0.000000 0.000000 1.000000 0.000000 1.000000 0.000000 -1.000000 0.000000 0.000000 3666.dat
1 15 220.000000 -20.000000 1.999970 0.000000 0.000000 -1.000000 0.000000 1.000000 0.000000 1.000000 0.000000 0.000000 3020.dat
1 15 200.000000 -12.000000 1.999980 1.000000 0.000000 0.000000 0.000000 1.000000 0.000000 0.000000 0.000000 1.000000 3020.dat
1 14 150.000000 -20.000000 1.999990 0.000000 0.000000 -1.000000 0.000000 1.000000 0.000000 1.000000 0.000000 0.000000 3666.dat
1 0 180.000000 -20.000000 1.999980 0.000000 0.000000 -1.000000 0.000000 1.000000 0.000000 1.000000 0.000000 0.000000 3020.dat
1 15 150.000000 -12.000000 62.000000 0.000000 0.000000 -1.000000 0.000000 1.000000 0.000000 1.000000 0.000000 0.000000 43723.dat
1 15 150.000000 -12.000000 -58.000000 0.000000 0.000000 -1.000000 0.000000 1.000000 0.000000 1.000000 0.000000 0.000000 43722.dat
1 15 260.000000 -20.000000 1.999970 1.000000 0.000000 0.000000 0.000000 1.000000 0.000000 0.000000 0.000000 1.000000 3022.dat
1 14 240.000000 -28.000000 1.999970 1.000000 0.000000 0.000000 0.000000 1.000000 0.000000 0.000000 0.000000 1.000000 3022.dat
1 14 210.000000 -28.000000 -28.000030 1.000000 0.000000 0.000000 0.000000 1.000000 0.000000 0.000000 0.000000 1.000000 2420.dat
1 15 210.000000 -12.000000 -38.000030 0.000000 0.000000 -1.000000 0.000000 1.000000 0.000000 1.000000 0.000000 0.000000 43722.dat
1 15 210.000000 -12.000000 41.999980 0.000000 0.000000 -1.000000 0.000000 1.000000 0.000000 1.000000 0.000000 0.000000 43723.dat
1 14 180.000000 -28.000000 1.999980 0.000000 0.000000 -1.000000 0.000000 1.000000 0.000000 1.000000 0.000000 0.000000 3020.dat
1 14 210.000000 -28.000000 31.999970 0.000000 0.000000 1.000000 0.000000 1.000000 0.000000 -1.000000 0.000000 0.000000 2420.dat
1 15 290.000100 -20.000000 1.999960 0.000000 0.000000 -1.000000 0.000000 1.000000 0.000000 1.000000 0.000000 0.000000 3023.dat
1 14 280.000100 -28.000000 1.999960 1.000000 0.000000 0.000000 0.000000 1.000000 0.000000 0.000000 0.000000 1.000000 3022.dat
1 321 120.000000 -36.000000 -78.000020 -1.000000 0.000000 0.000000 0.000000 1.000000 0.000000 0.000000 0.000000 -1.000000 3020.dat
1 1 120.000000 -60.000000 -78.000010 1.000000 0.000000 0.000000 0.000000 1.000000 0.000000 0.000000 0.000000 1.000000 3941.dat
1 1 130.000000 -84.000000 -68.000010 1.000000 0.000000 0.000000 0.000000 1.000000 0.000000 0.000000 0.000000 1.000000 3005.dat
1 1 230.000000 -52.000000 -28.000030 -1.000000 0.000000 0.000000 0.000000 1.000000 0.000000 0.000000 0.000000 -1.000000 4286.dat
1 14 210.000000 -36.000000 21.999980 0.000000 0.000000 -1.000000 0.000000 1.000000 0.000000 1.000000 0.000000 0.000000 3829c01.dat
1 14 210.000000 -36.000000 -18.000030 0.000000 0.000000 -1.000000 0.000000 1.000000 0.000000 1.000000 0.000000 0.000000 3829c01.dat
1 71 -160.000000 -36.000000 -98.000000 0.000000 0.000000 1.000000 0.000000 1.000000 0.000000 -1.000000 0.000000 0.000000 3933.dat
1 71 -0.000010 -36.000000 -98.000030 0.000000 0.000000 -1.000000 0.000000 1.000000 0.000000 1.000000 0.000000 0.000000 3934.dat
1 14 -80.000010 -108.000000 -77.999980 0.000000 0.000000 -1.000000 0.000000 1.000000 0.000000 1.000000 0.000000 0.000000 60598.dat
1 14 -140.000000 -12.000000 2.000000 0.000000 0.000000 -1.000000 0.000000 1.000000 0.000000 1.000000 0.000000 0.000000 4079.dat
1 14 40.000000 -12.000000 2.000000 0.000000 0.000000 1.000000 0.000000 1.000000 0.000000 -1.000000 0.000000 0.000000 4079.dat
1 71 10.000000 -44.000000 -48.000020 -1.000000 0.000000 0.000000 0.000000 1.000000 0.000000 0.000000 0.000000 -1.000000 3963.dat
1 0 172.000000 -37.000000 21.999980 0.000000 1.000000 0.000000 0.000000 0.000000 1.000000 1.000000 0.000000 0.000000 3817.dat
1 0 172.000000 -37.000000 21.999980 0.000000 1.000000 0.000000 0.000000 0.000000 1.000000 1.000000 0.000000 0.000000 3816.dat
1 0 172.000000 -49.000020 21.999960 0.000000 0.000000 -1.000000 0.000000 1.000000 0.000000 1.000000 0.000000 0.000000 970.dat
1 15 172.000000 -81.000020 21.999960 0.000000 0.000000 -1.000000 0.000000 1.000000 0.000000 1.000000 0.000000 0.000000 973.dat
1 15 172.000000 -72.124340 37.471740 0.000000 0.707107 -0.707107 -0.170671 0.696732 0.696732 0.985328 0.120682 0.120683 3819.dat
1 15 172.000000 -72.092830 6.425320 0.000000 0.707107 -0.707107 0.169703 0.696851 0.696851 0.985495 -0.119998 -0.119998 3818.dat
1 15 192.152500 -66.321280 0.357890 0.000000 0.000000 -1.000000 0.000000 1.000000 0.000000 1.000000 0.000000 0.000000 3820.dat
1 15 192.506100 -66.707110 43.484540 0.000000 0.000000 -1.000000 0.000000 1.000000 0.000000 1.000000 0.000000 0.000000 3820.dat
1 14 172.000000 -105.000000 21.999940 0.000000 0.000000 -1.000000 0.000000 1.000000 0.000000 1.000000 0.000000 0.000000 3626ap01.dat
1 15 48.000010 -21.000000 2.000000 0.000000 -1.000001 0.000000 0.000000 0.000000 1.000000 -1.000000 0.000000 0.000000 3817.dat
1 15 48.000010 -21.000000 2.000000 0.000000 -1.000001 0.000000 0.000000 0.000000 1.000000 -1.000000 0.000000 0.000000 3816.dat
1 0 48.000010 -33.000030 2.000000 0.000000 0.000000 1.000001 0.000000 1.000000 0.000000 -1.000000 0.000000 0.000000 970.dat
1 15 48.000020 -64.999980 2.000000 0.000000 0.000000 1.000001 0.000000 1.000000 0.000000 -1.000000 0.000000 0.000000 973.dat
1 15 48.000020 -56.124360 -13.471780 0.000000 -0.707108 0.707107 -0.170671 0.696732 0.696732 -0.985328 -0.120682 -0.120682 3819.dat
1 15 48.000020 -56.092860 17.574620 0.000000 -0.707108 0.707107 0.169704 0.696850 0.696851 -0.985495 0.119998 0.119998 3818.dat
1 14 27.847480 -50.321320 23.642060 0.000000 0.000000 1.000001 0.000000 1.000000 0.000000 -1.000000 0.000000 0.000000 3820.dat
1 14 27.493930 -50.707130 -19.484580 0.000000 0.000000 1.000001 0.000000 1.000000 0.000000 -1.000000 0.000000 0.000000 3820.dat
1 14 48.000020 -88.999970 2.000000 0.000000 0.000000 1.000001 0.000000 1.000000 0.000000 -1.000000 0.000000 0.000000 3626ap01.dat
1 15 172.000000 -37.000020 -18.000020 0.000000 1.000001 0.000000 0.000000 0.000000 1.000000 1.000000 0.000000 0.000000 3817.dat
1 0 172.000000 -37.000020 -18.000020 0.000000 1.000001 0.000000 0.000000 0.000000 1.000000 1.000000 0.000000 0.000000 3816.dat
1 0 172.000000 -49.000020 -18.000030 0.000000 0.000000 -1.000001 0.000000 1.000000 0.000000 1.000000 0.000000 0.000000 970.dat
1 1 172.000000 -81.000010 -18.000020 0.000000 0.000000 -1.000001 0.000000 1.000000 0.000000 1.000000 0.000000 0.000000 973.dat
1 1 172.000000 -72.124330 -2.528250 0.000000 0.173629 -0.984812 -0.170671 0.970363 0.171080 0.985328 0.168078 0.029633 3819.dat
1 1 172.000000 -72.092830 -33.574660 0.000000 0.707108 -0.707108 0.169703 0.696851 0.696851 0.985495 -0.119998 -0.119998 3818.dat
1 1 192.152500 -66.321280 -39.642110 0.000000 0.000000 -1.000001 0.000000 1.000000 0.000000 1.000000 0.000000 0.000000 3820.dat
1 1 185.147000 -56.251600 5.295570 -0.097895 -0.565177 -0.819142 -0.030414 0.824409 -0.565178 0.994732 -0.030415 -0.097895 3820.dat
1 14 172.000000 -105.000000 -18.000020 0.000000 0.000000 -1.000001 0.000000 1.000000 0.000000 1.000000 0.000000 0.000000 3626ap01.dat
1 1 -148.000000 -21.000000 2.000000 0.000000 1.000000 0.000000 0.000000 0.000000 1.000000 1.000000 0.000000 0.000000 3817.dat
1 1 -148.000000 -21.000000 2.000000 0.000000 1.000000 0.000000 0.000000 0.000000 1.000000 1.000000 0.000000 0.000000 3816.dat
1 1 -148.000000 -33.000000 2.000030 0.000000 0.000000 -1.000001 0.000000 1.000000 0.000000 1.000000 0.000000 0.000000 970.dat
1 2 -148.000000 -65.000060 2.000020 0.000000 0.000000 -1.000001 0.000000 1.000000 0.000000 1.000000 0.000000 0.000000 973.dat
1 2 -148.000000 -56.124340 17.471800 0.000000 0.707108 -0.707107 -0.170671 0.696732 0.696732 0.985328 0.120683 0.120683 3819.dat
1 2 -148.000000 -56.092830 -13.574630 0.000000 0.707107 -0.707107 0.169703 0.696851 0.696851 0.985496 -0.119998 -0.119998 3818.dat
1 14 -127.847500 -50.321280 -19.642070 0.000000 0.000000 -1.000001 0.000000 1.000000 0.000000 1.000000 0.000000 0.000000 3820.dat
1 14 -127.493900 -50.707110 23.484610 0.000000 0.000000 -1.000001 0.000000 1.000000 0.000000 1.000000 0.000000 0.000000 3820.dat
1 14 -148.000000 -89.000090 2.000000 0.000000 0.000000 -1.000001 0.000000 1.000000 0.000000 1.000000 0.000000 0.000000 3626ap01.dat
1 0 171.999900 -105.000100 21.999890 0.000000 0.000000 -1.000000 0.000000 1.000000 0.000000 1.000000 0.000000 0.000000 3842b.dat
1 15 48.000010 -89.000000 2.000080 0.000000 -0.000001 1.000000 0.000000 1.000000 0.000001 -1.000000 0.000000 0.000000 3842b.dat
1 1 171.999900 -104.999900 -18.000000 0.000000 0.000000 -1.000000 0.000000 1.000000 0.000000 1.000000 0.000000 0.000000 3842b.dat
1 0 -148.000000 -89.000130 1.999980 0.000000 0.000000 -1.000000 0.000000 1.000000 0.000000 1.000000 0.000000 0.000000 3842b.dat
