0 1192-9-Pokeball.ldr
0 Name: 1192-9 - Pokeball
0 Author: Nenufar
0 Theme: Unofficial
0 CustomBrick

1 0 -9.902989 -33.174540 109.000000 0.998135 0.000000 -0.061049 0.061049 0.000000 0.998135 0.000000 -1.000000 0.000000 3794b.dat
1 0 -10.000000 -10.000000 109.000000 1.000000 0.000000 0.000000 0.000000 0.000000 1.000000 0.000000 -1.000000 0.000000 3794b.dat
1 0 0.078370 -32.564050 101.000000 0.998135 0.000000 -0.061049 0.061049 0.000000 0.998135 0.000000 -1.000000 0.000000 3794b.dat
1 0 0.000000 -10.000000 101.000000 1.000000 0.000000 0.000000 0.000000 0.000000 1.000000 0.000000 -1.000000 0.000000 3794b.dat
1 4 20.041050 -31.343070 83.000010 0.061049 -0.998135 0.000000 -0.998135 -0.061049 0.000000 0.000000 0.000000 -1.000000 87087.dat
1 15 20.000000 -10.000000 83.000010 0.000000 -1.000000 0.000000 -1.000000 0.000000 0.000000 0.000000 0.000000 -1.000000 87087.dat
1 0 28.026110 -30.854670 33.000000 0.000000 -0.998135 -0.061049 0.000000 -0.061049 0.998135 -1.000000 0.000000 0.000000 3666.dat
1 0 28.000000 -9.999990 33.000000 0.000000 -1.000000 0.000000 0.000000 0.000000 1.000000 -1.000000 0.000000 0.000000 3666.dat
1 4 20.041040 -31.343040 -17.000020 -0.061049 -0.998135 0.000000 0.998135 -0.061049 0.000000 0.000000 0.000000 1.000000 87087.dat
1 15 20.000000 -9.999990 -17.000010 0.000000 -1.000000 0.000000 1.000000 0.000000 0.000000 0.000000 0.000000 1.000000 87087.dat
1 0 51.981360 -29.389500 33.000000 0.000000 -0.998134 -0.061049 0.000000 -0.061049 0.998134 -1.000000 0.000000 0.000000 3937.dat
1 15 52.000000 -29.999980 33.000010 0.000000 -1.000000 0.000000 0.000000 0.000000 1.000000 -1.000000 0.000000 0.000000 3938.dat
1 0 -20.000000 -9.999980 -51.000020 1.000000 0.000000 0.000000 0.000000 0.000000 -1.000000 0.000000 1.000000 0.000000 3023.dat
1 0 -19.884310 -33.784950 -51.000020 0.998135 0.000000 0.061049 0.061049 0.000000 -0.998135 0.000000 1.000000 0.000000 3023.dat
1 0 0.078360 -32.563980 -35.000020 0.998135 0.000000 0.061049 0.061049 0.000000 -0.998135 0.000000 1.000000 0.000000 3794b.dat
1 0 -9.902980 -33.174470 -43.000020 0.998135 0.000000 0.061049 0.061049 0.000000 -0.998135 0.000000 1.000000 0.000000 3794b.dat
1 0 0.000000 -9.999980 -35.000010 1.000000 0.000000 0.000000 0.000000 0.000000 -1.000000 0.000000 1.000000 0.000000 3794b.dat
1 0 -10.000000 -9.999980 -43.000010 1.000000 0.000000 0.000000 0.000000 0.000000 -1.000000 0.000000 1.000000 0.000000 3794b.dat
1 0 -110.000000 -9.999929 109.000100 -1.000000 0.000000 0.000000 0.000000 0.000000 -1.000004 0.000000 -1.000000 0.000000 3794b.dat
1 0 -109.716500 -39.279380 109.000000 -0.998135 0.000000 0.061049 -0.061049 0.000000 -0.998138 0.000000 -1.000000 0.000000 3794b.dat
1 0 -120.000200 -9.999929 101.000100 -1.000000 0.000000 0.000000 0.000000 0.000000 -1.000004 0.000000 -1.000000 0.000000 3794b.dat
1 0 -119.697900 -39.889970 101.000100 -0.998135 0.000000 0.061049 -0.061049 0.000000 -0.998138 0.000000 -1.000000 0.000000 3794b.dat
1 15 -140.000200 -9.999929 83.000080 0.000000 1.000000 0.000000 1.000004 0.000000 0.000000 0.000000 0.000000 -1.000000 87087.dat
1 4 -139.660700 -41.110830 83.000100 -0.061049 0.998135 0.000000 0.998138 0.061049 0.000000 0.000000 0.000000 -1.000000 87087.dat
1 0 -147.999600 -9.999949 33.000060 0.000000 1.000000 0.000000 0.000000 0.000000 -1.000003 -1.000001 0.000000 0.000000 3666.dat
1 0 -147.645800 -41.599240 33.000060 0.000000 0.998135 0.061049 0.000000 0.061049 -0.998138 -1.000001 0.000000 0.000000 3666.dat
1 15 -140.000200 -9.999969 -16.999990 0.000000 1.000000 0.000000 -1.000003 0.000000 0.000000 0.000000 0.000000 1.000000 87087.dat
1 4 -139.660700 -41.110880 -16.999980 0.061049 0.998135 0.000000 -0.998138 0.061049 0.000000 0.000000 0.000000 1.000000 87087.dat
1 0 -99.735110 -38.668820 -50.999940 -0.998135 0.000000 -0.061049 -0.061049 0.000000 0.998135 0.000000 1.000000 0.000000 3023.dat
1 0 -100.000000 -9.999969 -50.999960 -1.000000 0.000000 0.000000 0.000000 0.000000 1.000004 0.000000 1.000000 0.000000 3023.dat
1 0 -120.000200 -9.999969 -34.999980 -1.000000 0.000000 0.000000 0.000000 0.000000 1.000004 0.000000 1.000000 0.000000 3794b.dat
1 0 -110.000100 -9.999969 -42.999980 -1.000000 0.000000 0.000000 0.000000 0.000000 1.000003 0.000000 1.000000 0.000000 3794b.dat
1 0 -119.698000 -39.889940 -35.000000 -0.998135 0.000000 -0.061049 -0.061049 0.000000 0.998138 0.000000 1.000000 0.000000 3794b.dat
1 0 -109.716500 -39.279400 -43.000000 -0.998135 0.000000 -0.061049 -0.061049 0.000000 0.998138 0.000000 1.000000 0.000000 3794b.dat
1 4 -47.386740 -75.541870 -26.999720 -0.998135 0.000000 -0.061049 -0.061049 0.000000 0.998135 0.000000 1.000000 0.000000 87087.dat
1 4 -67.349420 -76.762760 -26.999730 -0.998135 0.000000 -0.061049 -0.061049 0.000000 0.998135 0.000000 1.000000 0.000000 87087.dat
1 4 -66.250680 -94.729160 -16.999680 0.000000 -0.061049 0.998135 0.000000 0.998136 0.061049 -1.000004 0.000000 0.000000 3794b.dat
1 4 -46.288180 -93.508580 -16.999840 0.000000 -0.061049 0.998138 0.000000 0.998143 0.061049 -1.000005 0.000000 0.000000 3794b.dat
1 4 -58.589060 -56.189600 -50.999740 -0.061049 0.000000 0.998135 0.998134 0.000000 0.061049 0.000000 1.000000 0.000000 3002.dat
1 4 -58.588740 -56.189520 -59.000040 0.998134 0.000000 0.061049 0.061049 0.000000 -0.998135 0.000000 1.000008 0.000000 3023.dat
1 0 -59.809780 -36.226930 -59.000000 -0.998135 0.000000 -0.061049 -0.061049 0.000000 0.998135 0.000000 1.000009 0.000000 3710.dat
1 0 -59.809780 -36.226930 -67.000000 0.998134 0.000000 0.061049 0.061049 0.000000 -0.998135 0.000000 1.000008 0.000000 3069b.dat
1 0 -60.000020 -9.999969 -58.999970 -1.000000 0.000000 0.000000 0.000000 0.000000 1.000000 0.000000 1.000000 0.000000 3710.dat
1 0 -60.000020 -9.999969 -66.999970 1.000000 0.000000 0.000000 0.000000 0.000000 -1.000000 0.000000 1.000000 0.000000 3069b.dat
1 15 -60.000020 10.000030 -50.999980 0.000000 0.000000 1.000000 1.000000 0.000000 0.000000 0.000000 1.000000 0.000000 3002.dat
1 15 -60.000020 10.000040 -58.999980 1.000000 0.000000 0.000000 0.000000 0.000000 -1.000000 0.000000 1.000000 0.000000 3023.dat
1 0 52.000000 -9.999990 33.000010 0.000000 -1.000000 0.000000 0.000000 0.000000 1.000000 -1.000000 0.000000 0.000000 3004.dat
1 0 60.000000 -19.999990 33.000010 0.000000 -1.000000 0.000000 0.000000 0.000000 -1.000000 1.000000 0.000000 0.000000 3068b.dat
1 15 -70.000000 30.000040 -26.999950 1.000000 0.000000 0.000000 0.000000 0.000000 -0.999997 0.000000 0.999998 0.000000 87087.dat
1 15 -50.000030 30.000050 -26.999980 1.000000 0.000000 0.000000 0.000000 0.000000 -1.000001 0.000000 1.000001 0.000000 87087.dat
1 15 -49.999880 47.999950 -16.999910 -0.000001 0.000000 -1.000000 0.000000 -1.000002 0.000000 -1.000005 0.000000 0.000001 3794b.dat
1 15 -69.999740 48.000370 -17.000080 -0.000001 0.000000 -1.000003 0.000000 -1.000009 0.000000 -1.000006 0.000000 0.000001 3794b.dat
1 0 -60.000040 -10.000020 125.000200 -1.000000 0.000000 0.000000 0.000000 0.000000 -0.999998 0.000000 -1.000006 0.000000 3710.dat
1 0 -59.999980 -10.000010 133.000000 1.000000 0.000000 0.000000 0.000000 0.000000 1.000000 0.000000 -1.000008 0.000000 3069b.dat
1 0 -59.809720 -36.227000 125.000000 -0.998135 0.000000 0.061049 -0.061049 0.000000 -0.998135 0.000000 -1.000000 0.000000 3710.dat
1 0 -59.809740 -36.227000 132.999900 0.998135 0.000000 -0.061049 0.061049 0.000000 0.998135 0.000000 -1.000000 0.000000 3069b.dat
1 4 -67.349060 -76.762920 92.999790 0.998140 0.000000 -0.061049 0.061049 0.000001 0.998141 0.000000 -1.000004 0.000001 87087.dat
1 4 -47.386400 -75.541980 92.999820 0.998141 0.000000 -0.061049 0.061049 0.000001 0.998141 0.000000 -1.000005 0.000001 87087.dat
1 4 -46.287380 -93.508480 82.999720 -0.000001 -0.061049 -0.998141 0.000000 0.998143 -0.061049 1.000008 0.000001 -0.000001 3794b.dat
1 4 -66.249960 -94.729800 82.999860 -0.000001 -0.061050 -0.998144 0.000000 0.998149 -0.061049 1.000010 0.000000 -0.000001 3794b.dat
1 4 -58.588800 -56.189700 117.000000 -0.061049 0.000000 -0.998140 0.998141 0.000001 -0.061049 0.000001 -1.000004 0.000000 3002.dat
1 4 -58.588840 -56.189640 125.000200 -0.998135 0.000000 0.061049 -0.061049 0.000000 -0.998135 0.000000 -1.000008 0.000000 3023.dat
1 15 -60.000230 10.000470 125.000300 -1.000006 0.000000 0.000000 0.000000 0.000000 -1.000007 0.000000 -1.000004 0.000000 3023.dat
1 15 -50.000180 30.000600 93.000050 -1.000006 0.000000 0.000000 0.000000 -0.000001 -1.000004 0.000000 -1.000003 0.000000 87087.dat
1 15 -70.000220 30.000600 93.000050 -1.000006 0.000000 0.000000 0.000000 -0.000001 -1.000008 0.000000 -1.000005 0.000000 87087.dat
1 15 -70.000360 48.000620 82.999980 0.000000 0.000000 1.000006 0.000000 -1.000009 0.000000 1.000009 0.000000 0.000000 3794b.dat
1 15 -50.000440 48.001030 83.000170 0.000000 0.000000 1.000009 0.000000 -1.000016 0.000000 1.000010 0.000000 0.000000 3794b.dat
1 15 -60.000200 10.000590 117.000000 0.000000 0.000000 -1.000000 1.000000 0.000000 0.000000 0.000000 -1.000000 0.000000 3002.dat
1 4 -138.439700 -61.073620 3.000070 0.000000 0.998136 0.061049 0.000000 0.061049 -0.998136 -1.000000 0.000000 0.000000 2420.dat
1 4 -129.844200 -70.566960 -17.000090 -0.061049 0.998131 0.000000 0.998132 0.061049 0.000000 0.000001 0.000000 -1.000000 3023.dat
1 4 -129.233900 -80.547820 3.000090 0.061049 0.998141 0.000000 -0.998141 0.061049 0.000000 0.000000 0.000000 1.000000 3794b.dat
1 15 -121.248900 -80.059460 -16.999920 0.061049 0.998136 0.000000 -0.998136 0.061049 0.000000 0.000000 0.000000 1.000000 26604.dat
1 4 -92.525990 -58.265290 -42.999940 0.061048 0.000000 -0.998136 -0.998136 -0.000001 -0.061048 -0.000001 1.000000 0.000000 2420.dat
1 4 -101.286100 -78.838540 -34.999920 0.998136 0.000000 0.061048 0.061049 -0.000001 -0.998136 0.000000 1.000000 -0.000001 3023.dat
1 4 -112.488100 -59.486100 -35.000110 0.998136 0.000000 0.061048 0.061048 -0.000001 -0.998137 0.000000 1.000002 -0.000001 3794b.dat
1 4 -146.424600 -61.561940 23.000070 0.000000 0.998135 0.061049 0.000000 0.061049 -0.998135 -1.000000 0.000000 0.000000 2420.dat
1 4 -100.187000 -96.804920 -16.999910 0.998136 -0.061048 0.000000 0.061049 0.998136 -0.000001 0.000000 0.000001 1.000000 3023.dat
1 4 -92.525970 -58.265230 -50.999980 -0.061049 0.000000 0.998136 0.998136 0.000000 0.061049 0.000000 1.000000 0.000000 3024.dat
1 4 -89.229310 -112.164700 3.000050 0.000000 -0.061049 0.998136 0.000000 0.998136 0.061049 -1.000000 0.000000 0.000000 3024.dat
1 4 -89.717650 -104.179600 3.000050 -0.998136 -0.061049 0.000000 -0.061049 0.998136 0.000000 0.000000 0.000000 -1.000000 2420.dat
1 4 -116.157200 -97.781870 23.000000 -0.998136 -0.061048 0.000000 -0.061048 0.998136 0.000000 0.000000 0.000000 -1.000000 3794b.dat
1 4 -105.687300 -105.156500 23.000020 -0.998136 -0.061048 0.000000 -0.061048 0.998136 0.000000 0.000000 0.000000 -1.000000 3794b.dat
1 4 -146.424700 -61.562130 43.000040 0.061048 0.998135 0.000000 -0.998135 0.061048 0.000000 0.000000 0.000000 1.000000 2420.dat
1 4 -100.186800 -96.805110 83.000130 0.998138 -0.061048 0.000000 0.061048 0.998135 0.000000 0.000000 0.000000 1.000004 3023.dat
1 4 -129.233500 -80.547940 63.000160 0.061048 0.998137 0.000000 -0.998135 0.061048 0.000000 0.000000 0.000000 1.000004 3794b.dat
1 15 -121.248500 -80.059570 83.000160 0.000000 0.998137 -0.061048 0.000000 0.061048 0.998135 1.000004 0.000000 0.000000 26604.dat
1 4 -89.716800 -104.179700 62.999820 0.000000 -0.061048 -0.998135 -0.000001 0.998135 -0.061048 1.000000 0.000001 0.000000 2420.dat
1 4 -129.844000 -70.566630 83.000170 -0.061049 0.998138 -0.000001 0.998134 0.061049 0.000000 0.000000 -0.000001 -1.000004 3023.dat
1 4 -105.687300 -105.156400 43.000040 0.998137 -0.061049 0.000000 0.061049 0.998134 -0.000001 0.000000 0.000001 1.000004 3794b.dat
1 4 -138.439600 -61.073620 63.000140 0.061048 0.998138 0.000000 -0.998135 0.061048 0.000000 0.000000 0.000000 1.000004 2420.dat
1 4 -101.285700 -78.838610 101.000300 0.998138 0.000000 -0.061049 0.061049 0.000001 0.998135 0.000000 -1.000004 0.000001 3023.dat
1 4 -89.228580 -112.164800 63.000120 0.000000 -0.061048 0.998137 0.000000 0.998135 0.061049 -1.000004 0.000000 0.000000 3024.dat
1 4 -92.525290 -58.265560 117.000600 0.061049 0.000000 0.998137 -0.998134 0.000001 0.061049 -0.000001 -1.000004 0.000000 3024.dat
1 4 -92.525290 -58.265490 109.000400 -0.998137 0.000000 0.061049 -0.061049 0.000000 -0.998134 0.000000 -1.000004 0.000000 2420.dat
1 4 -116.157200 -97.781930 43.000040 -0.998138 -0.061048 0.000000 -0.061048 0.998135 0.000000 0.000000 0.000000 -1.000005 3794b.dat
1 4 -112.488100 -59.486440 101.000300 -0.998138 0.000000 0.061049 -0.061049 0.000000 -0.998134 0.000000 -1.000005 0.000000 3794b.dat
1 4 21.261210 -51.306120 62.999960 0.000000 -0.998134 0.061049 0.000000 -0.061049 -0.998134 1.000000 0.000000 0.000000 2420.dat
1 4 13.886390 -61.775760 83.000040 -0.061048 -0.998132 0.000000 0.998132 -0.061049 0.000000 0.000000 0.000000 1.000000 3023.dat
1 4 14.497420 -71.756870 62.999890 0.061049 -0.998139 0.000000 -0.998139 -0.061050 0.000001 -0.000001 0.000000 -1.000000 3794b.dat
1 15 6.512380 -72.245280 82.999880 0.061049 -0.998135 0.000000 -0.998135 -0.061049 0.000000 -0.000001 0.000000 -1.000000 26604.dat
1 4 -24.652470 -54.114220 108.999900 0.061049 0.000000 0.998135 -0.998134 0.000000 0.061049 0.000000 -1.000000 0.000000 2420.dat
1 4 -13.450300 -73.466320 100.999900 -0.998135 0.000000 0.061049 -0.061049 0.000000 -0.998134 0.000000 -1.000000 0.000000 3023.dat
1 4 -4.689870 -52.893100 101.000100 -0.998135 0.000000 0.061050 -0.061049 0.000000 -0.998136 0.000000 -1.000001 0.000000 3794b.dat
1 4 29.246400 -50.817600 42.999920 0.000000 -0.998135 0.061049 0.000000 -0.061049 -0.998134 1.000000 0.000000 0.000000 2420.dat
1 4 -12.351400 -91.432750 82.999900 -0.998134 -0.061049 0.000000 -0.061049 0.998134 0.000000 0.000000 0.000000 -1.000000 3023.dat
1 4 -24.652520 -54.114230 117.000000 -0.061049 0.000000 -0.998135 0.998135 0.000000 -0.061049 0.000000 -1.000000 0.000000 3024.dat
1 4 -21.355890 -108.013500 62.999900 0.000000 -0.061049 -0.998135 0.000000 0.998135 -0.061049 1.000000 0.000000 0.000000 3024.dat
1 4 -21.844340 -100.028700 62.999910 0.998135 -0.061049 0.000000 0.061049 0.998135 -0.000001 0.000000 0.000001 1.000000 2420.dat
1 4 3.618460 -90.456100 42.999910 0.998135 -0.061049 0.000000 0.061049 0.998134 -0.000001 0.000000 0.000001 1.000000 3794b.dat
1 4 -5.874340 -99.051730 42.999870 0.998135 -0.061049 0.000000 0.061049 0.998134 -0.000001 0.000000 0.000001 1.000000 3794b.dat
1 4 29.246670 -50.817570 22.999890 0.061049 -0.998135 0.000000 -0.998134 -0.061049 0.000001 -0.000001 0.000000 -1.000000 2420.dat
1 4 -12.351500 -91.432840 -17.000090 -0.998135 -0.061049 0.000000 -0.061049 0.998135 0.000000 0.000000 0.000000 -1.000001 3023.dat
1 4 14.497400 -71.756980 2.999910 0.061049 -0.998135 0.000000 -0.998135 -0.061049 0.000001 -0.000001 0.000000 -1.000001 3794b.dat
1 15 6.512340 -72.245380 -17.000100 0.000000 -0.998135 -0.061049 0.000000 -0.061049 0.998135 -1.000001 0.000000 0.000000 26604.dat
1 4 -21.844520 -100.028400 2.999900 0.000000 -0.061049 0.998135 0.000000 0.998135 0.061049 -1.000001 0.000000 0.000000 2420.dat
1 4 13.886860 -61.775760 -17.000130 -0.061049 -0.998135 0.000001 0.998135 -0.061049 0.000000 0.000001 0.000001 1.000001 3023.dat
1 4 -5.874310 -99.051650 22.999860 -0.998135 -0.061049 0.000000 -0.061049 0.998135 0.000000 0.000000 0.000000 -1.000001 3794b.dat
1 4 21.261360 -51.306310 2.999890 0.061049 -0.998135 0.000000 -0.998135 -0.061049 0.000001 0.000000 0.000000 -1.000000 2420.dat
1 4 -13.450390 -73.466380 -35.000120 -0.998135 0.000000 -0.061049 -0.061049 0.000000 0.998135 0.000000 1.000001 0.000000 3023.dat
1 4 -21.356030 -108.013400 2.999900 0.000000 -0.061049 -0.998135 0.000000 0.998135 -0.061049 1.000001 0.000000 0.000000 3024.dat
1 4 -24.652720 -54.114340 -51.000480 0.061048 0.000000 -0.998135 -0.998135 0.000000 -0.061049 0.000000 1.000001 0.000000 3024.dat
1 4 -24.652770 -54.114250 -43.000170 0.998135 0.000000 0.061049 0.061049 0.000000 -0.998135 0.000000 1.000001 0.000000 2420.dat
1 4 3.618710 -90.456050 22.999880 0.998135 -0.061049 0.000000 0.061049 0.998135 -0.000001 0.000000 0.000001 1.000001 3794b.dat
1 4 -4.689930 -52.893240 -35.000110 0.998135 0.000000 0.061049 0.061049 -0.000001 -0.998135 0.000000 1.000001 -0.000001 3794b.dat
1 71 -164.226400 -32.594680 33.000060 0.061049 0.998135 0.000000 -0.998135 0.061049 0.000000 0.000000 0.000000 1.000000 60474.dat
1 15 -172.211000 -33.082920 33.000050 0.061050 0.998134 0.000000 -0.998132 0.061050 0.000000 0.000000 0.000000 1.000000 14769.dat
1 0 -155.630800 -42.087670 33.000060 0.000000 0.998135 -0.061049 0.000000 0.061049 0.998135 1.000000 0.000000 0.000000 3710.dat
1 4 -154.409700 -62.050520 33.000030 0.000000 0.998135 0.061049 0.000000 0.061049 -0.998135 -1.000000 0.000000 0.000000 3023.dat
1 15 -140.000000 9.999080 62.999980 0.000000 1.000000 0.000000 0.000000 0.000000 0.999981 0.999982 0.000000 0.000000 2420.dat
1 15 -131.999900 19.999760 82.999810 0.000000 1.000002 0.000000 -0.999998 0.000000 0.000000 0.000000 0.000000 1.000000 3023.dat
1 15 -132.000500 29.999760 62.999670 0.000000 1.000009 0.000000 1.000005 0.000001 0.000000 0.000000 0.000000 -1.000000 3794b.dat
1 15 -124.000400 29.999760 82.999640 0.000000 1.000005 0.000000 1.000000 0.000000 0.000000 0.000000 0.000000 -1.000000 26604.dat
1 15 -94.000290 9.999800 108.999800 -0.000001 0.000000 -1.000005 1.000000 0.000001 -0.000001 0.000001 -1.000000 0.000000 2420.dat
1 15 -104.000300 29.999720 100.999800 1.000004 0.000000 0.000000 0.000000 0.000000 1.000000 0.000000 -1.000000 0.000000 3023.dat
1 15 -114.000200 9.999760 101.000000 1.000005 0.000000 -0.000001 0.000001 0.000001 1.000002 0.000000 -1.000002 0.000001 3794b.dat
1 15 -148.000200 10.000440 42.999680 0.000000 1.000000 0.000000 0.000000 0.000000 1.000000 1.000000 0.000000 0.000000 2420.dat
1 15 -104.000300 48.000410 82.999680 1.000004 0.000000 0.000000 0.000000 -1.000000 0.000000 0.000000 0.000000 -1.000000 3023.dat
1 15 -94.000290 9.999770 116.999900 0.000000 0.000000 1.000005 -1.000000 0.000000 0.000000 0.000000 -1.000000 0.000000 3024.dat
1 15 -94.000270 64.000530 62.999710 0.000000 0.000000 1.000004 0.000000 -1.000000 0.000000 1.000000 0.000000 0.000000 3024.dat
1 15 -94.000240 56.000430 62.999680 -1.000004 0.000000 0.000000 0.000000 -1.000000 0.000000 0.000000 0.000000 1.000000 2420.dat
1 15 -120.000200 48.000440 42.999680 -1.000005 0.000001 0.000000 -0.000001 -1.000000 0.000001 0.000000 0.000001 1.000000 3794b.dat
1 15 -110.000100 56.000560 42.999740 -1.000005 0.000001 0.000000 -0.000001 -1.000000 0.000001 0.000000 0.000001 1.000000 3794b.dat
1 15 -148.000100 10.000450 22.999620 0.000000 1.000000 0.000000 1.000000 0.000001 0.000000 0.000000 0.000000 -1.000000 2420.dat
1 15 -104.000400 47.999870 -16.999790 1.000000 0.000001 0.000000 0.000000 -1.000001 0.000000 0.000000 0.000000 -1.000000 3023.dat
1 15 -132.000400 29.999830 3.000210 -0.000001 1.000000 0.000000 1.000001 0.000001 0.000000 0.000000 0.000000 -1.000000 3794b.dat
1 15 -124.000400 29.999820 -16.999800 0.000000 1.000000 0.000001 0.000000 0.000001 -1.000001 -1.000000 0.000000 0.000000 26604.dat
1 15 -93.999690 55.999860 3.000120 0.000000 0.000001 -0.999989 0.000001 -1.000001 0.000000 -0.999995 -0.000001 0.000000 2420.dat
1 15 -132.000400 19.999890 -16.999860 0.000000 1.000000 -0.000001 -1.000001 0.000000 0.000000 0.000000 0.000001 1.000000 3023.dat
1 15 -110.000300 55.999860 23.000220 1.000000 0.000001 0.000000 0.000000 -1.000000 0.000001 0.000000 -0.000001 -1.000000 3794b.dat
1 15 -140.000500 9.999949 3.000160 -0.000001 1.000000 0.000000 1.000000 0.000000 0.000000 0.000000 0.000000 -1.000000 2420.dat
1 15 -104.000300 29.999850 -34.999820 1.000000 0.000000 0.000001 0.000000 0.000000 -1.000001 0.000000 1.000000 0.000000 3023.dat
1 15 -94.000430 64.000000 3.000160 0.000000 0.000001 1.000000 0.000000 -1.000001 0.000000 1.000000 0.000000 0.000000 3024.dat
1 15 -94.000300 10.000080 -51.000160 0.000000 0.000000 1.000000 1.000001 -0.000001 0.000000 0.000001 1.000000 0.000000 3024.dat
1 15 -94.000300 9.999949 -42.999800 -1.000000 0.000000 0.000000 0.000000 0.000000 1.000001 0.000000 1.000000 0.000000 2420.dat
1 15 -120.000600 47.999880 23.000140 -1.000000 0.000001 0.000000 0.000000 -1.000001 0.000000 0.000000 0.000001 1.000001 3794b.dat
1 15 -114.000200 9.999949 -34.999760 -1.000000 0.000000 0.000000 0.000000 0.000000 1.000001 0.000000 1.000001 -0.000001 3794b.dat
1 15 19.999370 10.000650 2.999040 0.000000 -1.000000 0.000000 0.000000 0.000000 1.000000 -1.000000 0.000000 0.000000 2420.dat
1 15 11.999200 20.000680 -17.000200 0.000000 -0.999998 0.000000 -1.000000 0.000000 0.000000 0.000000 0.000000 -1.000002 3023.dat
1 15 11.999810 30.000590 3.000080 0.000000 -1.000005 0.000000 1.000007 0.000000 0.000000 0.000000 0.000000 1.000002 3794b.dat
1 15 3.999820 30.000600 -17.000010 0.000000 -1.000000 0.000000 1.000002 0.000000 0.000000 0.000000 0.000000 1.000002 26604.dat
1 15 -26.000100 10.000540 -43.000120 0.000001 0.000000 1.000000 1.000003 0.000001 -0.000001 -0.000001 1.000002 0.000000 2420.dat
1 15 -16.000180 30.000610 -35.000140 -1.000000 0.000000 0.000000 0.000000 0.000001 1.000002 0.000000 1.000002 0.000000 3023.dat
1 15 -6.000160 10.000470 -35.000290 -1.000000 0.000000 0.000001 0.000000 0.000001 1.000004 0.000000 1.000003 -0.000001 3794b.dat
1 15 27.999640 10.000480 23.000050 0.000000 -1.000000 0.000000 0.000000 0.000000 1.000000 -1.000000 0.000000 0.000000 2420.dat
1 15 -16.000190 48.000380 -17.000000 -1.000000 0.000000 0.000000 0.000000 -1.000000 0.000000 0.000000 0.000000 1.000000 3023.dat
1 15 -26.000100 10.000530 -51.000120 0.000000 0.000000 -1.000000 -1.000002 0.000000 0.000000 0.000000 1.000002 0.000000 3024.dat
1 15 -26.000070 64.000580 3.000090 0.000000 0.000000 -1.000000 0.000000 -1.000002 0.000000 -1.000002 0.000000 0.000000 3024.dat
1 15 -26.000100 56.000520 3.000090 1.000000 0.000000 0.000000 0.000000 -1.000002 0.000000 0.000000 0.000000 -1.000002 2420.dat
1 15 -0.000370 48.000560 22.999980 1.000000 0.000000 -0.000001 0.000000 -1.000002 0.000001 -0.000001 -0.000001 -1.000002 3794b.dat
1 15 -10.000320 56.000620 23.000010 1.000000 0.000000 -0.000001 0.000000 -1.000002 0.000001 -0.000001 -0.000001 -1.000002 3794b.dat
1 15 27.999900 10.000450 42.999840 0.000000 -1.000000 0.000000 1.000000 0.000000 0.000000 0.000000 0.000000 1.000000 2420.dat
1 15 -16.000280 48.000520 82.999850 -1.000005 0.000000 0.000000 0.000000 -1.000012 0.000000 0.000000 0.000000 1.000003 3023.dat
1 15 11.999820 30.000360 62.999810 0.000000 -1.000005 0.000000 1.000012 0.000000 0.000000 0.000000 0.000000 1.000003 3794b.dat
1 15 3.999810 30.000380 82.999860 0.000000 -1.000005 0.000000 0.000000 0.000000 -1.000012 1.000003 0.000000 0.000000 26604.dat
1 15 -26.000380 56.000640 62.999820 0.000000 0.000000 1.000005 0.000001 -1.000012 0.000000 1.000003 0.000001 0.000000 2420.dat
1 15 11.999780 20.000250 82.999920 0.000000 -1.000005 0.000001 -1.000012 0.000000 0.000000 0.000000 -0.000001 -1.000003 3023.dat
1 15 -10.000250 56.000610 42.999850 -1.000005 0.000000 0.000001 0.000000 -1.000011 0.000001 0.000001 0.000001 1.000003 3794b.dat
1 15 19.999690 9.999960 62.999720 0.000000 -1.000000 0.000000 1.000000 0.000000 0.000000 0.000000 0.000000 1.000000 2420.dat
1 15 -16.000270 30.000400 100.999900 -1.000005 0.000000 0.000000 0.000000 0.000000 -1.000012 0.000000 -1.000003 0.000000 3023.dat
1 15 -26.000360 64.000810 62.999830 0.000000 0.000000 -1.000005 0.000000 -1.000012 0.000000 -1.000003 0.000000 0.000000 3024.dat
1 15 -26.000360 10.000190 117.000200 -0.000001 0.000000 -1.000005 1.000012 -0.000001 0.000000 -0.000001 -1.000003 0.000000 3024.dat
1 15 -26.000390 10.000110 108.999900 1.000005 0.000000 0.000000 0.000000 0.000000 1.000012 0.000000 -1.000003 0.000000 2420.dat
1 15 -0.000130 48.000560 42.999850 1.000005 0.000000 0.000000 0.000000 -1.000012 0.000001 0.000000 -0.000001 -1.000003 3794b.dat
1 15 -6.000260 10.000100 100.999900 1.000005 0.000000 0.000000 0.000000 0.000001 1.000012 0.000000 -1.000003 0.000000 3794b.dat
1 15 -60.000320 56.000600 32.999930 0.000000 0.000000 1.000000 0.000000 -1.000000 0.000000 1.000000 0.000000 0.000000 3795.dat
1 15 -60.000320 64.000590 32.999930 1.000000 0.000000 0.000000 0.000000 -1.000000 0.000000 0.000000 0.000000 -1.000000 3795.dat
1 15 -60.000300 64.000600 72.999920 1.000000 0.000000 0.000000 0.000000 -1.000000 0.000000 0.000000 0.000000 -1.000000 3022.dat
1 15 -60.000320 64.000590 -7.000070 1.000000 0.000000 0.000000 0.000000 -1.000000 0.000000 0.000000 0.000000 -1.000000 3022.dat
1 15 -90.000320 72.000590 32.999950 0.000000 0.000000 1.000000 0.000000 -1.000000 0.000000 1.000000 0.000000 0.000000 3023.dat
1 15 -30.000310 72.000590 32.999920 0.000000 0.000000 1.000000 0.000000 -1.000000 0.000000 1.000000 0.000000 0.000000 3023.dat
1 15 -60.000320 72.000590 32.999920 0.000000 0.000000 1.000000 0.000000 -1.000000 0.000000 1.000000 0.000000 0.000000 3020.dat
1 15 -60.000320 80.000580 32.999920 0.000000 0.000000 1.000000 0.000000 -1.000000 0.000000 1.000000 0.000000 0.000000 3068b.dat
1 4 -55.292700 -110.089200 32.999850 0.998135 -0.061049 0.000000 0.061049 0.998135 0.000000 0.000000 0.000000 1.000000 3795.dat
1 4 -55.292700 -110.089200 -6.999900 0.998135 -0.061049 0.000000 0.061049 0.998135 0.000000 0.000000 0.000000 1.000000 3022.dat
1 4 -84.748340 -119.905700 32.999820 0.000000 -0.061049 0.998135 0.000000 0.998135 0.061049 -1.000000 0.000000 0.000000 3023.dat
1 4 -24.860180 -116.242800 32.999840 0.000000 -0.061049 0.998135 0.000000 0.998135 0.061049 -1.000000 0.000000 0.000000 3023.dat
1 4 -54.804340 -118.074300 32.999840 0.000000 -0.061049 0.998135 0.000000 0.998135 0.061049 -1.000000 0.000000 0.000000 3020.dat
1 4 -54.316070 -126.059400 33.000760 0.000000 -0.061049 0.998134 0.000000 0.998135 0.061049 -0.999991 0.000000 0.000000 3068b.dat
1 4 -55.292700 -110.089200 72.999900 0.998135 -0.061049 0.000000 0.061049 0.998135 0.000000 0.000000 0.000000 0.999997 3022.dat
1 4 -55.781100 -102.104100 33.000150 0.000000 -0.061049 -0.998135 0.000000 0.998135 -0.061049 1.000000 0.000000 0.000000 3795.dat
1 15 22.482590 -71.268620 22.999880 0.000000 -0.998135 -0.061049 0.000000 -0.061049 0.998135 -1.000000 0.000000 0.000000 87087.dat
1 15 22.482310 -71.268650 42.999920 0.000000 -0.998135 -0.061049 0.000000 -0.061049 0.998135 -1.000000 0.000000 0.000000 87087.dat
1 15 -137.218700 -81.036370 43.000040 0.000000 0.998135 -0.061049 0.000000 0.061049 0.998135 1.000000 0.000000 0.000000 87087.dat
1 15 -137.218300 -81.036400 23.000030 0.000000 0.998135 -0.061049 0.000000 0.061049 0.998135 1.000000 0.000000 0.000000 87087.dat
1 15 -140.000100 30.000460 22.999620 0.000000 1.000000 0.000000 0.000000 0.000000 -1.000000 -1.000000 0.000000 0.000000 87087.dat
1 15 -140.000200 30.000440 42.999690 0.000000 1.000000 0.000000 0.000000 0.000000 -1.000000 -1.000000 0.000000 0.000000 87087.dat
1 15 19.999920 30.000460 42.999840 0.000000 -1.000000 0.000000 0.000000 0.000000 -1.000000 1.000000 0.000000 0.000000 87087.dat
1 15 19.999650 30.000490 23.000040 0.000000 -1.000000 0.000000 0.000000 0.000000 -1.000000 1.000000 0.000000 0.000000 87087.dat
1 4 37.231470 -50.329220 32.999910 0.000000 -0.998135 -0.061049 0.000001 -0.061049 0.998135 -1.000000 0.000000 0.000001 3023.dat
1 15 35.999640 10.000480 33.000050 0.000000 -1.000000 0.000000 0.000000 0.000000 -1.000000 1.000000 0.000000 0.000000 3023.dat
1 0 -99.735130 -38.668670 117.000000 0.998135 0.000000 -0.061048 0.061049 0.000000 0.998128 0.000000 -0.999997 0.000000 3023.dat
1 0 -100.000100 -9.999800 117.000100 1.000000 0.000000 0.000000 0.000000 0.000001 1.000002 0.000000 -1.000002 0.000001 3023.dat
1 0 -19.884310 -33.785050 117.000000 0.998135 0.000000 -0.061049 0.061049 0.000000 0.998135 0.000000 -1.000000 0.000000 3023.dat
1 0 -20.000010 -9.999860 117.000100 1.000000 0.000000 0.000000 0.000000 0.000001 1.000014 0.000000 -1.000010 0.000001 3023.dat
1 0 -155.999600 -9.999980 33.000040 0.000000 1.000000 0.000000 0.000000 0.000000 -1.000000 -1.000000 0.000000 0.000000 2431.dat
1 15 -156.000100 10.000450 32.999620 0.000000 1.000000 0.000000 0.000000 0.000000 -1.000000 -1.000000 0.000000 0.000000 3069b.dat
1 33 -151.000000 -30.000000 68.000000 0.000000 -1.000000 0.000000 1.000000 0.000000 0.000000 0.000000 0.000000 1.000000 6126b.dat
1 33 -140.507600 -23.492450 -4.000000 0.000000 -1.000000 0.000000 -1.000000 0.000000 0.000000 0.000000 0.000000 -1.000000 6126b.dat
1 0 36.000000 -9.999980 3.000000 0.000000 -1.000000 0.000000 -1.000000 0.000000 0.000000 0.000000 0.000000 -1.000000 3024.dat
1 0 36.011180 -30.366260 3.000000 0.061049 -0.998135 0.000000 -0.998135 -0.061049 0.000000 0.000000 0.000000 -1.000000 3024.dat
1 0 36.000000 -9.999990 63.000020 0.000000 -1.000000 0.000000 -1.000000 0.000000 0.000000 0.000000 0.000000 -1.000000 3024.dat
1 0 36.011190 -30.366290 63.000020 0.061049 -0.998135 0.000000 -0.998135 -0.061049 0.000000 0.000000 0.000000 -1.000000 3024.dat
