0 4404-2-Truck.ldr
0 Name: 4404-2 - Truck
0 Author: Anonymous
0 Theme: Unofficial
0 CustomBrick

1 0 4.000060 -41.907510 42.466830 1.000000 0.000000 0.000000 0.000000 1.000000 0.000000 0.000000 0.000000 1.000000 3137c01.dat
1 0 3.999970 -41.907500 -37.533370 1.000003 0.000000 0.000000 0.000000 1.000000 0.000000 0.000000 0.000000 1.000003 3137c01.dat
1 15 3.999970 -49.907510 2.466760 0.000000 0.000000 1.000003 0.000000 1.000000 0.000000 -1.000003 0.000000 0.000000 3795.dat
1 256 -27.000370 -19.907500 -37.533370 0.000000 0.000000 1.000003 -0.112297 -0.993675 0.000000 0.993678 -0.112298 0.000000 3641.dat
1 256 35.000060 -19.907510 42.466860 0.000000 0.000000 -1.000003 -0.112297 -0.993675 0.000000 -0.993678 0.112298 0.000000 3641.dat
1 256 -27.000370 -19.907510 42.466900 0.000000 0.000000 1.000003 -0.112297 -0.993675 0.000000 0.993678 -0.112298 0.000000 3641.dat
1 256 35.000060 -19.907500 -37.533370 0.000000 0.000000 -1.000003 -0.112297 -0.993675 0.000000 -0.993678 0.112298 0.000000 3641.dat
1 46 3.999970 -57.907510 2.466760 0.000000 0.000000 1.000003 0.000000 1.000000 0.000000 -1.000003 0.000000 0.000000 3032.dat
1 1 3.999970 -81.907500 52.466920 1.000003 0.000000 0.000000 0.000000 1.000000 0.000000 0.000000 0.000000 1.000003 3010.dat
1 40 3.999970 -89.907500 -27.533340 1.000003 0.000000 0.000000 0.000000 1.000000 0.000000 0.000000 0.000000 1.000003 57783.dat
1 14 24.000120 -94.890410 23.727910 0.000000 0.000000 1.000003 -0.130527 0.991445 0.000000 -0.991447 -0.130527 0.000000 3709b.dat
1 14 -16.000030 -94.890410 23.727910 0.000000 0.000000 1.000003 -0.130527 0.991445 0.000000 -0.991448 -0.130527 0.000000 3709b.dat
1 36 -26.000060 -106.737700 -4.971320 0.000000 0.000000 1.000003 -0.130527 0.991445 0.000000 -0.991448 -0.130527 0.000000 6141.dat
1 36 34.000120 -106.737800 -4.971320 0.000000 0.000000 1.000003 -0.130527 0.991445 0.000000 -0.991448 -0.130527 0.000000 6141.dat
1 4 3.999970 -125.311400 37.819250 1.000003 0.000000 0.000000 0.000000 0.991445 0.130527 0.000000 -0.130527 0.991448 3135c03.dat
