0 4404-0-Car.ldr
0 Name: 4404-0 - Car
0 Author: Anonymous
0 Theme: Unofficial
0 CustomBrick

1 4 0.000000 -8.000000 0.000000 1.000000 0.000000 0.000000 0.000000 1.000000 0.000000 0.000000 0.000000 1.000000 3027.dat
1 14 140.000000 0.000000 0.000000 1.000000 0.000000 0.000000 0.000000 1.000000 0.000000 0.000000 0.000000 1.000000 3795.dat
1 0 -140.000000 0.000000 0.000000 1.000000 0.000000 0.000000 0.000000 1.000000 0.000000 0.000000 0.000000 1.000000 3795.dat
1 7 -180.000000 8.000000 0.000000 0.000000 0.000000 -1.000000 0.000000 1.000000 0.000000 1.000000 0.000000 0.000000 122c01.dat
1 7 180.000000 8.000000 -0.000010 0.000000 0.000000 -1.000000 0.000000 1.000000 0.000000 1.000000 0.000000 0.000000 122c01.dat
1 256 -180.000000 14.000000 -31.000000 -0.993675 0.112297 0.000000 -0.112297 -0.993675 0.000000 0.000000 0.000000 1.000000 3641.dat
1 256 -180.000000 14.000000 31.000000 -0.993675 0.112297 0.000000 -0.112297 -0.993675 0.000000 0.000000 0.000000 1.000000 3641.dat
1 256 180.000000 14.000000 -31.000010 -0.993675 0.112297 0.000000 -0.112297 -0.993675 0.000000 0.000000 0.000000 1.000000 3641.dat
1 256 180.000000 14.000000 31.000000 -0.993675 0.112297 0.000000 -0.112297 -0.993675 0.000000 0.000000 0.000000 1.000000 3641.dat
1 0 -190.000000 -24.000000 0.000000 0.000000 0.000000 1.000000 0.000000 1.000000 0.000000 -1.000000 0.000000 0.000000 3937.dat
1 0 -195.000000 -22.660260 0.000000 0.000000 0.500000 0.866026 0.000000 0.866026 -0.500000 -1.000000 0.000000 0.000000 3938.dat
1 38 -199.000000 -29.588460 -10.000000 0.000000 0.866026 -0.500000 0.000000 -0.500000 -0.866026 -1.000000 0.000000 0.000000 6126b.dat
1 38 -202.999700 -36.516890 10.000050 0.000000 0.866026 -0.499999 0.000000 -0.499999 -0.866024 -1.000000 0.000000 0.000000 6126b.dat
1 38 -199.000000 -29.588480 10.000000 0.866026 0.500000 0.000000 -0.500000 0.866026 0.000000 0.000000 0.000000 1.000000 85861.dat
1 47 -140.000000 -32.000000 20.000010 0.000000 0.000000 1.000000 0.000000 1.000000 0.000000 -1.000000 0.000000 0.000000 3001.dat
1 47 -140.000000 -80.000000 0.000010 0.000000 0.000000 1.000005 0.000000 1.000000 0.000000 -1.000005 0.000000 0.000000 3001.dat
1 47 -159.999500 -104.000000 0.000060 0.000000 0.000000 1.000000 0.000000 1.000000 0.000000 -1.000000 0.000000 0.000000 3001.dat
1 47 -140.000000 -56.000000 -19.999990 0.000000 0.000000 1.000000 0.000000 1.000000 0.000000 -1.000000 0.000000 0.000000 3001.dat
1 47 -140.000000 -32.000000 -40.000000 1.000000 0.000000 0.000000 0.000000 1.000000 0.000000 0.000000 0.000000 1.000000 3003.dat
1 47 -140.000000 -56.000000 40.000000 1.000000 0.000000 0.000000 0.000000 1.000000 0.000000 0.000000 0.000000 1.000000 3003.dat
1 47 -140.000000 -80.000000 -50.000000 1.000000 0.000000 0.000000 0.000000 1.000000 0.000000 0.000000 0.000000 1.000000 3004.dat
1 47 -140.000000 -80.000000 50.000000 1.000000 0.000000 0.000000 0.000000 1.000000 0.000000 0.000000 0.000000 1.000000 3004.dat
1 47 -130.000000 -104.000000 -20.000140 0.000000 0.000000 1.000000 0.000000 1.000000 0.000000 -1.000000 0.000000 0.000000 3004.dat
1 15 -179.999500 -128.000000 0.000080 0.000000 0.000000 1.000000 0.000000 1.000000 0.000000 -1.000000 0.000000 0.000000 3001.dat
1 7 -199.999500 -136.000000 0.000080 0.000000 0.000000 -1.000000 0.000000 1.000000 0.000000 1.000000 0.000000 0.000000 3035.dat
1 46 -79.810410 -116.212000 -0.000120 0.998441 0.055822 -0.000003 -0.055822 0.998440 0.000000 0.000003 0.000000 1.000000 3036.dat
1 1 19.587090 -129.781800 0.000180 0.998440 0.055822 -0.000003 -0.055822 0.998441 0.000000 0.000003 0.000000 1.000000 3456.dat
1 41 150.000000 -128.000000 0.000010 0.000000 0.000000 -1.000000 0.000000 1.000000 0.000000 1.000000 0.000000 0.000000 59349.dat
