0 4404-3-VehicleDiorama.ldr
0 Name: 4404-3 - Vehicle Diorama
0 Author: Anonymous
0 Theme: Unofficial
0 CustomBrick

1 10 -219.998200 -8.000000 59.999440 0.999982 0.000000 0.000000 0.000000 1.000000 0.000000 0.000000 0.000000 0.999982 92438.dat
1 2 -219.999000 -8.000000 -80.000080 1.000000 0.000000 0.000000 0.000000 1.000000 0.000000 0.000000 0.000000 1.000000 3027.dat
1 10 -39.998920 0.000000 -0.000240 0.000000 0.000000 -0.999996 0.000000 1.000000 0.000000 0.999996 0.000000 0.000000 3028.dat
1 15 60.001220 -8.000000 -0.000280 0.000000 0.000000 -1.000000 0.000000 1.000000 0.000000 1.000000 0.000000 0.000000 3028.dat
1 71 160.001300 -16.000000 -0.000310 0.000000 0.000000 -1.000000 0.000000 1.000000 0.000000 1.000000 0.000000 0.000000 3028.dat
1 14 260.000500 -24.000000 -0.000350 0.000000 0.000000 -1.000000 0.000000 1.000000 0.000000 1.000000 0.000000 0.000000 3033.dat
1 15 340.001300 -32.000000 -0.000390 0.000001 0.000000 -1.000000 0.000000 1.000000 0.000000 1.000000 0.000000 0.000001 3033.dat
1 4 440.004800 -40.000000 -0.000440 0.000001 0.000000 -1.000005 0.000000 1.000000 0.000000 1.000005 0.000000 0.000001 3033.dat
1 36 430.004800 -32.000000 -70.000650 1.000005 0.000000 0.000000 0.000000 1.000000 0.000000 0.000000 0.000000 1.000005 3024.dat
1 27 -480.000300 -16.000000 40.000000 -1.000000 0.000000 0.000000 0.000000 1.000000 0.000000 0.000000 0.000000 -1.000000 30503.dat
1 27 -399.998400 -16.000000 -0.000140 0.000000 0.000000 1.000000 0.000000 1.000000 0.000000 -1.000000 0.000000 0.000000 3035.dat
1 27 -480.000200 -16.000000 -40.000230 -0.000001 0.000000 1.000000 0.000000 1.000000 0.000000 -1.000000 0.000000 -0.000001 30503.dat
1 0 -309.998700 -16.000000 89.999780 1.000000 0.000000 0.000000 0.000000 1.000000 0.000000 0.000000 0.000000 1.000000 3710.dat
1 72 -169.998800 -16.000000 69.999680 1.000000 0.000000 0.000000 0.000000 1.000000 0.000000 0.000000 0.000000 1.000000 3623.dat
1 322 -179.999000 -24.000000 69.999690 0.000000 0.000000 -1.000000 0.000000 1.000000 0.000000 1.000000 0.000000 0.000000 90397.dat
1 27 -299.998800 -24.000000 89.999770 0.000000 0.000000 -1.000000 0.000000 1.000000 0.000000 1.000000 0.000000 0.000000 18746.dat
1 15 -389.997400 -80.000000 -0.000140 -0.000001 0.000000 1.000000 0.000000 1.000000 0.000000 -1.000000 0.000000 -0.000001 6079.dat
1 0 -389.997400 -104.000000 -0.000140 0.000000 0.000000 -1.000000 0.000000 1.000000 0.000000 1.000000 0.000000 0.000000 3009.dat
1 0 -369.997800 -40.000000 -70.000000 0.000000 0.000000 1.000000 0.000000 1.000000 0.000000 -1.000000 0.000000 0.000000 4070.dat
1 14 -383.997500 -30.000000 -70.000000 0.000000 1.000000 0.000000 0.000000 0.000000 -1.000000 -1.000000 0.000000 0.000000 3070bp04.dat
1 72 390.005400 -64.000000 -90.000890 1.000005 0.000000 0.000000 0.000000 1.000000 0.000000 0.000000 0.000000 1.000005 3005.dat
1 1 290.001200 -56.000000 -90.000840 1.000005 0.000000 0.000000 0.000000 1.000000 0.000000 0.000000 0.000000 1.000005 3005.dat
1 36 290.001300 -40.000000 89.999970 1.000005 0.000000 0.000000 0.000000 1.000000 0.000000 0.000000 0.000000 1.000005 3024.dat
1 36 290.001300 -48.000000 89.999970 1.000005 0.000000 0.000000 0.000000 1.000000 0.000000 0.000000 0.000000 1.000005 3024.dat
1 36 290.001300 -56.000000 89.999970 1.000005 0.000000 0.000000 0.000000 1.000000 0.000000 0.000000 0.000000 1.000005 3024.dat
1 47 490.003700 -64.000000 -80.000720 0.000001 0.000000 -1.000005 0.000000 1.000000 0.000000 1.000005 0.000000 0.000001 3004.dat
1 272 460.004400 -64.000000 89.999900 1.000005 0.000000 0.000000 0.000000 1.000000 0.000000 0.000000 0.000000 1.000005 3004.dat
1 272 220.001200 -48.000000 89.999640 1.000000 0.000000 0.000000 0.000000 1.000000 0.000000 0.000000 0.000000 1.000000 3004.dat
1 30 260.000500 -48.000000 89.999610 1.000000 0.000000 0.000000 0.000000 1.000000 0.000000 0.000000 0.000000 1.000000 3004.dat
1 71 20.001270 -32.000000 109.999800 1.000000 0.000000 0.000000 0.000000 1.000000 0.000000 0.000000 0.000000 1.000000 3004.dat
1 5 -369.997800 -32.000000 -100.000300 0.000001 0.000000 -1.000000 0.000000 1.000000 0.000000 1.000000 0.000000 0.000001 3004.dat
1 5 -369.997800 -32.000000 99.999840 0.000001 0.000000 -1.000000 0.000000 1.000000 0.000000 1.000000 0.000000 0.000001 3004.dat
1 2 -69.998950 -32.000000 -110.000300 1.000000 0.000000 0.000000 0.000000 1.000000 0.000000 0.000000 0.000000 1.000000 3005.dat
1 71 410.004900 -64.000000 90.000030 1.000000 0.000000 0.000000 0.000000 1.000000 0.000000 0.000000 0.000000 1.000000 3622.dat
1 13 60.001190 -32.000000 -110.000400 1.000000 0.000000 0.000000 0.000000 1.000000 0.000000 0.000000 0.000000 1.000000 3010.dat
1 13 -19.998930 -32.000000 -110.000300 1.000000 0.000000 0.000000 0.000000 1.000000 0.000000 0.000000 0.000000 1.000000 3010.dat
1 0 -29.998850 -8.000000 -110.000300 1.000000 0.000000 0.000000 0.000000 1.000000 0.000000 0.000000 0.000000 1.000000 3623.dat
1 13 -259.999200 -32.000000 129.999800 1.000000 0.000000 0.000000 0.000000 1.000000 0.000000 0.000000 0.000000 1.000000 3010.dat
1 25 -339.998100 -32.000000 129.999800 1.000000 0.000000 0.000000 0.000000 1.000000 0.000000 0.000000 0.000000 1.000000 3010.dat
1 13 340.001300 -56.000000 -90.000430 1.000000 0.000000 0.000000 0.000000 1.000000 0.000000 0.000000 0.000000 1.000000 3010.dat
1 0 -29.998790 -8.000000 109.999800 1.000000 0.000000 0.000000 0.000000 1.000000 0.000000 0.000000 0.000000 1.000000 3623.dat
1 25 490.004000 -64.000000 -20.000720 0.000000 0.000000 -1.000000 0.000000 1.000000 0.000000 1.000000 0.000000 0.000000 3010.dat
1 15 490.004000 -64.000000 59.999760 0.000001 0.000000 -1.000000 0.000000 1.000000 0.000000 1.000000 0.000000 0.000001 3010.dat
1 73 340.001300 -56.000000 89.999580 1.000000 0.000000 0.000000 0.000000 1.000000 0.000000 0.000000 0.000000 1.000000 3010.dat
1 73 440.004500 -64.000000 -90.000960 1.000000 0.000000 0.000000 0.000000 1.000000 0.000000 0.000000 0.000000 1.000000 3010.dat
1 73 -219.999000 -32.000000 -130.000200 1.000000 0.000000 0.000000 0.000000 1.000000 0.000000 0.000000 0.000000 1.000000 3010.dat
1 46 180.001900 -40.000000 109.999800 1.000000 0.000000 0.000000 0.000000 1.000000 0.000000 0.000000 0.000000 1.000000 3010.dat
1 71 -319.998400 -32.000000 -130.000200 -1.000000 0.000000 -0.000001 0.000000 1.000000 0.000000 0.000001 0.000000 -1.000000 3009.dat
1 368 -119.999000 -32.000000 -130.000200 -1.000000 0.000000 -0.000001 0.000000 1.000000 0.000000 0.000001 0.000000 -1.000000 3009.dat
1 73 -119.999000 -32.000000 109.999900 -1.000000 0.000000 -0.000001 0.000000 1.000000 0.000000 0.000001 0.000000 -1.000000 3009.dat
1 2 160.001200 -40.000000 -110.000400 -1.000000 0.000000 -0.000001 0.000000 1.000000 0.000000 0.000001 0.000000 -1.000000 3009.dat
1 0 50.001200 -16.000000 39.999860 0.000000 0.000000 -1.000000 0.000000 1.000000 0.000000 1.000000 0.000000 0.000000 3460.dat
1 4 -139.999200 -32.000000 129.999800 1.000000 0.000000 0.000000 0.000000 1.000000 0.000000 0.000000 0.000000 1.000000 3008.dat
1 71 -29.998790 -32.000000 109.999800 1.000000 0.000000 0.000000 0.000000 1.000000 0.000000 0.000000 0.000000 1.000000 3622.dat
1 19 80.001340 -32.000000 119.999900 1.000000 0.000000 0.000000 0.000000 1.000000 0.000000 0.000000 0.000000 1.000000 3003.dat
1 47 240.000900 -48.000000 -80.000230 1.000000 0.000000 0.000000 0.000000 1.000000 0.000000 0.000000 0.000000 1.000000 3001.dat
1 2 -319.998400 -16.000000 -110.000300 1.000000 0.000000 0.000000 0.000000 1.000000 0.000000 0.000000 0.000000 1.000000 3023.dat
1 4 -319.998400 -40.000020 -110.000300 -1.000000 0.000000 0.000000 0.000000 1.000000 0.000000 0.000000 0.000000 -1.000000 4865b.dat
1 15 -219.999000 -32.000000 -100.000300 1.000000 0.000000 0.000000 0.000000 1.000000 0.000000 0.000000 0.000000 1.000000 3007.dat
1 4 -219.999000 -40.000000 -110.000300 1.000000 0.000000 0.000000 0.000000 1.000000 0.000000 0.000000 0.000000 1.000000 3460.dat
1 4 -219.999000 -40.000000 -90.000240 1.000000 0.000000 0.000000 0.000000 1.000000 0.000000 0.000000 0.000000 1.000000 3460.dat
1 4 -209.999200 -48.000000 -90.000240 1.000000 0.000000 0.000000 0.000000 1.000000 0.000000 0.000000 0.000000 1.000000 6141.dat
1 70 -199.998300 -48.000000 -110.000300 1.000000 0.000000 0.000000 0.000000 1.000000 0.000000 0.000000 0.000000 1.000000 3710.dat
1 15 -209.999200 -72.000000 -110.000300 1.000000 0.000000 0.000000 0.000000 1.000000 0.000000 0.000000 0.000000 1.000000 3622.dat
1 15 -199.998300 -72.000000 -90.000240 1.000000 0.000000 0.000000 0.000000 1.000000 0.000000 0.000000 0.000000 1.000000 3004.dat
1 2 -199.998300 -80.000000 -100.000300 1.000000 0.000000 0.000000 0.000000 1.000000 0.000000 0.000000 0.000000 1.000000 3022.dat
1 71 -229.998800 -80.000000 -110.000300 1.000000 0.000000 0.000000 0.000000 1.000000 0.000000 0.000000 0.000000 1.000000 6141.dat
1 4 35.000000 -33.907490 -243.000000 1.000000 0.000000 0.000000 0.000000 1.000000 0.000000 0.000000 0.000000 1.000000 3027.dat
1 14 175.000000 -25.907490 -243.000000 1.000000 0.000000 0.000000 0.000000 1.000000 0.000000 0.000000 0.000000 1.000000 3795.dat
1 0 -105.000000 -25.907500 -243.000000 1.000000 0.000000 0.000000 0.000000 1.000000 0.000000 0.000000 0.000000 1.000000 3795.dat
1 7 -145.000000 -17.907500 -243.000000 0.000000 0.000000 -1.000000 0.000000 1.000000 0.000000 1.000000 0.000000 0.000000 122c01.dat
1 7 215.000000 -17.907480 -243.000000 0.000000 0.000000 -1.000000 0.000000 1.000000 0.000000 1.000000 0.000000 0.000000 122c01.dat
1 256 -145.000000 -11.907490 -274.000000 -0.993675 0.112297 0.000000 -0.112297 -0.993675 0.000000 0.000000 0.000000 1.000000 3641.dat
1 256 -145.000000 -11.907500 -212.000000 -0.993675 0.112297 0.000000 -0.112297 -0.993675 0.000000 0.000000 0.000000 1.000000 3641.dat
1 256 215.000000 -11.907480 -274.000000 -0.993675 0.112297 0.000000 -0.112297 -0.993675 0.000000 0.000000 0.000000 1.000000 3641.dat
1 256 215.000000 -11.907480 -212.000000 -0.993675 0.112297 0.000000 -0.112297 -0.993675 0.000000 0.000000 0.000000 1.000000 3641.dat
1 0 -155.000000 -49.907500 -243.000000 0.000000 0.000000 1.000000 0.000000 1.000000 0.000000 -1.000000 0.000000 0.000000 3937.dat
1 0 -160.000000 -48.567760 -243.000000 0.000000 0.500000 0.866026 0.000000 0.866026 -0.500000 -1.000000 0.000000 0.000000 3938.dat
1 38 -164.000000 -55.495960 -253.000000 0.000000 0.866026 -0.500000 0.000000 -0.500000 -0.866026 -1.000000 0.000000 0.000000 6126b.dat
1 38 -167.999700 -62.424380 -232.999900 0.000000 0.866026 -0.499999 0.000000 -0.499999 -0.866024 -1.000000 0.000000 0.000000 6126b.dat
1 38 -164.000000 -55.495980 -233.000000 0.866026 0.500000 0.000000 -0.500000 0.866026 0.000000 0.000000 0.000000 1.000000 85861.dat
1 47 -105.000000 -57.907500 -223.000000 0.000000 0.000000 1.000000 0.000000 1.000000 0.000000 -1.000000 0.000000 0.000000 3001.dat
1 47 -105.000000 -105.907500 -243.000000 0.000000 0.000000 1.000005 0.000000 1.000000 0.000000 -1.000005 0.000000 0.000000 3001.dat
1 47 -124.999500 -129.907500 -242.999900 0.000000 0.000000 1.000000 0.000000 1.000000 0.000000 -1.000000 0.000000 0.000000 3001.dat
1 47 -105.000000 -81.907500 -263.000000 0.000000 0.000000 1.000000 0.000000 1.000000 0.000000 -1.000000 0.000000 0.000000 3001.dat
1 47 -105.000000 -57.907500 -283.000000 1.000000 0.000000 0.000000 0.000000 1.000000 0.000000 0.000000 0.000000 1.000000 3003.dat
1 47 -105.000000 -81.907500 -203.000000 1.000000 0.000000 0.000000 0.000000 1.000000 0.000000 0.000000 0.000000 1.000000 3003.dat
1 47 -105.000000 -105.907500 -293.000000 1.000000 0.000000 0.000000 0.000000 1.000000 0.000000 0.000000 0.000000 1.000000 3004.dat
1 47 -105.000000 -105.907500 -193.000000 1.000000 0.000000 0.000000 0.000000 1.000000 0.000000 0.000000 0.000000 1.000000 3004.dat
1 47 -94.999980 -129.907500 -263.000200 0.000000 0.000000 1.000000 0.000000 1.000000 0.000000 -1.000000 0.000000 0.000000 3004.dat
1 15 -144.999500 -153.907500 -242.999900 0.000000 0.000000 1.000000 0.000000 1.000000 0.000000 -1.000000 0.000000 0.000000 3001.dat
1 7 -164.999500 -161.907500 -242.999900 0.000000 0.000000 -1.000000 0.000000 1.000000 0.000000 1.000000 0.000000 0.000000 3035.dat
1 46 -44.810410 -142.119500 -243.000100 0.998441 0.055822 -0.000003 -0.055822 0.998440 0.000000 0.000003 0.000000 1.000000 3036.dat
1 1 54.587080 -155.689300 -242.999800 0.998440 0.055822 -0.000003 -0.055822 0.998441 0.000000 0.000003 0.000000 1.000000 3456.dat
1 41 185.000000 -153.907500 -243.000000 0.000000 0.000000 -1.000000 0.000000 1.000000 0.000000 1.000000 0.000000 0.000000 59349.dat
1 0 -140.000000 -19.000010 -9.999849 -1.000000 0.000000 0.000000 0.000000 1.000000 0.000000 0.000000 0.000000 -1.000001 3832.dat
1 15 -140.000000 -27.000000 -9.999849 -1.000000 0.000000 0.000000 0.000000 1.000000 0.000000 0.000000 0.000000 -1.000001 3033.dat
1 15 -60.000040 -51.000000 -9.999869 0.000000 0.000000 1.000000 0.000000 1.000000 0.000000 -1.000001 0.000000 0.000000 3001.dat
1 15 -100.000000 -51.000000 -29.999870 0.000000 0.000000 1.000000 0.000000 1.000000 0.000000 -1.000001 0.000000 0.000000 3001.dat
1 15 -99.999950 -51.000000 30.000140 -1.000000 0.000000 0.000000 0.000000 1.000000 0.000000 0.000000 0.000000 -1.000000 3003.dat
1 15 -180.000100 -51.000020 -29.999930 0.000000 0.000000 1.000000 0.000000 1.000000 0.000000 -1.000001 0.000000 0.000000 3001.dat
1 15 -180.000100 -51.000020 29.999990 -1.000000 0.000000 0.000000 0.000000 1.000000 0.000000 0.000000 0.000000 -1.000001 3003.dat
1 15 -220.000100 -51.000000 10.000870 0.000000 0.000000 -1.000000 0.000000 1.000000 0.000000 1.000001 0.000000 0.000000 3001.dat
1 15 -220.000100 -51.000000 -49.999940 1.000002 0.000000 0.000000 0.000000 1.000000 0.000000 0.000000 0.000000 1.000003 3003.dat
1 15 -140.000000 -51.000000 -29.999900 0.000000 0.000000 1.000000 0.000000 1.000000 0.000000 -1.000001 0.000000 0.000000 3001.dat
1 15 -140.000100 -51.000020 30.000260 -1.000000 0.000000 0.000000 0.000000 1.000000 0.000000 0.000000 0.000000 -1.000001 3003.dat
1 14 -180.000100 -90.999970 -29.999980 0.000000 0.000000 1.000000 0.000000 1.000000 0.000000 -1.000001 0.000000 0.000000 3001.dat
1 14 -179.999700 -90.999980 29.999630 -1.000002 0.000000 0.000000 0.000000 1.000000 0.000000 0.000000 0.000000 -1.000003 3003.dat
1 14 -139.999600 -90.999980 9.998680 0.000000 0.000000 -0.999997 0.000000 1.000000 0.000000 0.999999 0.000000 0.000000 3001.dat
1 14 -140.000100 -90.999970 -50.000100 1.000000 0.000000 0.000000 0.000000 1.000000 0.000000 0.000000 0.000000 1.000001 3003.dat
1 14 -220.000100 -90.999980 10.000080 0.000000 0.000000 1.000000 0.000000 1.000000 0.000000 -1.000001 0.000000 0.000000 3001.dat
1 14 -220.000100 -90.999970 -49.999960 -1.000000 0.000000 0.000000 0.000000 1.000000 0.000000 0.000000 0.000000 -1.000001 3003.dat
1 191 -200.000100 -115.000000 -49.999920 -1.000000 0.000000 0.000000 0.000000 1.000000 0.000000 0.000000 0.000000 -1.000001 3001.dat
1 191 -200.000000 -115.000000 30.000120 -1.000000 0.000000 0.000000 0.000000 1.000000 0.000000 0.000000 0.000000 -1.000001 3001.dat
1 14 -240.000100 -115.000000 -9.999909 -1.000000 0.000000 0.000000 0.000000 1.000000 0.000000 0.000000 0.000000 -1.000001 3003.dat
1 4 -100.000000 -90.999980 -9.999880 0.000000 0.000000 -1.000000 0.000000 1.000000 0.000000 1.000001 0.000000 0.000000 3001.dat
1 13 -100.000000 -114.999900 -9.999840 0.000000 0.000000 -1.000000 0.000000 1.000000 0.000000 1.000001 0.000000 0.000000 3001.dat
1 191 -100.000000 -139.000000 -9.999810 0.000000 0.000000 -1.000000 0.000000 1.000000 0.000000 1.000001 0.000000 0.000000 3001.dat
1 0 -60.000040 -83.000000 -9.999860 0.000000 0.000000 -1.000000 0.000000 1.000000 0.000000 1.000001 0.000000 0.000000 3001.dat
1 25 -60.000080 -107.000000 -9.999829 0.000000 0.000000 -1.000000 0.000000 1.000000 0.000000 1.000001 0.000000 0.000000 3001.dat
1 69 -60.000110 -131.000000 -9.999790 0.000000 0.000000 -1.000000 0.000000 1.000000 0.000000 1.000001 0.000000 0.000000 3001.dat
1 0 -10.000010 -82.999980 -19.999900 0.000000 0.000000 -1.000000 0.000000 1.000000 0.000000 1.000001 0.000000 0.000000 4070.dat
1 14 3.999860 -72.999980 -19.999900 0.000000 -1.000000 0.000000 0.000000 0.000000 -1.000000 1.000002 0.000000 0.000000 3070bp04.dat
1 0 207.871900 -204.301700 0.999600 0.000000 0.166769 0.985996 0.000000 0.985996 -0.166769 -1.000000 0.000000 0.000000 4476.dat
1 15 263.321500 -116.316900 40.999560 0.985996 0.166769 0.000000 -0.166769 0.985996 0.000000 0.000000 0.000000 1.000000 3001.dat
1 15 184.441900 -102.975400 40.999550 0.985996 0.166769 0.000000 -0.166769 0.985996 0.000000 0.000000 0.000000 1.000000 3001.dat
1 15 184.441900 -102.975400 -39.000470 0.985996 0.166769 0.000000 -0.166769 0.985996 0.000000 0.000000 0.000000 1.000000 3001.dat
1 15 263.321500 -116.316900 -39.000470 0.985996 0.166769 0.000000 -0.166769 0.985996 0.000000 0.000000 0.000000 1.000000 3001.dat
1 15 122.613500 -108.745200 0.999570 0.000000 0.166769 -0.985996 0.000000 0.985996 0.166769 1.000000 0.000000 0.000000 3001.dat
1 15 126.615200 -85.081210 1.000850 -0.985996 0.166769 0.000000 0.166769 0.985996 0.000000 0.000000 0.000000 -0.999993 3003.dat
1 15 118.611000 -132.409100 0.999600 -0.985996 0.166769 0.000000 0.166769 0.985996 0.000000 0.000000 0.000000 -1.000000 3003.dat
1 7 113.566900 -42.306000 0.999570 0.000000 0.166769 -0.985996 0.000000 0.985996 0.166769 1.000000 0.000000 0.000000 122c01.dat
1 353 98.370320 -72.190320 0.999600 0.000001 0.166769 -0.985996 0.000000 0.985996 0.166769 1.000000 0.000000 0.000001 3004.dat
1 14 468.192100 -104.314900 0.999630 0.000000 -0.985996 -0.166769 0.000000 0.166769 -0.985996 1.000000 0.000000 0.000000 3070bp04.dat
1 15 315.289600 -108.879400 0.999630 0.000000 0.166769 -0.985996 0.000000 0.985996 0.166769 1.000000 0.000000 0.000000 3829c01.dat
1 0 78.504220 -129.682400 0.999570 0.985996 0.166769 0.000000 -0.166769 0.985996 0.000000 0.000000 0.000000 1.000000 2440.dat
1 7 39.730870 -119.067500 0.999600 0.000000 0.166769 0.985996 0.000000 0.985996 -0.166769 -1.000000 0.000000 0.000000 4229.dat
1 72 267.324000 -92.652970 0.999600 0.985996 0.166769 0.000000 -0.166769 0.985996 0.000000 0.000000 0.000000 1.000000 3029.dat
1 15 367.257800 -101.441900 0.999590 0.985996 0.166769 0.000000 -0.166769 0.985996 0.000000 0.000000 0.000000 1.000000 3007.dat
1 7 140.478700 -63.085040 0.999600 0.985996 0.166769 0.000000 -0.166769 0.985996 0.000000 0.000000 0.000000 1.000000 3021.dat
1 0 112.232800 -50.193940 0.999570 0.985996 0.166769 0.000000 -0.166769 0.985996 0.000000 0.000000 0.000000 1.000000 3022.dat
1 256 114.567500 -36.390380 63.997790 0.985996 0.000000 0.166769 -0.166769 0.000000 0.985996 0.000000 -1.000000 0.000000 30367c.dat
1 256 114.567500 -36.390030 23.999400 0.166770 0.000000 -0.985996 0.986002 0.000000 0.166769 0.000000 -1.000006 0.000000 15395.dat
1 256 114.567500 -36.390550 -64.000020 -0.985996 0.000000 0.166768 0.166769 0.000000 0.985988 0.000000 0.999993 0.000000 30367c.dat
1 256 114.567500 -36.390000 -24.000910 0.166769 0.000000 0.985996 0.985997 0.000000 -0.166769 0.000000 1.000001 0.000000 15395.dat
1 6 431.254200 -82.854240 31.002680 -0.986010 0.166769 0.000000 0.166771 0.985996 0.000000 0.000000 0.000000 -1.000014 4489a.dat
1 0 430.420100 -87.784160 0.999600 0.000000 0.166769 -0.985996 0.000000 0.985996 0.166769 1.000000 0.000000 0.000000 4600.dat
1 6 431.254200 -82.854240 -28.998290 0.986010 0.166769 0.000000 -0.166771 0.985996 0.000000 0.000000 0.000000 1.000014 4489a.dat
1 14 265.989800 -100.540900 0.999600 0.000000 0.166769 -0.985996 0.000000 0.985996 0.166769 1.000000 0.000000 0.000000 4079.dat
1 0 460.304300 -102.980700 -9.000390 0.000000 -0.985996 0.166769 0.000000 0.166769 0.985996 -1.000000 0.000000 0.000000 60471.dat
1 0 425.083500 -119.336000 -9.000390 0.985996 0.166769 0.000000 -0.166769 0.985996 0.000000 0.000000 0.000000 1.000000 44301.dat
1 1 233.449400 -232.968700 -39.000460 0.000000 0.166769 0.985996 0.000000 0.985996 -0.166769 -1.000000 0.000000 0.000000 2454.dat
1 0 -309.996600 -50.000000 39.999630 1.000000 0.000000 0.000000 0.000000 1.000000 0.000000 0.000000 0.000000 1.000000 3137c01.dat
1 0 -309.996700 -49.999980 -40.000560 1.000003 0.000000 0.000000 0.000000 1.000000 0.000000 0.000000 0.000000 1.000003 3137c01.dat
1 15 -309.996700 -58.000000 -0.000430 0.000000 0.000000 1.000003 0.000000 1.000000 0.000000 -1.000003 0.000000 0.000000 3795.dat
1 256 -340.997000 -27.999990 -40.000560 0.000000 0.000000 1.000003 -0.112297 -0.993675 0.000000 0.993678 -0.112298 0.000000 3641.dat
1 256 -278.996600 -28.000000 39.999660 0.000000 0.000000 -1.000003 -0.112297 -0.993675 0.000000 -0.993678 0.112298 0.000000 3641.dat
1 256 -340.997000 -28.000000 39.999700 0.000000 0.000000 1.000003 -0.112297 -0.993675 0.000000 0.993678 -0.112298 0.000000 3641.dat
1 256 -278.996600 -27.999990 -40.000560 0.000000 0.000000 -1.000003 -0.112297 -0.993675 0.000000 -0.993678 0.112298 0.000000 3641.dat
1 46 -309.996700 -66.000000 -0.000430 0.000000 0.000000 1.000003 0.000000 1.000000 0.000000 -1.000003 0.000000 0.000000 3032.dat
1 1 -309.996700 -90.000000 49.999720 1.000003 0.000000 0.000000 0.000000 1.000000 0.000000 0.000000 0.000000 1.000003 3010.dat
1 40 -309.996700 -98.000000 -30.000540 1.000003 0.000000 0.000000 0.000000 1.000000 0.000000 0.000000 0.000000 1.000003 57783.dat
1 14 -289.996600 -102.982900 21.260720 0.000000 0.000000 1.000003 -0.130527 0.991445 0.000000 -0.991447 -0.130527 0.000000 3709b.dat
1 14 -329.996700 -102.982900 21.260720 0.000000 0.000000 1.000003 -0.130527 0.991445 0.000000 -0.991448 -0.130527 0.000000 3709b.dat
1 36 -339.996800 -114.830200 -7.438520 0.000000 0.000000 1.000003 -0.130527 0.991445 0.000000 -0.991448 -0.130527 0.000000 6141.dat
1 36 -279.996600 -114.830300 -7.438520 0.000000 0.000000 1.000003 -0.130527 0.991445 0.000000 -0.991448 -0.130527 0.000000 6141.dat
1 4 -309.996700 -133.403900 35.352050 1.000003 0.000000 0.000000 0.000000 0.991445 0.130527 0.000000 -0.130527 0.991448 3135c03.dat
1 0 -80.000000 -59.000000 30.000110 0.000000 0.000000 -1.000000 0.000000 1.000000 0.000000 1.000001 0.000000 0.000000 3933.dat
1 0 -80.000040 -58.999980 -49.999920 0.000000 0.000000 -1.000000 0.000000 1.000000 0.000000 1.000001 0.000000 0.000000 3934.dat
1 15 -180.000100 -58.999980 -9.999940 0.000000 0.000000 -1.000000 0.000000 1.000000 0.000000 1.000001 0.000000 0.000000 3795.dat
1 15 -220.000100 -59.000000 -9.999980 0.000000 0.000000 -1.000000 0.000000 1.000000 0.000000 1.000001 0.000000 0.000000 3795.dat
1 27 -160.000000 -67.000000 -9.999940 -1.000000 0.000000 0.000000 0.000000 1.000000 0.000000 0.000000 0.000000 -1.000001 3036.dat
1 71 -10.000030 -83.000000 0.000120 -1.000000 0.000000 0.000000 0.000000 1.000000 0.000000 0.000000 0.000000 -1.000001 3062b.dat
1 0 -10.000010 -90.999980 -19.999900 -1.000000 0.000000 0.000000 0.000000 1.000000 0.000000 0.000000 0.000000 -1.000001 3957.dat
1 0 -129.999600 -98.999970 -10.001250 0.000000 0.000000 -1.000000 0.000000 1.000000 0.000000 1.000001 0.000000 0.000000 3829c01.dat
1 15 -170.000000 -98.999950 -9.999990 0.000000 0.000000 -1.000000 0.000000 1.000000 0.000000 1.000001 0.000000 0.000000 4598.dat
1 1 -167.999800 -108.000100 -9.999869 0.000000 1.000000 0.000000 0.000000 0.000000 1.000000 1.000001 0.000000 0.000000 3817.dat
1 1 -168.000000 -108.000000 -10.000020 0.000000 1.000000 0.000000 0.000000 0.000000 1.000000 1.000001 0.000000 0.000000 3816.dat
1 1 -167.999800 -120.000100 -9.999869 0.000000 0.000000 -1.000000 0.000000 1.000000 0.000000 1.000001 0.000000 0.000000 970.dat
1 321 -167.999800 -152.000100 -9.999860 0.000000 0.000000 -1.000000 0.000000 1.000000 0.000000 1.000001 0.000000 0.000000 973.dat
1 321 -167.999800 -143.124400 5.471940 0.000000 0.000000 -1.000000 -0.170671 0.985328 0.000000 0.985329 0.170671 0.000000 3819.dat
1 321 -167.999800 -143.093000 -25.574500 0.000000 0.000000 -1.000000 0.169703 0.985495 0.000000 0.985496 -0.169704 0.000000 3818.dat
1 72 -157.999800 -125.256500 13.641290 -0.120683 -0.696732 -0.707107 -0.049255 0.715638 -0.696732 0.991470 -0.049255 -0.120683 3820.dat
1 72 -158.499800 -125.217000 -33.726360 0.119998 -0.696850 -0.707107 0.048984 0.715542 -0.696850 0.991566 0.048984 0.119998 3820.dat
1 14 -167.999800 -176.000100 -9.999900 0.000000 0.000000 -1.000000 0.000000 1.000000 0.000000 1.000001 0.000000 0.000000 3626bp0b.dat
1 321 -167.999800 -176.000100 -9.999900 0.000000 0.000000 -1.000000 0.000000 1.000000 0.000000 1.000001 0.000000 0.000000 3842b.dat
1 0 -230.000000 -139.000000 -59.999980 -1.000000 0.000000 0.000000 0.000000 1.000000 0.000000 0.000000 0.000000 -1.000001 4599b.dat
