0 20009-1-AT-TEWalker.ldr
0 Name: 20009-1 - AT-TE Walker
0 Author: Ken Drew [Ken]
0 Theme: Dimensions
0 Year: 2009
0 RRP: 5
0 Pieces: 100
0 CustomBrick

1 7 0.000000 0.000000 0.000000 0.000000 0.000000 1.000000 0.000000 1.000000 0.000000 -1.000000 0.000000 0.000000 3795.dat
1 8 0.000000 -8.000000 -20.000000 0.000000 0.000000 1.000000 0.000000 1.000000 0.000000 -1.000000 0.000000 0.000000 3031.dat
1 7 0.000000 0.000000 120.000000 0.000000 0.000000 1.000000 0.000000 1.000000 0.000000 -1.000000 0.000000 0.000000 3795.dat
1 7 0.000000 -8.000000 30.000000 -1.000000 0.000000 0.000000 0.000000 1.000000 0.000000 0.000000 0.000000 -1.000000 3710.dat
1 8 0.000000 -8.000000 160.000000 0.000000 0.000000 1.000000 0.000000 1.000000 0.000000 -1.000000 0.000000 0.000000 3031.dat
1 7 0.000000 -8.000000 80.000000 -1.000000 0.000000 0.000000 0.000000 1.000000 0.000000 0.000000 0.000000 -1.000000 3032.dat
1 7 0.000000 -16.000000 0.000000 0.000000 0.000000 1.000000 0.000000 1.000000 0.000000 -1.000000 0.000000 0.000000 3795.dat
1 8 0.000000 -32.000000 100.000000 0.000000 0.000000 1.000000 0.000000 1.000000 0.000000 -1.000000 0.000000 0.000000 3001.dat
1 0 0.000000 -32.000000 150.000000 -1.000000 0.000000 0.000000 0.000000 1.000000 0.000000 0.000000 0.000000 -1.000000 3937.dat
1 7 -30.000000 -32.000000 130.000000 -1.000000 0.000000 0.000000 0.000000 1.000000 0.000000 0.000000 0.000000 -1.000000 43710.dat
1 7 30.000000 -32.000000 130.000000 -1.000000 0.000000 0.000000 0.000000 1.000000 0.000000 0.000000 0.000000 -1.000000 43711.dat
1 0 -30.000000 -32.000000 80.000000 0.000000 0.000000 1.000000 0.000000 1.000000 0.000000 -1.000000 0.000000 0.000000 3937.dat
1 0 30.000000 -32.000000 80.000000 0.000000 0.000000 -1.000000 0.000000 1.000000 0.000000 1.000000 0.000000 0.000000 3937.dat
1 7 30.000000 -32.000000 110.000000 0.000000 0.000000 -1.000000 0.000000 1.000000 0.000000 1.000000 0.000000 0.000000 3040b.dat
1 7 -30.000000 -32.000000 110.000000 0.000000 0.000000 1.000000 0.000000 1.000000 0.000000 -1.000000 0.000000 0.000000 3040b.dat
1 7 30.000000 -32.000000 30.000000 1.000000 0.000000 0.000000 0.000000 1.000000 0.000000 0.000000 0.000000 1.000000 43710.dat
1 7 -30.000010 -32.000000 29.999980 1.000000 0.000000 0.000000 0.000000 1.000000 0.000000 0.000000 0.000000 1.000000 43711.dat
1 7 -30.000010 -32.000000 50.000000 0.000000 0.000000 1.000000 0.000000 1.000000 0.000000 -1.000000 0.000000 0.000000 3040b.dat
1 7 29.999990 -32.000000 50.000000 0.000000 0.000000 -1.000000 0.000000 1.000000 0.000000 1.000000 0.000000 0.000000 3040b.dat
1 7 29.999990 -16.000000 -50.000000 -1.000000 0.000000 0.000000 0.000000 1.000000 0.000000 0.000000 0.000000 -1.000000 4592.dat
1 7 -30.000020 -16.000000 -50.000000 -1.000000 0.000000 0.000000 0.000000 1.000000 0.000000 0.000000 0.000000 -1.000000 4592.dat
1 0 29.999990 -16.000000 -50.000000 -1.000000 0.000000 0.000000 0.000000 0.000000 1.000000 0.000000 1.000000 0.000000 4593.dat
1 0 -30.000020 -16.000000 -50.000000 -1.000000 0.000000 0.000000 0.000000 0.000000 1.000000 0.000000 1.000000 0.000000 4593.dat
1 7 36.757360 -28.899500 80.000000 0.000000 -0.707107 -0.707107 0.000000 0.707107 -0.707107 1.000000 0.000000 0.000000 3938.dat
1 7 -36.722740 -28.622420 80.000000 0.000000 0.707107 0.707107 0.000000 0.707107 -0.707107 -1.000000 0.000000 0.000000 3938.dat
1 7 0.000000 -31.498060 154.407500 -1.000000 0.000000 0.000000 0.000000 0.898794 -0.438371 0.000000 -0.438371 -0.898794 3938.dat
1 7 0.000000 -40.000000 50.000000 1.000000 0.000000 0.000000 0.000000 1.000000 0.000000 0.000000 0.000000 1.000000 3298.dat
1 320 0.000000 -24.000000 -50.000000 1.000000 0.000000 0.000000 0.000000 1.000000 0.000000 0.000000 0.000000 1.000000 3794b.dat
1 320 0.000000 -24.000000 -30.000000 1.000000 0.000000 0.000000 0.000000 1.000000 0.000000 0.000000 0.000000 1.000000 3794b.dat
1 320 0.000000 -24.000000 -10.000000 1.000000 0.000000 0.000000 0.000000 1.000000 0.000000 0.000000 0.000000 1.000000 3794b.dat
1 7 30.000000 -40.000000 40.000000 0.000000 0.000000 1.000000 0.000000 1.000000 0.000000 -1.000000 0.000000 0.000000 3023.dat
1 7 -30.000000 -40.000000 40.000000 0.000000 0.000000 1.000000 0.000000 1.000000 0.000000 -1.000000 0.000000 0.000000 3023.dat
1 7 0.000000 -40.000000 120.000000 -1.000000 0.000000 0.000000 0.000000 1.000000 0.000000 0.000000 0.000000 -1.000000 3020.dat
1 7 0.000000 -29.921000 175.890400 0.000000 0.000000 -1.000000 0.438371 0.898794 0.000000 0.898794 -0.438371 0.000000 3021.dat
1 320 0.000000 -40.000000 90.000000 1.000000 0.000000 0.000000 0.000000 1.000000 0.000000 0.000000 0.000000 1.000000 2412b.dat
1 320 0.000000 -40.000000 70.000000 1.000000 0.000000 0.000000 0.000000 1.000000 0.000000 0.000000 0.000000 1.000000 2412b.dat
1 7 -10.000000 -38.688410 157.914500 1.000000 0.000000 0.000000 0.000000 0.898794 0.438371 0.000000 -0.438371 0.898794 54200.dat
1 7 10.000000 -38.688410 157.914500 1.000000 0.000000 0.000000 0.000000 0.898794 0.438371 0.000000 -0.438371 0.898794 54200.dat
1 7 10.828420 -36.234600 181.194900 1.000000 0.000000 0.000000 0.000000 0.898794 0.438371 0.000000 -0.438371 0.898794 4592.dat
1 0 10.828420 -35.326240 180.728700 1.000000 0.000000 0.000000 0.000000 0.325568 0.945518 0.000000 -0.945518 0.325568 4593.dat
1 7 -9.171579 -36.234600 181.194900 1.000000 0.000000 0.000000 0.000000 0.898794 0.438371 0.000000 -0.438371 0.898794 4592.dat
1 0 -9.171579 -35.326240 180.728700 1.000000 0.000000 0.000000 0.000000 0.325568 0.945518 0.000000 -0.945518 0.325568 4593.dat
1 8 0.000000 -48.000000 120.000000 -1.000000 0.000000 0.000000 0.000000 1.000000 0.000000 0.000000 0.000000 -1.000000 3068b.dat
1 7 49.485280 -27.485280 80.000000 -0.707107 -0.707107 0.000000 -0.707107 0.707107 0.000000 0.000000 0.000000 -1.000000 4150.dat
1 7 -49.450660 -27.208200 80.000000 -0.707107 0.707107 0.000000 0.707107 0.707107 0.000000 0.000000 0.000000 -1.000000 4150.dat
1 320 0.000000 -48.000000 50.000000 1.000000 0.000000 0.000000 0.000000 1.000000 0.000000 0.000000 0.000000 1.000000 3794b.dat
1 7 0.000000 -48.000000 -10.000000 -1.000000 0.000000 0.000000 0.000000 1.000000 0.000000 0.000000 0.000000 -1.000000 4287.dat
1 8 0.000000 -48.000000 -30.000000 0.000000 0.000000 -1.000000 0.000000 1.000000 0.000000 1.000000 0.000000 0.000000 47905.dat
1 47 0.000000 -32.000000 -50.000000 0.000000 0.000000 -1.000000 0.000000 1.000000 0.000000 1.000000 0.000000 0.000000 3024.dat
1 47 0.000000 -40.000000 -50.000000 0.000000 0.000000 -1.000000 0.000000 1.000000 0.000000 1.000000 0.000000 0.000000 3024.dat
1 47 0.000000 -48.000000 -50.000000 0.000000 0.000000 -1.000000 0.000000 1.000000 0.000000 1.000000 0.000000 0.000000 3024.dat
1 7 18.198490 -37.801500 -30.000000 0.000000 -1.000000 0.000000 -1.000000 0.000000 0.000000 0.000000 0.000000 -1.000000 4592.dat
1 0 18.198490 -37.801500 -30.000000 0.000000 0.000000 -1.000000 -1.000000 0.000000 0.000000 0.000000 1.000000 0.000000 4593.dat
1 7 -18.198510 -37.801500 -30.000000 0.000000 1.000000 0.000000 1.000000 0.000000 0.000000 0.000000 0.000000 -1.000000 4592.dat
1 0 -18.198510 -37.801500 -30.000000 0.000000 0.000000 1.000000 1.000000 0.000000 0.000000 0.000000 1.000000 0.000000 4593.dat
1 7 30.000000 0.000000 10.000000 -1.000000 0.000000 0.000000 0.000000 1.000000 0.000000 0.000000 0.000000 -1.000000 3665.dat
1 7 30.000000 0.000000 150.000000 1.000000 0.000000 0.000000 0.000000 1.000000 0.000000 0.000000 0.000000 1.000000 3665.dat
1 7 -30.000000 0.000000 10.000000 -1.000000 0.000000 0.000000 0.000000 1.000000 0.000000 0.000000 0.000000 -1.000000 3665.dat
1 7 -30.000000 0.000000 150.000000 1.000000 0.000000 0.000000 0.000000 1.000000 0.000000 0.000000 0.000000 1.000000 3665.dat
1 7 30.000000 0.000000 -10.000000 0.000000 0.000000 -1.000000 0.000000 1.000000 0.000000 1.000000 0.000000 0.000000 4070.dat
1 7 -30.000000 0.000000 170.000000 0.000000 0.000000 1.000000 0.000000 1.000000 0.000000 -1.000000 0.000000 0.000000 4070.dat
1 7 -30.000000 0.000000 -10.000000 0.000000 0.000000 1.000000 0.000000 1.000000 0.000000 -1.000000 0.000000 0.000000 4070.dat
1 7 30.000000 0.000000 170.000000 0.000000 0.000000 -1.000000 0.000000 1.000000 0.000000 1.000000 0.000000 0.000000 4070.dat
1 8 30.000000 24.000000 0.000000 0.000000 0.000000 1.000000 0.000000 1.000000 0.000000 -1.000000 0.000000 0.000000 3023.dat
1 8 -30.000000 24.000000 160.000000 0.000000 0.000000 1.000000 0.000000 1.000000 0.000000 -1.000000 0.000000 0.000000 3023.dat
1 8 -30.000000 24.000000 0.000000 0.000000 0.000000 1.000000 0.000000 1.000000 0.000000 -1.000000 0.000000 0.000000 3023.dat
1 8 30.000000 24.000000 160.000000 0.000000 0.000000 1.000000 0.000000 1.000000 0.000000 -1.000000 0.000000 0.000000 3023.dat
1 8 60.000000 14.000000 80.000000 0.000000 -1.000000 0.000000 0.000000 0.000000 1.000000 -1.000000 0.000000 0.000000 44728.dat
1 8 -60.000000 14.000000 80.000000 0.000000 1.000000 0.000000 0.000000 0.000000 1.000000 1.000000 0.000000 0.000000 44728.dat
1 47 0.000000 -56.000000 -50.000000 0.000000 0.000000 -1.000000 0.000000 1.000000 0.000000 1.000000 0.000000 0.000000 3024.dat
1 7 0.000000 -56.000000 -20.000000 0.000000 0.000000 -1.000000 0.000000 1.000000 0.000000 1.000000 0.000000 0.000000 3023.dat
1 8 0.000000 -56.000000 40.000000 0.000000 0.000000 -1.000000 0.000000 1.000000 0.000000 1.000000 0.000000 0.000000 3023.dat
1 7 0.000000 -48.000000 10.000000 -1.000000 0.000000 0.000000 0.000000 1.000000 0.000000 0.000000 0.000000 -1.000000 54200.dat
1 320 0.000000 -64.000000 -40.000000 0.000000 0.000000 -1.000000 0.000000 1.000000 0.000000 1.000000 0.000000 0.000000 3069b.dat
1 7 0.000000 -64.000000 -10.000000 0.000000 0.000000 -1.000000 0.000000 1.000000 0.000000 1.000000 0.000000 0.000000 3070b.dat
1 8 0.000000 -64.000000 30.000000 0.000000 0.000000 -1.000000 0.000000 1.000000 0.000000 1.000000 0.000000 0.000000 2555.dat
1 7 0.000000 -72.000000 50.000000 1.000000 0.000000 0.000000 0.000000 1.000000 0.000000 0.000000 0.000000 1.000000 48336.dat
1 0 0.000000 -80.000000 50.000000 -1.000000 0.000000 0.000000 0.000000 1.000000 0.000000 0.000000 0.000000 -1.000000 4623.dat
1 7 0.000000 -90.000000 33.000000 1.000000 0.000000 0.000000 0.000000 0.258819 -0.965926 0.000000 0.965926 0.258819 60470a.dat
1 320 0.000000 -92.000000 26.000000 1.000000 0.000000 0.000000 0.000000 0.258819 -0.965926 0.000000 0.965926 0.258819 3794b.dat
1 0 0.000000 -98.000000 3.000000 1.000000 0.000000 0.000000 0.000000 0.258819 -0.965926 0.000000 0.965926 0.258819 4589.dat
1 0 0.000000 -119.000000 -76.000000 1.000000 0.000000 0.000000 0.000000 -0.258819 0.965925 0.000000 -0.965925 -0.258819 63965.dat
1 8 -48.000020 53.000000 -26.000000 1.000000 0.000000 0.000000 0.000000 1.000000 0.000000 0.000000 0.000000 1.000000 4740.dat
1 8 -48.000020 45.000000 -26.000000 0.000000 0.000000 1.000000 0.000000 1.000000 0.000000 -1.000000 0.000000 0.000000 2555.dat
1 8 -48.000020 38.000000 -26.000000 -1.000000 0.000000 0.000000 0.000000 0.866025 -0.500000 0.000000 -0.500000 -0.866025 30375.dat
1 8 -48.000000 53.000000 186.000000 -1.000000 0.000000 0.000000 0.000000 1.000000 0.000000 0.000000 0.000000 -1.000000 4740.dat
1 8 -48.000000 45.000000 186.000000 0.000000 0.000000 -1.000000 0.000000 1.000000 0.000000 1.000000 0.000000 0.000000 2555.dat
1 8 -48.000000 38.000000 186.000000 1.000000 0.000000 0.000000 0.000000 0.866025 -0.500000 0.000000 0.500000 0.866025 30375.dat
1 8 52.000000 53.000000 186.000000 -1.000000 0.000000 0.000000 0.000000 1.000000 0.000000 0.000000 0.000000 -1.000000 4740.dat
1 8 52.000000 45.000000 186.000000 0.000000 0.000000 -1.000000 0.000000 1.000000 0.000000 1.000000 0.000000 0.000000 2555.dat
1 8 52.000000 38.000000 186.000000 1.000000 0.000000 0.000000 0.000000 0.866025 -0.500000 0.000000 0.500000 0.866025 30375.dat
1 8 52.000000 53.000000 -26.000000 1.000000 0.000000 0.000000 0.000000 1.000000 0.000000 0.000000 0.000000 1.000000 4740.dat
1 8 52.000000 45.000000 -26.000000 0.000000 0.000000 1.000000 0.000000 1.000000 0.000000 -1.000000 0.000000 0.000000 2555.dat
1 8 52.000000 38.000000 -26.000000 -1.000000 0.000000 0.000000 0.000000 0.866025 -0.500000 0.000000 -0.500000 -0.866025 30375.dat
1 7 68.000000 14.000000 80.000000 0.000000 -1.000000 0.000000 0.000000 0.000000 -1.000000 1.000000 0.000000 0.000000 60470a.dat
1 7 -68.000000 14.000000 80.000000 0.000000 1.000000 0.000000 0.000000 0.000000 -1.000000 -1.000000 0.000000 0.000000 60470a.dat
1 7 66.000000 34.000000 80.000000 -1.000000 0.000000 0.000000 0.000000 1.000000 0.000000 0.000000 0.000000 -1.000000 4697b.dat
1 7 -66.000000 34.000000 80.000000 -1.000000 0.000000 0.000000 0.000000 1.000000 0.000000 0.000000 0.000000 -1.000000 4697b.dat
1 7 -66.000000 45.000000 80.000000 -1.000000 0.000000 0.000000 0.000000 1.000000 0.000000 0.000000 0.000000 -1.000000 43898.dat
1 7 66.000000 45.000000 80.000000 -1.000000 0.000000 0.000000 0.000000 1.000000 0.000000 0.000000 0.000000 -1.000000 43898.dat
