0 30055-VultureDroid.ldr
0 Name: 30055 - Vulture Droid
0 Author: Jude Parrill
0 Theme: Star Wars
0 CustomBrick

1 72 0.000000 0.000000 0.000000 1.000000 0.000000 0.000000 0.000000 1.000000 0.000000 0.000000 0.000000 1.000000 2419.dat
1 272 -40.000000 -8.000000 30.000000 1.000000 0.000000 0.000000 0.000000 1.000000 0.000000 0.000000 0.000000 1.000000 3068b.dat
1 272 40.000000 -8.000000 30.000000 1.000000 0.000000 0.000000 0.000000 1.000000 0.000000 0.000000 0.000000 1.000000 3068b.dat
1 71 -10.000000 -8.000000 20.000000 0.000000 0.000000 -1.000000 0.000000 1.000000 0.000000 1.000000 0.000000 0.000000 63864.dat
1 71 10.000000 -8.000000 20.000000 0.000000 0.000000 -1.000000 0.000000 1.000000 0.000000 1.000000 0.000000 0.000000 63864.dat
1 0 -40.000000 0.000000 40.000000 -1.000000 0.000000 0.000000 0.000000 1.000000 0.000000 0.000000 0.000000 -1.000000 63868.dat
1 0 40.000000 0.000000 40.000000 1.000000 0.000000 0.000000 0.000000 1.000000 0.000000 0.000000 0.000000 1.000000 63868.dat
1 71 -40.000000 8.000000 30.000000 1.000000 0.000000 0.000000 0.000000 1.000000 0.000000 0.000000 0.000000 1.000000 2654.dat
1 71 40.000000 8.000000 30.000000 1.000000 0.000000 0.000000 0.000000 1.000000 0.000000 0.000000 0.000000 1.000000 2654.dat
1 71 0.000000 16.000000 30.000000 1.000000 0.000000 0.000000 0.000000 1.000000 0.000000 0.000000 0.000000 1.000000 2654.dat
1 272 0.000000 8.000000 20.000000 1.000000 0.000000 0.000000 0.000000 1.000000 0.000000 0.000000 0.000000 1.000000 3023.dat
1 71 0.000000 8.000000 40.000000 -1.000000 0.000000 0.000000 0.000000 1.000000 0.000000 0.000000 0.000000 -1.000000 2540.dat
1 43 -10.000000 0.000000 40.000000 -1.000000 0.000000 0.000000 0.000000 1.000000 0.000000 0.000000 0.000000 -1.000000 4073.dat
1 43 10.000000 0.000000 40.000000 -1.000000 0.000000 0.000000 0.000000 1.000000 0.000000 0.000000 0.000000 -1.000000 4073.dat
1 0 0.000000 -14.244860 91.625710 1.000000 0.000000 0.000000 0.000000 0.819152 0.573576 0.000000 -0.573576 0.819152 30377.dat
1 72 0.000000 -16.244860 61.625730 0.000000 0.000000 -1.000000 0.000000 0.999999 0.000000 0.999999 0.000000 0.000000 60478.dat
1 72 0.000000 -16.244860 71.625720 -1.000000 0.000000 0.000000 0.000000 0.999999 0.000000 0.000000 0.000000 -0.999999 54200.dat
1 272 0.000000 -32.244860 31.625750 1.000000 0.000000 0.000000 0.000000 0.999999 0.000000 0.000000 0.000000 0.999999 50950.dat
1 0 -68.755470 21.836160 40.000000 0.000000 0.965926 0.258819 0.000000 -0.258819 0.965926 1.000000 0.000000 0.000000 48336.dat
1 272 -76.482880 23.906710 0.000000 0.000000 0.965926 0.258819 0.000000 -0.258819 0.965926 1.000000 0.000000 0.000000 3710.dat
1 72 -84.210290 25.977260 60.000000 0.258819 0.965926 0.000000 0.965926 -0.258819 0.000000 0.000000 0.000000 -1.000000 61678.dat
1 272 -68.755470 21.836160 -40.000000 0.000000 0.965926 0.258819 0.000000 -0.258819 0.965926 1.000000 0.000000 0.000000 3023.dat
1 72 -84.210290 25.977260 -60.000000 -0.258819 0.965926 0.000000 -0.965926 -0.258819 0.000000 0.000000 0.000000 1.000000 61678.dat
1 71 -84.210290 25.977260 0.000000 0.000000 0.965926 -0.258819 0.000000 -0.258819 -0.965926 -1.000000 0.000000 0.000000 2412b.dat
1 0 -68.755460 -17.836150 40.000000 0.000000 0.965926 0.258819 0.000000 0.258819 -0.965926 -1.000000 0.000000 0.000000 60470.dat
1 272 -76.482880 -19.906700 0.000000 0.000000 0.965926 0.258819 0.000000 0.258819 -0.965926 -1.000000 0.000000 0.000000 3710.dat
1 72 -84.210280 -21.977260 60.000000 -0.258819 0.965926 0.000000 0.965926 0.258819 0.000000 0.000000 0.000000 -1.000000 61678.dat
1 272 -68.755460 -17.836150 -40.000000 0.000000 0.965926 -0.258819 0.000000 0.258819 0.965926 1.000000 0.000000 0.000000 3023.dat
1 72 -84.210280 -21.977260 -60.000000 0.258819 0.965926 0.000000 -0.965926 0.258819 0.000000 0.000000 0.000000 1.000000 61678.dat
1 71 -84.210280 -21.977260 0.000000 0.000000 0.965926 0.258819 0.000000 0.258819 -0.965926 -1.000000 0.000000 0.000000 2412b.dat
1 0 66.755470 -17.836160 40.000000 0.000000 -0.965926 -0.258819 0.000000 0.258819 -0.965926 1.000000 0.000000 0.000000 48336.dat
1 272 74.482880 -19.906710 0.000000 0.000000 -0.965926 -0.258819 0.000000 0.258819 -0.965926 1.000000 0.000000 0.000000 3710.dat
1 72 82.210290 -21.977260 60.000000 -0.258819 -0.965926 0.000000 -0.965926 0.258819 0.000000 0.000000 0.000000 -1.000000 61678.dat
1 272 66.755470 -17.836160 -40.000000 0.000000 -0.965926 -0.258819 0.000000 0.258819 -0.965926 1.000000 0.000000 0.000000 3023.dat
1 72 82.210290 -21.977260 -60.000000 0.258819 -0.965926 0.000000 0.965926 0.258819 0.000000 0.000000 0.000000 1.000000 61678.dat
1 71 82.210290 -21.977260 0.000000 0.000000 -0.965926 0.258819 0.000000 0.258819 0.965926 -1.000000 0.000000 0.000000 2412b.dat
1 0 66.755460 21.836150 40.000000 0.000000 -0.965926 -0.258819 0.000000 -0.258819 0.965926 -1.000000 0.000000 0.000000 60470.dat
1 272 74.482880 23.906700 0.000000 0.000000 -0.965926 -0.258819 0.000000 -0.258819 0.965926 -1.000000 0.000000 0.000000 3710.dat
1 72 82.210280 25.977260 60.000000 0.258819 -0.965926 0.000000 -0.965926 -0.258819 0.000000 0.000000 0.000000 -1.000000 61678.dat
1 272 66.755460 21.836150 -40.000000 0.000000 -0.965926 0.258819 0.000000 -0.258819 -0.965926 1.000000 0.000000 0.000000 3023.dat
1 72 82.210280 25.977260 -60.000000 -0.258819 -0.965926 0.000000 0.965926 -0.258819 0.000000 0.000000 0.000000 1.000000 61678.dat
1 71 82.210280 25.977260 0.000000 0.000000 -0.965926 -0.258819 0.000000 -0.258819 0.965926 -1.000000 0.000000 0.000000 2412b.dat
0 ROTSTEP 40.000 50.000 0.000 ABS
