0 30210-FrodoWithCookingCorner.ldr
0 Name: 30210 - Frodo With Cooking Corner
0 Author: Stan Isachenko [angmarec]
0 CustomBrick

1 70 91.463250 -24.000000 34.735500 -0.500000 0.000000 -0.866025 0.000000 1.000000 0.000000 0.866025 0.000000 -0.500000 3062b.dat
1 0 92.803000 -32.000000 12.415000 -0.500000 0.000000 -0.866025 0.000000 1.000000 0.000000 0.866025 0.000000 -0.500000 3021.dat
1 70 74.142760 -24.000000 24.735500 -0.500000 0.000000 -0.866025 0.000000 1.000000 0.000000 0.866025 0.000000 -0.500000 3062b.dat
1 70 94.142760 -24.000000 -9.905499 -0.500000 0.000000 -0.866025 0.000000 1.000000 0.000000 0.866025 0.000000 -0.500000 3062b.dat
1 70 111.463200 -24.000000 0.094500 -0.500000 0.000000 -0.866025 0.000000 1.000000 0.000000 0.866025 0.000000 -0.500000 3062b.dat
1 70 101.669000 -55.000000 -0.941400 0.000000 -0.500000 -0.866025 -1.000000 0.000000 0.000000 0.000000 0.866025 -0.500000 2489.dat
1 70 105.669000 -55.000000 -7.869600 0.000000 -0.500000 -0.866025 -1.000000 0.000000 0.000000 0.000000 0.866025 -0.500000 4032a.dat
1 0 117.669000 -55.000000 -28.654200 -0.866025 -0.500000 0.000000 0.000000 0.000000 1.000000 -0.500000 0.866025 0.000000 4599a.dat
1 2 -15.000000 -8.000000 42.000000 0.000000 0.000000 -1.000000 0.000000 1.000000 0.000000 1.000000 0.000000 0.000000 3021.dat
1 0 5.000000 -32.000000 62.000000 1.000000 0.000000 0.000000 0.000000 1.000000 0.000000 0.000000 0.000000 1.000000 11211.dat
1 2 25.000000 -8.000000 42.000000 0.000000 0.000000 -1.000000 0.000000 1.000000 0.000000 1.000000 0.000000 0.000000 3021.dat
1 72 35.000000 -32.000000 52.000000 0.000000 0.000000 -1.000000 0.000000 1.000000 0.000000 1.000000 0.000000 0.000000 3004.dat
1 72 -25.000000 -32.000000 52.000000 0.000000 0.000000 -1.000000 0.000000 1.000000 0.000000 1.000000 0.000000 0.000000 3004.dat
1 0 5.000000 -40.000000 52.000000 1.000000 0.000000 0.000000 0.000000 1.000000 0.000000 0.000000 0.000000 1.000000 3020.dat
1 38 15.000000 -22.000000 52.000000 0.000000 0.000000 -1.000000 -1.000000 0.000000 0.000000 0.000000 1.000000 0.000000 64647.dat
1 72 5.000000 -64.000000 62.000000 1.000000 0.000000 0.000000 0.000000 1.000000 0.000000 0.000000 0.000000 1.000000 4865b.dat
1 72 5.000000 -48.000000 42.000000 1.000000 0.000000 0.000000 0.000000 1.000000 0.000000 0.000000 0.000000 1.000000 3069b.dat
1 72 -25.000000 -64.000000 62.000000 1.000000 0.000000 0.000000 0.000000 1.000000 0.000000 0.000000 0.000000 1.000000 3062b.dat
1 72 35.000000 -64.000000 62.000000 1.000000 0.000000 0.000000 0.000000 1.000000 0.000000 0.000000 0.000000 1.000000 3062b.dat
1 72 -5.000000 -88.000000 62.000000 0.000000 0.000000 1.000000 0.000000 1.000000 0.000000 -1.000000 0.000000 0.000000 3040b.dat
1 72 15.000000 -88.000000 62.000000 0.000000 0.000000 -1.000000 0.000000 1.000000 0.000000 1.000000 0.000000 0.000000 3040b.dat
1 0 5.000000 -96.000000 62.000000 -1.000000 0.000000 0.000000 0.000000 1.000000 0.000000 0.000000 0.000000 -1.000000 3794b.dat
1 70 5.000000 -104.000000 62.000000 -1.000000 0.000000 0.000000 0.000000 1.000000 0.000000 0.000000 0.000000 -1.000000 4073.dat
1 40 35.000000 -88.000000 42.000000 0.000000 0.000000 -1.000000 0.000000 1.000000 0.000000 1.000000 0.000000 0.000000 95228.dat
1 0 5.000000 -60.000000 51.000000 -0.924000 0.000000 -0.383000 0.000000 1.000000 0.000000 0.383000 0.000000 -0.924000 4528.dat
1 2 -70.000000 -16.000000 -30.000000 1.000000 0.000000 0.000000 0.000000 1.000000 0.000000 0.000000 0.000000 1.000000 3741.dat
1 15 -70.000000 -36.396520 -9.736340 1.000000 0.000000 0.000000 0.000000 0.900871 0.434086 0.000000 -0.434086 0.900871 3742.dat
1 15 -89.446430 -40.916900 -41.135220 0.920430 0.388389 -0.044292 -0.388389 0.895776 -0.216194 -0.044292 0.216194 0.975345 3742.dat
1 15 -49.115240 -44.449120 -42.115580 0.913619 -0.403810 0.047298 0.403810 0.887722 -0.221105 0.047298 0.221105 0.974102 3742.dat
