0 79014-DolGuldurBattle.ldr
0 Name: 79014 - Dol Guldur Battle
0 Author: Happy SDE
0 Theme: Dimensions
0 CustomBrick

1 72 414.711500 -274.132100 -130.000000 -0.749324 0.656059 -0.090001 0.651377 0.754710 0.078236 0.119252 0.000000 -0.992864 92338c01.dat copy 3
1 83 200.000000 2.492240 10.000000 -0.022248 0.258818 -0.965670 0.985582 0.167730 0.022248 0.167730 -0.951252 -0.258818 10050.dat
1 72 140.000000 -152.000400 -170.000000 1.000000 0.000000 0.000000 0.000000 1.000000 0.000000 0.000000 0.000000 1.000000 3626c.dat
1 72 139.999900 -128.000400 -170.000000 1.000000 0.000000 0.000000 0.000000 1.000000 0.000000 0.000000 0.000000 1.000000 973.dat
1 72 124.500000 -118.750400 -170.000000 0.944481 -0.241518 -0.222767 0.327972 0.733768 0.594995 0.019757 -0.635022 0.772241 3818.dat
1 72 155.500000 -118.750400 -170.000000 0.944913 0.248497 0.213048 -0.327241 0.731700 0.597937 -0.007302 -0.634716 0.772711 3819.dat
1 72 117.876100 -111.772100 -187.447000 0.984808 -0.173648 0.000000 0.173648 0.984808 0.000000 0.000000 0.000000 1.000000 3820.dat
1 72 162.123200 -111.775500 -187.447000 0.984808 0.173648 0.000000 -0.173648 0.984808 0.000000 0.000000 0.000000 1.000000 3820.dat
1 72 140.000000 -96.000370 -170.000000 -1.000000 0.000000 0.000000 0.000000 1.000000 0.000000 0.000000 0.000000 -1.000000 3678b.dat
1 0 129.999900 -48.000390 -160.000000 0.000000 0.000000 1.000000 0.000000 1.000000 0.000000 -1.000000 0.000000 0.000000 3023.dat
1 72 99.999920 -40.000380 -160.000000 0.000000 0.000000 1.000000 0.000000 1.000000 0.000000 -1.000000 0.000000 0.000000 30503.dat
1 72 110.000000 -64.000390 -130.000000 0.000000 0.000000 1.000000 0.000000 1.000000 0.000000 -1.000000 0.000000 0.000000 54200.dat
1 72 99.999950 -64.000380 -130.000000 1.000000 0.000000 0.000000 0.000000 1.000000 0.000000 0.000000 0.000000 1.000000 98283.dat
1 28 110.000000 -48.000390 -150.000000 1.000000 0.000000 0.000000 0.000000 1.000000 0.000000 0.000000 0.000000 1.000000 3024.dat
1 72 110.000000 -32.000390 -170.000000 0.000000 0.000000 1.000000 0.000000 1.000000 0.000000 -1.000000 0.000000 0.000000 2462.dat
1 72 139.999900 -32.000390 -120.000000 -1.000000 0.000000 0.000000 0.000000 1.000000 0.000000 0.000000 0.000000 -1.000000 3830.dat
1 0 69.999980 -32.000390 -130.000000 1.000000 0.000000 0.000000 0.000000 1.000000 0.000000 0.000000 0.000000 1.000000 4070.dat
1 71 79.999920 -8.000380 -180.000000 0.000000 0.000000 1.000000 0.000000 1.000000 0.000000 -1.000000 0.000000 0.000000 6106.dat
1 72 109.999900 -8.000390 -150.000000 0.000000 0.000000 -1.000000 0.000000 1.000000 0.000000 1.000000 0.000000 0.000000 54200.dat
1 0 129.999900 -16.000390 -159.994400 0.000000 0.000000 1.000000 0.000000 1.000000 0.000000 -1.000000 0.000000 0.000000 3069a.dat
1 28 69.999900 -16.000390 -170.000000 1.000000 0.000000 0.000000 0.000000 1.000000 0.000000 0.000000 0.000000 1.000000 3024.dat
1 72 50.000000 -8.000390 -130.000000 0.000000 0.000000 1.000000 0.000000 1.000000 0.000000 -1.000000 0.000000 0.000000 54200.dat
1 47 119.621600 -121.671400 -199.595900 0.984808 -0.167731 0.044943 0.173648 0.951251 -0.254887 0.000000 0.258819 0.965926 6141.dat
1 72 69.999980 -48.000380 -130.000000 0.000000 0.000000 1.000000 0.000000 1.000000 0.000000 -1.000000 0.000000 0.000000 54200.dat
1 320 69.999980 -48.000390 -130.000000 0.587785 0.000000 0.809017 0.000000 1.000000 0.000000 -0.809017 0.000000 0.587785 2423.dat
1 70 210.450000 -22.000380 -130.000000 -0.000001 -1.000000 0.000000 0.000000 0.000000 1.000000 -1.000000 0.000001 0.000000 55236.dat
1 72 170.000000 -64.000380 -130.000000 0.000000 0.000000 -1.000000 0.000000 1.000000 0.000000 1.000000 0.000000 0.000000 54200.dat
1 72 180.000000 -64.000380 -130.000000 1.000000 0.000000 0.000000 0.000000 1.000000 0.000000 0.000000 0.000000 1.000000 98283.dat
1 72 180.000000 -40.000380 -160.000000 1.000000 0.000000 0.000000 0.000000 1.000000 0.000000 0.000000 0.000000 1.000000 30503.dat
1 0 150.000000 -48.000380 -159.994400 0.000000 0.000000 1.000000 0.000000 1.000000 0.000000 -1.000000 0.000000 0.000000 3069a.dat
1 72 170.000000 -40.000380 -150.000000 0.000000 0.000000 -1.000000 0.000000 1.000000 0.000000 1.000000 0.000000 0.000000 54200.dat
1 72 170.000000 -32.000380 -170.000000 1.000000 0.000000 0.000000 0.000000 1.000000 0.000000 0.000000 0.000000 1.000000 2462.dat
1 0 210.000000 -32.000380 -130.000000 0.000000 0.000000 -1.000000 0.000000 1.000000 0.000000 1.000000 0.000000 0.000000 4070.dat
1 71 200.000000 -8.000380 -180.000000 1.000000 0.000000 0.000000 0.000000 1.000000 0.000000 0.000000 0.000000 1.000000 6106.dat
1 72 190.000000 -8.000380 -190.000100 0.707107 0.000000 -0.707107 0.000000 1.000000 0.000000 0.707107 0.000000 0.707107 54200.dat
1 72 150.000000 -8.000380 -210.000000 1.000000 0.000000 0.000000 0.000000 1.000000 0.000000 0.000000 0.000000 1.000000 54200.dat
1 72 140.000000 -32.000380 -120.000000 -1.000000 0.000000 0.000000 0.000000 1.000000 0.000000 0.000000 0.000000 -1.000000 3831.dat
1 71 140.000000 -216.025900 179.999900 1.000000 0.000000 0.000000 0.000000 1.000000 0.000000 0.000000 0.000000 1.000000 3738.dat
1 72 210.000000 -208.025900 170.000000 0.000000 0.000000 1.000000 0.000000 1.000000 0.000000 -1.000000 0.000000 0.000000 3665.dat
1 72 69.999900 -208.025900 170.000000 0.000000 0.000000 -1.000000 0.000000 1.000000 0.000000 1.000000 0.000000 0.000000 3665.dat
1 72 250.000000 -328.025900 189.999900 0.000000 0.000000 1.000000 0.000000 1.000000 0.000000 -1.000000 0.000000 0.000000 54200.dat
1 71 250.000000 -328.025900 189.999900 1.000000 0.000000 0.000000 0.000000 1.000000 0.000000 0.000000 0.000000 1.000000 3024.dat
1 72 250.000000 -320.025900 189.999900 0.000000 0.000000 1.000000 0.000000 1.000000 0.000000 -1.000000 0.000000 0.000000 4460b.dat
1 0 239.999900 -248.025900 190.000000 1.000000 0.000000 0.000000 0.000000 1.000000 0.000000 0.000000 0.000000 1.000000 3710.dat
1 70 250.000000 -240.025900 189.999900 1.000000 0.000000 0.000000 0.000000 1.000000 0.000000 0.000000 0.000000 1.000000 3005.dat
1 72 209.999900 -240.025900 189.999900 1.000000 0.000000 0.000001 0.000000 1.000000 0.000000 -0.000001 0.000000 1.000000 2357.dat
1 71 270.000100 -216.025900 189.999900 1.000000 0.000000 0.000000 0.000000 1.000000 0.000000 0.000000 0.000000 1.000000 3623.dat
1 72 300.000000 -240.025900 180.000000 1.000000 0.000000 0.000000 0.000000 1.000000 0.000000 0.000000 0.000000 1.000000 3831.dat
1 72 270.000100 -208.025900 189.999900 1.000000 0.000000 0.000000 0.000000 1.000000 0.000000 0.000000 0.000000 1.000000 3622.dat
1 72 280.000100 -184.025900 190.000000 -1.000000 0.000000 0.000000 0.000000 1.000000 0.000000 0.000000 0.000000 -1.000000 3004.dat
1 71 270.000000 -160.025900 170.000000 1.000000 0.000000 0.000000 0.000000 1.000000 0.000000 0.000000 0.000000 1.000000 2450.dat
1 72 250.000100 -184.026000 169.999900 0.000000 0.000000 -1.000000 0.000000 1.000000 0.000000 1.000000 0.000000 0.000000 3622.dat
1 72 250.000000 -152.025900 170.000000 1.000000 0.000000 0.000000 0.000000 1.000000 0.000000 0.000000 0.000000 1.000000 3665.dat
1 72 300.000000 -152.025900 180.000000 1.000000 0.000000 0.000000 0.000000 1.000000 0.000000 0.000000 0.000000 1.000000 3831.dat
1 70 250.000000 -152.025900 190.000000 1.000000 0.000000 0.000000 0.000000 1.000000 0.000000 0.000000 0.000000 1.000000 3005.dat
1 0 290.000100 -128.025900 190.425000 -1.000000 0.000000 0.000000 0.000000 1.000000 0.000000 0.000000 0.000000 -1.000000 4070.dat
1 72 250.000100 -128.025900 190.000000 -0.000001 0.000000 1.000000 0.000000 1.000000 0.000000 -1.000000 0.000000 -0.000001 2357.dat
1 71 250.000000 -104.025900 180.000000 0.000000 0.000000 1.000000 0.000000 1.000000 0.000000 -1.000000 0.000000 0.000000 32064a.dat
1 0 240.000100 -94.525910 180.000100 -1.000000 0.000000 0.000000 0.000000 1.000000 0.000000 0.000000 0.000000 -1.000000 32062.dat
1 71 229.999800 -216.025900 169.999900 0.000000 0.000000 1.000000 0.000000 1.000000 0.000000 -1.000000 0.000000 0.000000 3623.dat
1 72 229.999900 -208.026000 170.000000 0.000000 0.000000 -1.000000 0.000000 1.000000 0.000000 1.000000 0.000000 0.000000 3622.dat
1 72 229.999900 -184.025900 180.000100 0.000000 0.000000 1.000000 0.000000 1.000000 0.000000 -1.000000 0.000000 0.000000 3660.dat
1 71 229.999900 -160.025900 190.000000 1.000000 0.000000 0.000000 0.000000 1.000000 0.000000 0.000000 0.000000 1.000000 3024.dat
1 72 229.999900 -152.025900 160.000000 0.000000 0.000000 1.000000 0.000000 1.000000 0.000000 -1.000000 0.000000 0.000000 3010.dat
1 72 229.999800 -184.025900 150.000000 -1.000000 0.000000 -0.000001 0.000000 1.000000 0.000000 0.000001 0.000000 -1.000000 2357.dat
1 71 229.999900 -160.025900 150.000000 0.000001 0.000000 -1.000000 0.000000 1.000000 0.000000 1.000000 0.000000 0.000001 2420.dat
1 72 229.999900 -128.025900 160.000000 0.000000 0.000000 1.000000 0.000000 1.000000 0.000000 -1.000000 0.000000 0.000000 3010.dat
1 72 229.999900 -104.025900 140.000000 0.000000 0.000000 1.000000 0.000000 1.000000 0.000000 -1.000000 0.000000 0.000000 3004.dat
1 72 209.999800 -152.025900 150.000000 1.000000 0.000000 0.000000 0.000000 1.000000 0.000000 0.000000 0.000000 1.000000 2453a.dat
1 71 229.999900 -104.025900 180.000000 0.000000 0.000000 1.000000 0.000000 1.000000 0.000000 -1.000000 0.000000 0.000000 32064a.dat
1 71 229.999900 -80.025840 140.000000 0.000000 0.000000 1.000000 0.000000 1.000000 0.000000 -1.000000 0.000000 0.000000 32064a.dat
1 4 239.999900 -70.525840 140.000000 -1.000000 0.000000 0.000000 0.000000 1.000000 0.000000 0.000000 0.000000 -1.000000 32062.dat
1 71 289.133900 -160.025900 93.805740 -0.382681 0.000000 -0.923881 0.000000 1.000000 0.000000 0.923881 0.000000 -0.382681 87580.dat
1 72 289.133800 -152.025800 93.805690 0.382682 0.000000 0.923880 0.000000 1.000000 0.000000 -0.923880 0.000000 0.382681 3003.dat
1 72 279.894900 -128.025800 89.978870 0.923880 0.000000 -0.382682 0.000000 1.000000 0.000000 0.382682 0.000000 0.923880 3002.dat
1 72 294.545900 -104.025800 106.871300 -0.923881 0.000000 0.382681 0.000000 1.000000 0.000000 -0.382681 0.000000 -0.923881 2357.dat
1 71 302.199600 -80.025820 88.393830 0.382682 0.000000 0.923880 0.000000 1.000000 0.000000 -0.923880 0.000000 0.382682 3005.dat
1 71 285.307200 -80.025820 103.044700 -0.923880 0.000000 0.382682 0.000000 1.000000 0.000000 -0.382682 0.000000 -0.923880 32064a.dat
1 4 281.480300 -70.525840 112.283500 0.382682 0.000000 0.923880 0.000000 1.000000 0.000000 -0.923880 0.000000 0.382682 32062.dat
1 0 269.999800 -70.525840 140.000000 0.000000 0.000000 1.000000 1.000000 0.000000 0.000000 0.000000 1.000000 0.000000 32015.dat
1 72 294.546000 -56.025810 106.871400 -0.923881 0.000000 0.382681 0.000000 1.000000 0.000000 -0.382681 0.000000 -0.923881 2357.dat
1 70 250.000000 -80.025940 170.000000 1.000000 0.000000 0.000000 0.000000 1.000000 0.000000 0.000000 0.000000 1.000000 3005.dat
1 71 280.000000 -104.025900 190.000000 -1.000000 0.000000 -0.000001 0.000000 1.000000 0.000000 0.000001 0.000000 -1.000000 87544.dat
1 70 229.999900 -80.025940 170.000000 1.000000 0.000000 0.000000 0.000000 1.000000 0.000000 0.000000 0.000000 1.000000 3005.dat
1 0 250.000000 -80.025940 190.000000 -1.000000 0.000000 0.000000 0.000000 1.000000 0.000000 0.000000 0.000000 -1.000000 4070.dat
1 0 229.999900 -80.025940 190.000000 -1.000000 0.000000 0.000000 0.000000 1.000000 0.000000 0.000000 0.000000 -1.000000 4070.dat
1 72 239.994400 -70.025950 204.000000 1.000000 0.000000 0.000000 0.000000 0.000000 1.000000 0.000000 -1.000000 0.000000 3069a.dat
1 72 289.134000 -32.025840 93.805800 0.923880 0.000000 -0.382682 0.000000 1.000000 0.000000 0.382682 0.000000 0.923880 3003.dat
1 71 250.000000 -56.025930 180.000000 0.000000 0.000000 1.000000 0.000000 1.000000 0.000000 -1.000000 0.000000 0.000000 32064a.dat
1 0 240.000100 -46.525910 180.000100 -1.000000 0.000000 0.000000 0.000000 1.000000 0.000000 0.000000 0.000000 -1.000000 32062.dat
1 71 229.999900 -56.025930 180.000000 0.000000 0.000000 1.000000 0.000000 1.000000 0.000000 -1.000000 0.000000 0.000000 32064a.dat
1 71 229.999900 -56.025840 140.000000 0.000000 0.000000 -1.000000 0.000000 1.000000 0.000000 1.000000 0.000000 0.000000 87552.dat
1 0 279.895200 -8.025800 89.978960 0.923880 0.000000 -0.382682 0.000000 1.000000 0.000000 0.382682 0.000000 0.923880 3021.dat
1 72 272.897800 -56.025810 54.609040 -0.382681 0.000000 -0.923881 0.000000 1.000000 0.000000 0.923881 0.000000 -0.382681 2357.dat
1 71 254.420300 -32.025810 46.955300 0.382682 0.000000 0.923880 0.000000 1.000000 0.000000 -0.923880 0.000000 0.382682 3005.dat
1 71 269.071100 -32.025810 63.847680 0.382682 0.000000 0.923880 0.000000 1.000000 0.000000 -0.923880 0.000000 0.382682 3010.dat
1 0 258.247100 -8.025820 37.716480 0.923880 0.000000 -0.382682 0.000000 1.000000 0.000000 0.382682 0.000000 0.923880 3021.dat
1 72 209.999900 -32.025930 140.000000 0.000000 0.000000 1.000000 0.000000 1.000000 0.000000 -1.000000 0.000000 0.000000 3004.dat
1 72 300.000000 -32.025930 180.000000 1.000000 0.000000 0.000000 0.000000 1.000000 0.000000 0.000000 0.000000 1.000000 3831.dat
1 70 229.999900 -32.025930 170.000000 1.000000 0.000000 0.000000 0.000000 1.000000 0.000000 0.000000 0.000000 1.000000 3005.dat
1 72 250.000000 -32.025930 180.000000 0.000000 0.000000 1.000000 0.000000 1.000000 0.000000 -1.000000 0.000000 0.000000 3004.dat
1 0 270.000100 -8.025940 170.000000 1.000000 0.000000 0.000000 0.000000 1.000000 0.000000 0.000000 0.000000 1.000000 2450.dat
1 0 139.999900 -8.025940 140.000000 1.000000 0.000000 0.000000 0.000000 1.000000 0.000000 0.000000 0.000000 1.000000 3033.dat
1 72 69.999900 -184.025900 110.000000 0.000000 0.000000 -1.000000 0.000000 1.000000 0.000000 1.000000 0.000000 0.000000 3665.dat
1 71 69.999900 -160.025900 110.000000 1.000000 0.000000 0.000000 0.000000 1.000000 0.000000 0.000000 0.000000 1.000000 3024.dat
1 72 59.999900 -152.025900 110.000000 1.000000 0.000000 0.000000 0.000000 1.000000 0.000000 0.000000 0.000000 1.000000 2454.dat
1 72 59.999900 -32.025930 110.000000 1.000000 0.000000 0.000000 0.000000 1.000000 0.000000 0.000000 0.000000 1.000000 3039.dat
1 72 50.000000 -328.025900 190.000000 0.000000 0.000000 1.000000 0.000000 1.000000 0.000000 -1.000000 0.000000 0.000000 54200.dat
1 71 50.000000 -328.025900 190.000000 1.000000 0.000000 0.000000 0.000000 1.000000 0.000000 0.000000 0.000000 1.000000 3024.dat
1 72 50.000000 -320.025900 190.000000 0.000000 0.000000 1.000000 0.000000 1.000000 0.000000 -1.000000 0.000000 0.000000 4460b.dat
1 0 39.999940 -248.025900 190.000000 1.000000 0.000000 0.000000 0.000000 1.000000 0.000000 0.000000 0.000000 1.000000 3710.dat
1 72 69.999880 -240.025900 190.000000 0.000001 0.000000 -1.000000 0.000000 1.000000 0.000000 1.000000 0.000000 0.000001 2357.dat
1 70 29.999920 -240.025900 189.999900 1.000000 0.000000 0.000000 0.000000 1.000000 0.000000 0.000000 0.000000 1.000000 3005.dat
1 71 9.999960 -216.025900 189.999900 1.000000 0.000000 0.000000 0.000000 1.000000 0.000000 0.000000 0.000000 1.000000 3623.dat
1 72 -20.000040 -240.025900 179.999900 1.000000 0.000000 0.000000 0.000000 1.000000 0.000000 0.000000 0.000000 1.000000 3830.dat
1 72 9.999960 -208.025900 189.999900 1.000000 0.000000 0.000000 0.000000 1.000000 0.000000 0.000000 0.000000 1.000000 3622.dat
1 72 -0.000150 -184.025900 189.999900 -1.000000 0.000000 0.000000 0.000000 1.000000 0.000000 0.000000 0.000000 -1.000000 3004.dat
1 71 9.999920 -160.025900 169.999900 0.000000 0.000000 1.000000 0.000000 1.000000 0.000000 -1.000000 0.000000 0.000000 2450.dat
1 72 29.999920 -184.025900 169.999900 0.000000 0.000000 -1.000000 0.000000 1.000000 0.000000 1.000000 0.000000 0.000000 3622.dat
1 72 29.999920 -152.025900 170.000000 1.000000 0.000000 0.000000 0.000000 1.000000 0.000000 0.000000 0.000000 1.000000 3665.dat
1 70 30.000020 -152.025900 190.000000 1.000000 0.000000 0.000000 0.000000 1.000000 0.000000 0.000000 0.000000 1.000000 3005.dat
1 72 -20.000040 -152.025900 179.999900 1.000000 0.000000 0.000000 0.000000 1.000000 0.000000 0.000000 0.000000 1.000000 3830.dat
1 72 29.999940 -128.025900 190.000000 -1.000000 0.000000 -0.000001 0.000000 1.000000 0.000000 0.000001 0.000000 -1.000000 2357.dat
1 0 -10.000130 -128.025900 190.425000 -1.000000 0.000000 0.000000 0.000000 1.000000 0.000000 0.000000 0.000000 -1.000000 4070.dat
1 71 29.999920 -104.025900 180.000100 0.000000 0.000000 1.000000 0.000000 1.000000 0.000000 -1.000000 0.000000 0.000000 32064a.dat
1 71 49.999900 -216.025900 170.000000 0.000000 0.000000 1.000000 0.000000 1.000000 0.000000 -1.000000 0.000000 0.000000 3623.dat
1 72 49.999900 -208.025900 170.000000 0.000000 0.000000 -1.000000 0.000000 1.000000 0.000000 1.000000 0.000000 0.000000 3622.dat
1 72 49.999810 -184.025900 180.000000 0.000000 0.000000 -1.000000 0.000000 1.000000 0.000000 1.000000 0.000000 0.000000 3660.dat
1 71 49.999900 -160.025900 190.000000 1.000000 0.000000 0.000000 0.000000 1.000000 0.000000 0.000000 0.000000 1.000000 3024.dat
1 72 49.999900 -152.025900 160.000000 0.000000 0.000000 1.000000 0.000000 1.000000 0.000000 -1.000000 0.000000 0.000000 3010.dat
1 72 49.999920 -184.025900 150.000000 -0.000001 0.000000 1.000000 0.000000 1.000000 0.000000 -1.000000 0.000000 -0.000001 2357.dat
1 71 49.999890 -160.025900 150.000000 1.000000 0.000000 0.000001 0.000000 1.000000 0.000000 -0.000001 0.000000 1.000000 2420.dat
1 72 49.999900 -128.025800 160.000000 0.000000 0.000000 1.000000 0.000000 1.000000 0.000000 -1.000000 0.000000 0.000000 3010.dat
1 72 69.999900 -152.025900 150.000000 1.000000 0.000000 0.000000 0.000000 1.000000 0.000000 0.000000 0.000000 1.000000 2453a.dat
1 72 49.999900 -104.025900 140.000000 0.000000 0.000000 1.000000 0.000000 1.000000 0.000000 -1.000000 0.000000 0.000000 3004.dat
1 71 49.999900 -104.025900 180.000000 0.000000 0.000000 1.000000 0.000000 1.000000 0.000000 -1.000000 0.000000 0.000000 32064a.dat
1 0 39.999890 -94.525920 180.000000 -1.000000 0.000000 0.000000 0.000000 1.000000 0.000000 0.000000 0.000000 -1.000000 32062.dat
1 71 49.999900 -80.025840 140.000000 0.000000 0.000000 1.000000 0.000000 1.000000 0.000000 -1.000000 0.000000 0.000000 32064a.dat
1 4 39.999840 -70.525840 140.000000 1.000000 0.000000 0.000000 0.000000 1.000000 0.000000 0.000000 0.000000 1.000000 32062.dat
1 71 -9.899770 -160.025900 91.958190 -0.382683 0.000000 0.923880 0.000000 1.000000 0.000000 -0.923880 0.000000 -0.382683 87580.dat
1 72 -9.899630 -152.025900 91.958200 0.382682 0.000000 -0.923880 0.000000 1.000000 0.000000 0.923880 0.000000 0.382682 3003.dat
1 72 -0.660930 -128.025800 88.131400 -0.923880 0.000000 -0.382682 0.000000 1.000000 0.000000 0.382682 0.000000 -0.923880 3002.dat
1 72 -15.311540 -104.025900 105.024000 -0.382683 0.000000 0.923880 0.000000 1.000000 0.000000 -0.923880 0.000000 -0.382683 2357.dat
1 71 -22.965190 -80.025860 86.546520 0.382682 0.000000 -0.923880 0.000000 1.000000 0.000000 0.923880 0.000000 0.382682 3005.dat
1 71 -6.072780 -80.025840 101.197200 0.923880 0.000000 0.382682 0.000000 1.000000 0.000000 -0.382682 0.000000 0.923880 32064a.dat
1 4 -1.480700 -70.525860 112.283700 -0.382682 0.000000 0.923880 0.000000 1.000000 0.000000 -0.923880 0.000000 -0.382682 32062.dat
1 0 9.999849 -70.525860 140.000100 0.000000 -0.923880 0.382682 1.000000 0.000000 0.000000 0.000000 0.382682 0.923880 32015.dat
1 70 49.999900 -80.025940 170.000000 1.000000 0.000000 0.000000 0.000000 1.000000 0.000000 0.000000 0.000000 1.000000 3005.dat
1 70 29.999920 -80.025940 170.000000 1.000000 0.000000 0.000000 0.000000 1.000000 0.000000 0.000000 0.000000 1.000000 3005.dat
1 0 49.999900 -80.025940 190.000000 -1.000000 0.000000 0.000000 0.000000 1.000000 0.000000 0.000000 0.000000 -1.000000 4070.dat
1 0 29.999920 -80.025940 190.000100 -1.000000 0.000000 0.000000 0.000000 1.000000 0.000000 0.000000 0.000000 -1.000000 4070.dat
1 72 39.994390 -70.025950 204.000000 1.000000 0.000000 0.000000 0.000000 0.000000 1.000000 0.000000 -1.000000 0.000000 3069a.dat
1 72 -15.311680 -56.025860 105.024000 -0.382683 0.000000 0.923880 0.000000 1.000000 0.000000 -0.923880 0.000000 -0.382683 2357.dat
1 71 -0.000130 -104.025900 190.000000 -1.000000 0.000000 -0.000001 0.000000 1.000000 0.000000 0.000001 0.000000 -1.000000 87544.dat
1 71 49.999900 -56.025930 180.000000 0.000000 0.000000 1.000000 0.000000 1.000000 0.000000 -1.000000 0.000000 0.000000 32064a.dat
1 0 39.999890 -46.525930 180.000000 -1.000000 0.000000 0.000000 0.000000 1.000000 0.000000 0.000000 0.000000 -1.000000 32062.dat
1 71 49.999900 -56.025840 140.000000 0.000000 0.000000 1.000000 0.000000 1.000000 0.000000 -1.000000 0.000000 0.000000 87552.dat
1 71 29.999920 -56.025930 180.000000 0.000000 0.000000 1.000000 0.000000 1.000000 0.000000 -1.000000 0.000000 0.000000 32064a.dat
1 72 69.999900 -32.025930 140.000000 0.000000 0.000000 1.000000 0.000000 1.000000 0.000000 -1.000000 0.000000 0.000000 3004.dat
1 72 -9.899720 -32.025880 91.958420 0.923880 0.000000 0.382682 0.000000 1.000000 0.000000 -0.382682 0.000000 0.923880 3003.dat
1 72 209.999800 -184.025900 110.000000 0.000000 0.000000 1.000000 0.000000 1.000000 0.000000 -1.000000 0.000000 0.000000 3665.dat
1 71 209.999800 -160.025900 110.000000 1.000000 0.000000 0.000000 0.000000 1.000000 0.000000 0.000000 0.000000 1.000000 3024.dat
1 72 219.999800 -152.026000 110.000000 1.000000 0.000000 0.000000 0.000000 1.000000 0.000000 0.000000 0.000000 1.000000 2454.dat
1 72 219.999800 -32.025930 110.000000 1.000000 0.000000 0.000000 0.000000 1.000000 0.000000 0.000000 0.000000 1.000000 3039.dat
1 72 89.999950 -8.025929 110.000000 0.000000 0.000000 -1.000000 0.000000 1.000000 0.000000 1.000000 0.000000 0.000000 54200.dat
1 72 190.000000 -8.025929 110.000000 0.000000 0.000000 1.000000 0.000000 1.000000 0.000000 -1.000000 0.000000 0.000000 54200.dat
1 72 179.999900 -16.025930 180.000000 1.000000 0.000000 0.000000 0.000000 1.000000 0.000000 0.000000 0.000000 1.000000 3068b.dat
1 0 139.999900 -16.025930 180.000000 1.000000 0.000000 0.000000 0.000000 1.000000 0.000000 0.000000 0.000000 1.000000 3680.dat
1 71 140.000100 -16.025950 179.999900 1.000000 0.000000 0.000000 0.000000 1.000000 0.000000 0.000000 0.000000 1.000000 3679.dat
1 70 50.000000 -32.025930 170.000000 1.000000 0.000000 0.000000 0.000000 1.000000 0.000000 0.000000 0.000000 1.000000 3005.dat
1 0 -0.660910 -8.025869 88.131600 0.923880 0.000000 0.382682 0.000000 1.000000 0.000000 -0.382682 0.000000 0.923880 3021.dat
1 72 6.336150 -56.025840 52.761500 0.923880 0.000000 0.382683 0.000000 1.000000 0.000000 -0.382683 0.000000 0.923880 2357.dat
1 71 24.813770 -32.025840 45.107940 0.382683 0.000000 -0.923880 0.000000 1.000000 0.000000 0.923880 0.000000 0.382682 3005.dat
1 71 10.163000 -32.025840 62.000400 -0.382682 0.000000 0.923880 0.000000 1.000000 0.000000 -0.923880 0.000000 -0.382682 3010.dat
1 0 20.986980 -8.025820 35.869120 -0.923880 0.000000 -0.382682 0.000000 1.000000 0.000000 0.382682 0.000000 -0.923880 3021.dat
1 72 99.999950 -16.025930 180.000000 1.000000 0.000000 0.000000 0.000000 1.000000 0.000000 0.000000 0.000000 1.000000 3068b.dat
1 72 29.999920 -32.025930 180.000000 0.000000 0.000000 1.000000 0.000000 1.000000 0.000000 -1.000000 0.000000 0.000000 3004.dat
1 72 -20.000130 -32.025930 180.000000 1.000000 0.000000 0.000000 0.000000 1.000000 0.000000 0.000000 0.000000 1.000000 3830.dat
1 0 9.999829 -8.025940 170.000000 0.000000 0.000000 1.000000 0.000000 1.000000 0.000000 -1.000000 0.000000 0.000000 2450.dat
1 72 190.000000 -280.025900 209.999900 0.000000 0.000000 -1.000000 0.000000 1.000000 0.000000 1.000000 0.000000 0.000000 54200.dat
1 0 139.999900 -280.025900 210.000000 1.000000 0.000000 0.000000 0.000000 1.000000 0.000000 0.000000 0.000000 1.000000 3666.dat
1 72 89.999860 -280.025900 210.000000 0.000000 0.000000 1.000000 0.000000 1.000000 0.000000 -1.000000 0.000000 0.000000 54200.dat
1 72 139.999800 -272.025900 209.999900 1.000000 0.000000 0.000000 0.000000 1.000000 0.000000 0.000000 0.000000 1.000000 3004.dat
1 0 139.999900 -248.025900 210.000000 1.000000 0.000000 0.000000 0.000000 1.000000 0.000000 0.000000 0.000000 1.000000 3460.dat
1 72 189.999900 -272.025900 209.999900 0.000000 0.000000 -1.000000 0.000000 1.000000 0.000000 1.000000 0.000000 0.000000 3040b.dat
1 72 89.999860 -272.025900 210.000000 0.000000 0.000000 1.000000 0.000000 1.000000 0.000000 -1.000000 0.000000 0.000000 3040b.dat
1 0 190.000000 -240.025900 210.000000 -1.000000 0.000000 0.000000 0.000000 1.000000 0.000000 0.000000 0.000000 -1.000000 4070.dat
1 72 169.999900 -240.025900 209.999900 0.000000 0.000000 1.000000 0.000000 1.000000 0.000000 -1.000000 0.000000 0.000000 3665.dat
1 72 109.999800 -240.025900 210.000000 0.000000 0.000000 -1.000000 0.000000 1.000000 0.000000 1.000000 0.000000 0.000000 3665.dat
1 0 89.999860 -240.025900 210.000000 -1.000000 0.000000 0.000000 0.000000 1.000000 0.000000 0.000000 0.000000 -1.000000 4070.dat
1 71 139.999900 -216.025900 210.000000 1.000000 0.000000 0.000000 0.000000 1.000000 0.000000 0.000000 0.000000 1.000000 3460.dat
1 72 210.000000 -208.025900 190.000100 -1.000000 0.000000 0.000000 0.000000 1.000000 0.000000 0.000000 0.000000 -1.000000 3665.dat
1 72 69.999900 -208.025900 190.000000 -1.000000 0.000000 0.000000 0.000000 1.000000 0.000000 0.000000 0.000000 -1.000000 3665.dat
1 71 139.999900 -216.025900 140.000000 1.000000 0.000000 0.000000 0.000000 1.000000 0.000000 0.000000 0.000000 1.000000 3034.dat
1 0 139.999900 -208.025900 150.000000 1.000000 0.000000 0.000000 0.000000 1.000000 0.000000 0.000000 0.000000 1.000000 3008.dat
1 72 179.999900 -272.025900 110.000000 1.000000 0.000000 0.000000 0.000000 1.000000 0.000000 0.000000 0.000000 1.000000 85984.dat
1 72 179.999900 -272.025900 110.000000 1.000000 0.000000 0.000000 0.000000 1.000000 0.000000 0.000000 0.000000 1.000000 3004.dat
1 0 139.999800 -248.025900 110.000000 1.000000 0.000000 0.000000 0.000000 1.000000 0.000000 0.000000 0.000000 1.000000 4477.dat
1 72 99.999770 -272.025900 110.000000 1.000000 0.000000 0.000000 0.000000 1.000000 0.000000 0.000000 0.000000 1.000000 85984.dat
1 72 99.999770 -272.025900 110.000000 1.000000 0.000000 0.000000 0.000000 1.000000 0.000000 0.000000 0.000000 1.000000 3004.dat
1 72 220.000000 -240.025900 110.000000 1.000000 0.000000 0.000000 0.000000 1.000000 0.000000 0.000000 0.000000 1.000000 3004.dat
1 72 159.999900 -240.025900 110.000000 1.000000 0.000000 0.000000 0.000000 1.000000 0.000000 0.000000 0.000000 1.000000 98283.dat
1 72 119.999800 -240.025900 110.000000 1.000000 0.000000 0.000000 0.000000 1.000000 0.000000 0.000000 0.000000 1.000000 3004.dat
1 72 59.999810 -240.025900 110.000000 1.000000 0.000000 0.000000 0.000000 1.000000 0.000000 0.000000 0.000000 1.000000 3004.dat
1 71 139.999900 -216.025900 110.000000 1.000000 0.000000 0.000000 0.000000 1.000000 0.000000 0.000000 0.000000 1.000000 3460.dat
1 72 190.000000 -208.025900 110.000000 0.000000 0.000000 1.000000 0.000000 1.000000 0.000000 -1.000000 0.000000 0.000000 3665.dat
1 72 89.999950 -208.025900 110.000000 0.000000 0.000000 -1.000000 0.000000 1.000000 0.000000 1.000000 0.000000 0.000000 3665.dat
1 71 239.999900 -216.025900 99.999980 0.000000 0.000000 -1.000000 0.000000 1.000000 0.000000 1.000000 0.000000 0.000000 2430.dat
1 71 239.999800 -216.025900 99.999950 -0.382683 0.000000 -0.923880 0.000000 1.000000 0.000000 0.923880 0.000000 -0.382684 2429.dat
1 72 229.999900 -208.025900 110.000000 0.000001 0.000000 -1.000000 0.000000 1.000000 0.000000 1.000000 0.000000 0.000001 2357.dat
1 72 229.999900 -184.025900 110.000000 1.000000 0.000000 0.000000 0.000000 1.000000 0.000000 0.000000 0.000000 1.000000 3005.dat
1 71 239.999900 -160.025900 99.999980 0.000000 0.000000 -1.000000 0.000000 1.000000 0.000000 1.000000 0.000000 0.000000 2430.dat
1 71 239.999800 -160.025900 99.999920 -0.382684 0.000000 -0.923880 0.000000 1.000000 0.000000 0.923880 0.000000 -0.382684 2429.dat
1 71 40.000000 -216.025900 100.000000 0.000000 0.000000 1.000000 0.000000 1.000000 0.000000 -1.000000 0.000000 0.000000 2429.dat
1 71 40.000030 -216.025900 100.000100 -0.382683 0.000000 0.923879 0.000000 1.000000 0.000000 -0.923879 0.000000 -0.382683 2430.dat
1 72 49.999980 -208.025900 110.000000 1.000000 0.000000 0.000001 0.000000 1.000000 0.000000 -0.000001 0.000000 1.000000 2357.dat
1 72 50.000000 -184.025900 110.000000 1.000000 0.000000 0.000000 0.000000 1.000000 0.000000 0.000000 0.000000 1.000000 3005.dat
1 71 40.000000 -160.025900 100.000000 0.000000 0.000000 1.000000 0.000000 1.000000 0.000000 -1.000000 0.000000 0.000000 2429.dat
1 71 40.000030 -160.025900 100.000100 -0.382684 0.000000 0.923879 0.000000 1.000000 0.000000 -0.923880 0.000000 -0.382684 2430.dat
1 72 263.659100 -104.025800 50.782030 0.382682 0.000000 0.923880 0.000000 1.000000 0.000000 -0.923880 0.000000 0.382682 3002.dat
1 72 280.551500 -80.025820 36.131360 0.382682 0.000000 0.923880 0.000000 1.000000 0.000000 -0.923880 0.000000 0.382682 3622.dat
1 72 252.835100 -80.025850 24.650840 0.382682 0.000000 0.923880 0.000000 1.000000 0.000000 -0.923880 0.000000 0.382682 3002.dat
1 71 247.425300 -88.025850 11.580030 -0.382682 0.000000 -0.923880 0.000000 1.000000 0.000000 0.923880 0.000000 -0.382682 3069a.dat
1 72 255.076800 -56.025840 -6.892350 0.923880 0.000000 -0.382682 0.000000 1.000000 0.000000 0.382682 0.000000 0.923880 3002.dat
1 71 280.551700 -56.025820 36.131240 0.923880 0.000000 -0.382682 0.000000 1.000000 0.000000 0.382682 0.000000 0.923880 3665.dat
1 72 243.596400 -56.025840 20.824010 0.923880 0.000000 -0.382682 0.000000 1.000000 0.000000 0.382682 0.000000 0.923880 3622.dat
1 72 231.187100 -32.025850 -27.611620 0.382682 0.000000 0.923880 0.000000 1.000000 0.000000 -0.923880 0.000000 0.382682 3002.dat
1 71 255.076800 -32.025850 -6.892370 0.382682 0.000000 0.923880 0.000000 1.000000 0.000000 -0.923880 0.000000 0.382682 3010.dat
1 0 235.014000 -8.025840 -36.850400 0.382682 0.000000 0.923880 0.000000 1.000000 0.000000 -0.923880 0.000000 0.382682 3031.dat
1 71 214.949000 -16.025840 -66.803370 0.382681 0.000000 0.923880 0.000000 1.000000 0.000000 -0.923880 0.000000 0.382681 3069a.dat
1 71 278.971500 -88.025870 13.829030 -0.923880 0.000000 0.382682 0.000000 1.000000 0.000000 -0.382682 0.000000 -0.923880 3069a.dat
1 71 262.073900 -32.025810 28.477670 0.923880 0.000000 -0.382682 0.000000 1.000000 0.000000 0.382682 0.000000 0.923880 3665.dat
1 72 291.375400 -104.025800 62.262550 0.382682 0.000000 0.923880 0.000000 1.000000 0.000000 -0.923880 0.000000 0.382682 3622.dat
1 72 283.721800 -80.025820 80.740120 -0.923881 0.000000 0.382681 0.000000 1.000000 0.000000 -0.382681 0.000000 -0.923880 2357.dat
1 71 283.722100 -56.025830 80.740180 0.923880 0.000000 -0.382682 0.000000 1.000000 0.000000 0.382682 0.000000 0.923880 3665.dat
1 72 291.375500 -128.025800 62.262490 0.923880 0.000000 -0.382682 0.000000 1.000000 0.000000 0.382682 0.000000 0.923880 3622.dat
1 71 269.073200 -136.025900 63.842460 -0.382682 0.000000 -0.923880 0.000000 1.000000 0.000000 0.923880 0.000000 -0.382682 3069a.dat
1 71 257.323500 -40.025850 -38.433410 -0.923880 0.000000 0.382682 0.000000 1.000000 0.000000 -0.382682 0.000000 -0.923880 3069a.dat
1 72 15.575130 -104.025800 48.934590 0.382682 0.000000 -0.923880 0.000000 1.000000 0.000000 0.923880 0.000000 0.382682 3002.dat
1 72 26.399040 -80.025810 22.803350 0.382682 0.000000 -0.923880 0.000000 1.000000 0.000000 0.923880 0.000000 0.382682 3002.dat
1 71 31.813180 -88.025840 9.742809 -0.382682 0.000000 0.923880 0.000000 1.000000 0.000000 -0.923880 0.000000 -0.382682 3069a.dat
1 72 -1.317330 -80.025840 34.283950 0.382683 0.000000 -0.923880 0.000000 1.000000 0.000000 0.923880 0.000000 0.382683 3622.dat
1 72 24.157300 -56.025830 -8.739850 0.923880 0.000000 0.382682 0.000000 1.000000 0.000000 -0.382682 0.000000 0.923880 3002.dat
1 72 35.637900 -56.025830 18.976560 0.923880 0.000000 0.382682 0.000000 1.000000 0.000000 -0.382682 0.000000 0.923880 3622.dat
1 71 -1.317520 -56.025840 34.283970 0.923880 0.000000 0.382683 0.000000 1.000000 0.000000 -0.382682 0.000000 0.923880 3665.dat
1 72 48.046900 -32.025800 -29.459100 0.382682 0.000000 -0.923880 0.000000 1.000000 0.000000 0.923880 0.000000 0.382682 3002.dat
1 71 24.157260 -32.025830 -8.739860 -0.382683 0.000000 0.923880 0.000000 1.000000 0.000000 -0.923880 0.000000 -0.382682 3010.dat
1 0 44.220040 -8.025800 -38.697860 0.382682 0.000000 -0.923880 0.000000 1.000000 0.000000 0.923880 0.000000 0.382682 3031.dat
1 71 64.284950 -16.025790 -68.650850 -0.382683 0.000000 0.923880 0.000000 1.000000 0.000000 -0.923880 0.000000 -0.382682 3069a.dat
1 71 0.262660 -88.025840 11.981420 0.923880 0.000000 0.382682 0.000000 1.000000 0.000000 -0.382682 0.000000 0.923880 3069a.dat
1 71 17.160130 -32.025840 26.630310 0.923880 0.000000 0.382683 0.000000 1.000000 0.000000 -0.382682 0.000000 0.923880 3665.dat
1 71 21.920790 -40.025810 -40.285290 -0.923880 0.000000 -0.382682 0.000000 1.000000 0.000000 0.382682 0.000000 -0.923880 3069a.dat
1 72 -12.141350 -104.025800 60.415090 0.382683 0.000000 -0.923880 0.000000 1.000000 0.000000 0.923880 0.000000 0.382683 3622.dat
1 72 -4.487690 -80.025840 78.892610 -0.382683 0.000000 0.923880 0.000000 1.000000 0.000000 -0.923880 0.000000 -0.382683 2357.dat
1 71 -4.487670 -56.025860 78.892880 0.923880 0.000000 0.382682 0.000000 1.000000 0.000000 -0.382682 0.000000 0.923880 3665.dat
1 72 -12.141350 -128.025800 60.415010 -0.923880 0.000000 -0.382682 0.000000 1.000000 0.000000 0.382682 0.000000 -0.923880 3622.dat
1 71 10.165230 -136.025800 62.005280 -0.382682 0.000000 0.923880 0.000000 1.000000 0.000000 -0.923880 0.000000 -0.382682 3069a.dat
1 72 -125.453900 -240.026000 147.143500 0.923880 0.000000 -0.382683 0.000000 1.000000 0.000000 0.382683 0.000000 0.923880 2357.dat
1 71 -104.734600 -216.026000 123.254000 0.382684 0.000000 0.923880 0.000000 1.000000 0.000000 -0.923880 0.000000 0.382684 3020.dat
1 72 -57.883870 -312.025900 88.540450 -0.923880 0.000000 0.382684 0.000000 1.000000 0.000000 -0.382683 0.000000 -0.923880 54200.dat
1 71 -57.883920 -312.025900 88.540450 0.923880 0.000000 -0.382684 0.000000 1.000000 0.000000 0.382683 0.000000 0.923880 3024.dat
1 0 -50.230240 -304.025900 70.062860 0.382684 0.000000 0.923880 0.000000 1.000000 0.000000 -0.923880 0.000000 0.382684 3623.dat
1 72 -50.230380 -328.025900 70.062820 0.923880 0.000000 -0.382684 0.000000 1.000000 0.000000 0.382683 0.000000 0.923880 3040b.dat
1 72 -57.883920 -296.025900 88.540450 0.923880 0.000000 -0.382684 0.000000 1.000000 0.000000 0.382683 0.000000 0.923880 3005.dat
1 72 -50.230290 -296.025900 70.062820 0.923880 0.000000 -0.382684 0.000000 1.000000 0.000000 0.382683 0.000000 0.923880 2449.dat
1 72 -57.883920 -272.025900 88.540420 -0.923880 0.000000 0.382684 0.000000 1.000000 0.000000 -0.382683 0.000000 -0.923880 3040b.dat
1 72 -57.883920 -248.025900 88.540450 0.923880 0.000000 -0.382684 0.000000 1.000000 0.000000 0.382683 0.000000 0.923880 3005.dat
1 72 -54.057080 -224.026000 79.301620 0.382684 0.000000 0.923880 0.000000 1.000000 0.000000 -0.923880 0.000000 0.382683 3023.dat
1 71 -69.364360 -216.026000 116.256800 -0.382684 0.000000 -0.923880 0.000000 1.000000 0.000000 0.923880 0.000000 -0.382683 3666.dat
1 72 -70.020940 -272.025900 170.104600 0.382683 0.000000 0.923879 0.000000 1.000000 0.000000 -0.923879 0.000000 0.382683 54200.dat
1 72 -70.020900 -272.025900 170.104600 0.382683 0.000000 0.923880 0.000000 1.000000 0.000000 -0.923880 0.000000 0.382683 3040b.dat
1 0 -79.259690 -248.025900 166.277800 0.923880 0.000000 -0.382683 0.000000 1.000000 0.000000 0.382684 0.000000 0.923880 3710.dat
1 70 -70.020900 -240.025900 170.104500 0.923880 0.000000 -0.382683 0.000000 1.000000 0.000000 0.382684 0.000000 0.923880 3005.dat
1 72 -88.498630 -240.026000 162.450900 0.923880 0.000000 -0.382684 0.000000 1.000000 0.000000 0.382684 0.000000 0.923880 3005.dat
1 71 -51.543290 -216.025900 177.758200 0.923880 0.000000 -0.382683 0.000000 1.000000 0.000000 0.382683 0.000000 0.923880 3623.dat
1 72 -20.000020 -240.025900 180.000000 0.923879 0.000000 -0.382683 0.000000 1.000000 0.000000 0.382683 0.000000 0.923879 3831.dat
1 72 -54.057000 -208.026000 79.301670 0.382684 0.000000 0.923880 0.000000 1.000000 0.000000 -0.923880 0.000000 0.382683 3245c.dat
1 72 -80.844840 -208.026000 143.973300 -0.382684 0.000000 -0.923880 0.000000 1.000000 0.000000 0.923880 0.000000 -0.382683 3622.dat
1 72 -51.543270 -208.025900 177.758200 0.923879 0.000000 -0.382683 0.000000 1.000000 0.000000 0.382683 0.000000 0.923879 3622.dat
1 72 -73.191220 -184.026000 125.495700 -0.382684 0.000000 -0.923880 0.000000 1.000000 0.000000 0.923880 0.000000 -0.382683 3622.dat
1 71 -61.710750 -160.026000 97.779290 0.382684 0.000000 0.923880 0.000000 1.000000 0.000000 -0.923880 0.000000 0.382683 3710.dat
1 72 -42.304490 -184.025900 181.585100 -0.923879 0.000000 0.382683 0.000000 1.000000 0.000000 -0.382683 0.000000 -0.923879 3004.dat
1 72 -57.883830 -152.026000 88.540470 0.923880 0.000000 -0.382684 0.000000 1.000000 0.000000 0.382683 0.000000 0.923880 3665.dat
1 71 -43.889600 -160.025900 159.280700 0.923879 0.000000 -0.382683 0.000000 1.000000 0.000000 0.382683 0.000000 0.923879 2450.dat
1 72 -62.367100 -184.025900 151.627000 -0.382683 0.000000 -0.923879 0.000000 1.000000 0.000000 0.923879 0.000000 -0.382683 3622.dat
1 72 -62.367150 -152.025900 151.627100 0.923879 0.000000 -0.382683 0.000000 1.000000 0.000000 0.382683 0.000000 0.923879 3665.dat
1 72 -77.018040 -152.026000 134.734500 -0.382684 0.000000 -0.923880 0.000000 1.000000 0.000000 0.923880 0.000000 -0.382683 3010.dat
1 72 -171.647600 -184.026000 128.009400 0.923880 0.000000 -0.382684 0.000000 1.000000 0.000000 0.382684 0.000000 0.923880 6111.dat
1 71 -88.498470 -160.026000 162.450900 -0.923880 0.000000 0.382683 0.000000 1.000000 0.000000 -0.382683 0.000000 -0.923880 2420.dat
1 71 -171.647600 -160.026000 128.009400 0.923880 0.000000 -0.382684 0.000000 1.000000 0.000000 0.382683 0.000000 0.923880 3666.dat
1 72 -20.000010 -152.025900 180.000000 0.923879 0.000000 -0.382683 0.000000 1.000000 0.000000 0.382683 0.000000 0.923879 3831.dat
1 71 -254.796900 -160.025900 93.567790 0.382683 0.000000 0.923880 0.000000 1.000000 0.000000 -0.923880 0.000000 0.382683 2420.dat
1 72 -236.319400 -320.025900 101.221500 0.382684 0.000000 0.923880 0.000000 1.000000 0.000000 -0.923880 0.000000 0.382683 54200.dat
1 71 -236.319400 -320.025900 101.221500 0.923880 0.000000 -0.382684 0.000000 1.000000 0.000000 0.382684 0.000000 0.923880 3024.dat
1 72 -236.319400 -312.025900 101.221500 0.382684 0.000000 0.923880 0.000000 1.000000 0.000000 -0.923880 0.000000 0.382684 4460b.dat
1 72 -254.797000 -240.025900 93.567790 -0.382684 0.000000 -0.923880 0.000000 1.000000 0.000000 0.923880 0.000000 -0.382684 3005.dat
1 71 -215.600100 -216.025900 77.331890 0.923880 0.000000 -0.382684 0.000000 1.000000 0.000000 0.382684 0.000000 0.923880 3031.dat
1 72 -176.403100 -240.025900 61.096020 -0.382684 0.000000 -0.923880 0.000000 1.000000 0.000000 0.923880 0.000000 -0.382684 6541.dat
1 72 -217.841900 -240.025900 108.875100 -0.382683 0.000000 -0.923880 0.000000 1.000000 0.000000 0.923880 0.000000 -0.382683 2357.dat
1 15 -221.012000 -240.025900 64.266280 0.923880 0.000000 -0.382684 0.000000 1.000000 0.000000 0.382684 0.000000 0.923880 3626c.dat
1 72 -194.880900 -208.025900 53.442280 -0.382684 0.000000 -0.923880 0.000000 1.000000 0.000000 0.923880 0.000000 -0.382684 3665.dat
1 72 -213.358400 -208.025900 45.788670 0.923880 0.000000 -0.382684 0.000000 1.000000 0.000000 0.382684 0.000000 0.923880 3005.dat
1 72 -239.489700 -208.025900 56.612580 0.923880 0.000000 -0.382684 0.000000 1.000000 0.000000 0.382684 0.000000 0.923880 3005.dat
1 72 -195.537300 -208.026000 107.290000 0.382684 0.000000 0.923880 0.000000 1.000000 0.000000 -0.923880 0.000000 0.382684 32000.dat
1 72 -250.970000 -208.026000 84.329040 0.382684 0.000000 0.923880 0.000000 1.000000 0.000000 -0.923880 0.000000 0.382684 32000.dat
1 72 -213.358400 -184.025900 45.788670 -0.382684 0.000000 -0.923880 0.000000 1.000000 0.000000 0.923880 0.000000 -0.382684 3665.dat
1 0 -239.489700 -184.025900 56.612580 0.382684 0.000000 0.923880 0.000000 1.000000 0.000000 -0.923880 0.000000 0.382684 87087.dat
