0 9469-GandalfArrives.ldr
0 Name: 9469 - Gandalf Arrives
0 Author: Philippe Hurbain [Philo]
0 Theme: Dimensions
0 CustomBrick

1 28 0.000000 0.000000 0.000000 0.000000 0.000000 -1.000000 0.000000 1.000000 0.000000 1.000000 0.000000 0.000000 3795.dat
1 70 0.000000 -8.000000 -20.000000 1.000000 0.000000 0.000000 0.000000 1.000000 0.000000 0.000000 0.000000 1.000000 30157.dat
1 19 0.000000 -8.000000 50.000000 1.000000 0.000000 0.000000 0.000000 1.000000 0.000000 0.000000 0.000000 1.000000 3710.dat
1 28 -10.000000 -8.000000 20.000000 0.000000 0.000000 -1.000000 0.000000 1.000000 0.000000 1.000000 0.000000 0.000000 3023.dat
1 28 10.000000 -8.000000 20.000000 0.000000 0.000000 -1.000000 0.000000 1.000000 0.000000 1.000000 0.000000 0.000000 3023.dat
1 19 0.000000 -8.000000 -60.000000 1.000000 0.000000 0.000000 0.000000 1.000000 0.000000 0.000000 0.000000 1.000000 3020.dat
1 70 0.000000 -16.000000 -40.000000 0.000000 0.000000 -1.000000 0.000000 1.000000 0.000000 1.000000 0.000000 0.000000 3832.dat
1 19 30.000000 -16.000000 -20.000000 0.000000 0.000000 -1.000000 0.000000 1.000000 0.000000 1.000000 0.000000 0.000000 3460.dat
1 19 -30.000000 -16.000000 -20.000000 0.000000 0.000000 -1.000000 0.000000 1.000000 0.000000 1.000000 0.000000 0.000000 3460.dat
1 71 20.000000 -24.000000 50.000000 1.000000 0.000000 0.000000 0.000000 1.000000 0.000000 0.000000 0.000000 1.000000 92280.dat
1 71 20.000000 -24.000000 -50.000000 1.000000 0.000000 0.000000 0.000000 1.000000 0.000000 0.000000 0.000000 1.000000 92280.dat
1 71 -20.000000 -24.000000 -50.000000 -1.000000 0.000000 0.000000 0.000000 1.000000 0.000000 0.000000 0.000000 -1.000000 92280.dat
1 71 -20.000000 -24.000000 50.000000 -1.000000 0.000000 0.000000 0.000000 1.000000 0.000000 0.000000 0.000000 -1.000000 92280.dat
1 28 20.000000 -24.000000 -90.000000 1.000000 0.000000 0.000000 0.000000 1.000000 0.000000 0.000000 0.000000 1.000000 3023.dat
1 28 -20.000000 -24.000000 -90.000000 1.000000 0.000000 0.000000 0.000000 1.000000 0.000000 0.000000 0.000000 1.000000 3023.dat
1 19 20.000000 -24.000000 0.000000 0.000000 0.000000 -1.000000 0.000000 1.000000 0.000000 1.000000 0.000000 0.000000 3020.dat
1 19 -20.000000 -24.000000 0.000000 0.000000 0.000000 -1.000000 0.000000 1.000000 0.000000 1.000000 0.000000 0.000000 3020.dat
1 71 -10.000000 -32.000000 40.000000 0.000000 0.000000 -1.000000 0.000000 1.000000 0.000000 1.000000 0.000000 0.000000 92280.dat
1 71 10.000000 -32.000000 40.000000 0.000000 0.000000 -1.000000 0.000000 1.000000 0.000000 1.000000 0.000000 0.000000 92280.dat
1 28 0.000000 -32.000000 10.000000 1.000000 0.000000 0.000000 0.000000 1.000000 0.000000 0.000000 0.000000 1.000000 3023.dat
1 28 0.000000 -32.000000 -10.000000 1.000000 0.000000 0.000000 0.000000 1.000000 0.000000 0.000000 0.000000 1.000000 3023.dat
1 70 0.000000 -40.000000 20.000000 1.000000 0.000000 0.000000 0.000000 1.000000 0.000000 0.000000 0.000000 1.000000 87580.dat
1 70 0.000000 -32.000000 -40.000000 1.000000 0.000000 0.000000 0.000000 1.000000 0.000000 0.000000 0.000000 1.000000 87580.dat
1 71 -10.000000 -68.000000 52.000000 0.000000 0.000000 -1.000000 1.000000 0.000000 0.000000 0.000000 -1.000000 0.000000 60478.dat
1 71 10.000000 -68.000000 52.000000 0.000000 0.000000 -1.000000 1.000000 0.000000 0.000000 0.000000 -1.000000 0.000000 60478.dat
1 28 0.000000 -68.000000 60.000000 -1.000000 0.000000 0.000000 0.000000 0.000000 -1.000000 0.000000 -1.000000 0.000000 51739.dat
1 70 0.000000 -80.000000 20.000000 -1.000000 0.000000 0.000000 0.000000 1.000000 0.000000 0.000000 0.000000 -1.000000 2489.dat
1 28 0.000000 -64.000000 -20.000000 -1.000000 0.000000 0.000000 0.000000 1.000000 0.000000 0.000000 0.000000 -1.000000 92590.dat
1 72 0.000000 -40.000000 -180.000000 -1.000000 0.000000 0.000000 0.000000 1.000000 0.000000 0.000000 0.000000 -1.000000 2397.dat
1 28 0.000000 -48.000000 -130.000000 -1.000000 0.000000 0.000000 0.000000 1.000000 0.000000 0.000000 0.000000 -1.000000 4865b.dat
1 19 0.000000 -32.000000 -100.000000 1.000000 0.000000 0.000000 0.000000 1.000000 0.000000 0.000000 0.000000 1.000000 3020.dat
1 70 0.000000 -40.000000 -110.000000 1.000000 0.000000 0.000000 0.000000 1.000000 0.000000 0.000000 0.000000 1.000000 3794b.dat
1 308 0.000000 -40.000000 -90.000000 1.000000 0.000000 0.000000 0.000000 1.000000 0.000000 0.000000 0.000000 1.000000 3069b.dat
1 28 30.000000 -56.000000 -100.000000 0.000000 0.000000 1.000000 0.000000 1.000000 0.000000 -1.000000 0.000000 0.000000 4865b.dat
1 28 -30.000000 -56.000000 -100.000000 0.000000 0.000000 -1.000000 0.000000 1.000000 0.000000 1.000000 0.000000 0.000000 4865b.dat
1 70 40.000000 2.000000 -20.000000 0.000000 0.000000 -1.000000 0.000000 1.000000 0.000000 1.000000 0.000000 0.000000 33211.dat
1 70 -40.000000 2.000000 -20.000000 0.000000 0.000000 1.000000 0.000000 1.000000 0.000000 -1.000000 0.000000 0.000000 33211.dat
1 70 0.000000 -32.000000 -230.000000 1.000000 0.000000 0.000000 0.000000 1.000000 0.000000 0.000000 0.000000 1.000000 3023.dat
1 70 0.000000 -24.000000 -230.000000 1.000000 0.000000 0.000000 0.000000 1.000000 0.000000 0.000000 0.000000 1.000000 3004.dat
1 70 0.000000 0.000000 -230.000000 1.000000 0.000000 0.000000 0.000000 1.000000 0.000000 0.000000 0.000000 1.000000 10509p01.dat
1 15 0.133000 -63.201300 -45.000000 0.105300 -0.236400 0.965900 0.984100 0.164500 -0.067000 -0.143000 0.957600 0.250000 3069bp0c.dat
1 4 -3.867000 -109.201300 17.000000 0.866000 -0.483000 -0.129400 0.000000 -0.258800 0.965900 -0.500000 -0.836500 -0.224100 98136.dat
1 25 34.133000 -70.201300 32.000000 -0.836500 -0.224100 -0.500000 0.158500 0.774500 -0.612400 0.524500 -0.591500 -0.612400 33172c02.dat
1 71 20.133000 -143.201300 6.000000 -0.836500 -0.224100 -0.500000 -0.258800 0.965900 0.000000 0.483000 0.129400 -0.866000 30374.dat
1 2 21.925800 -150.928500 4.964800 -0.836500 -0.224100 -0.500000 -0.258800 0.965900 0.000000 0.483000 0.129400 -0.866000 59900.dat
1 2 16.547400 -127.746900 8.070400 -0.836500 -0.224100 -0.500000 -0.258800 0.965900 0.000000 0.483000 0.129400 -0.866000 3062b.dat
1 14 -16.796600 -129.474100 14.000000 0.965900 0.258800 0.000000 -0.258800 0.965900 0.000000 0.000000 0.000000 1.000000 30374.dat
1 15 -18.867000 -137.201300 14.000000 0.965900 0.258800 0.000000 -0.258800 0.965900 0.000000 0.000000 0.000000 1.000000 59900.dat
1 28 50.088000 -54.424000 1.000000 0.000000 -0.933600 0.358400 0.000000 -0.358400 -0.933600 1.000000 0.000000 0.000000 3795.dat
1 71 42.619200 -57.291200 -49.000000 -0.358400 -0.933600 0.000000 0.933600 -0.358400 0.000000 0.000000 0.000000 1.000000 60478.dat
1 71 42.619200 -57.291200 51.000000 -0.358400 -0.933600 0.000000 0.933600 -0.358400 0.000000 0.000000 0.000000 1.000000 60478.dat
1 19 31.566400 -50.822400 51.000000 0.358400 -0.933600 0.000000 -0.933600 -0.358400 0.000000 0.000000 0.000000 -1.000000 4081b.dat
1 19 39.734400 -77.680000 71.000000 -0.933600 -0.358400 0.000000 -0.358400 0.933600 0.000000 0.000000 0.000000 -1.000000 3005.dat
1 19 19.664000 -25.398400 71.000000 0.933600 0.358400 0.000000 0.358400 -0.933600 0.000000 0.000000 0.000000 -1.000000 3005.dat
1 19 42.601600 -85.148800 71.000000 0.933600 -0.358400 0.000000 0.358400 0.933600 0.000000 0.000000 0.000000 1.000000 4073.dat
1 19 31.566400 -50.822400 -49.000000 -0.358400 -0.933600 0.000000 0.933600 -0.358400 0.000000 0.000000 0.000000 1.000000 4081b.dat
1 19 39.734400 -77.680000 -69.000000 -0.933600 -0.358400 0.000000 -0.358400 0.933600 0.000000 0.000000 0.000000 -1.000000 3005.dat
1 19 19.664000 -25.398400 -69.000000 0.933600 0.358400 0.000000 0.358400 -0.933600 0.000000 0.000000 0.000000 -1.000000 3005.dat
1 19 42.601600 -85.148800 -69.000000 0.933600 -0.358400 0.000000 0.358400 0.933600 0.000000 0.000000 0.000000 1.000000 4073.dat
1 28 -50.086800 -54.423700 0.000000 0.000000 0.933600 -0.358400 0.000000 -0.358400 -0.933600 -1.000000 0.000000 0.000000 3795.dat
1 71 -42.618000 -57.290900 50.000000 0.358400 0.933600 0.000000 0.933600 -0.358400 0.000000 0.000000 0.000000 -1.000000 60478.dat
1 71 -42.618000 -57.290900 -50.000000 0.358400 0.933600 0.000000 0.933600 -0.358400 0.000000 0.000000 0.000000 -1.000000 60478.dat
1 19 -31.565200 -50.822100 -50.000000 -0.358400 0.933600 0.000000 -0.933600 -0.358400 0.000000 0.000000 0.000000 1.000000 4081b.dat
1 19 -39.733200 -77.679700 -70.000000 0.933600 0.358400 0.000000 -0.358400 0.933600 0.000000 0.000000 0.000000 1.000000 3005.dat
1 19 -19.662800 -25.398100 -70.000000 -0.933600 -0.358400 0.000000 0.358400 -0.933600 0.000000 0.000000 0.000000 1.000000 3005.dat
1 19 -42.600400 -85.148500 -70.000000 -0.933600 0.358400 0.000000 0.358400 0.933600 0.000000 0.000000 0.000000 -1.000000 4073.dat
1 19 -31.565200 -50.822100 50.000000 0.358400 0.933600 0.000000 0.933600 -0.358400 0.000000 0.000000 0.000000 -1.000000 4081b.dat
1 19 -39.733200 -77.679700 70.000000 0.933600 0.358400 0.000000 -0.358400 0.933600 0.000000 0.000000 0.000000 1.000000 3005.dat
1 19 -19.662800 -25.398100 70.000000 -0.933600 -0.358400 0.000000 0.358400 -0.933600 0.000000 0.000000 0.000000 1.000000 3005.dat
1 19 -42.600400 -85.148500 70.000000 -0.933600 0.358400 0.000000 0.358400 0.933600 0.000000 0.000000 0.000000 -1.000000 4073.dat
