0 9471-Uruk-HaiArmy.ldr
0 Name: 9471 - Uruk-Hai Army
0 Author: Philippe Hurbain [Philo]
0 Theme: Dimensions
0 CustomBrick

1 28 0.000000 0.000000 0.000000 0.000000 0.000000 1.000000 0.000000 1.000000 0.000000 -1.000000 0.000000 0.000000 3036.dat
1 28 0.000000 0.000000 160.000000 0.000000 0.000000 1.000000 0.000000 1.000000 0.000000 -1.000000 0.000000 0.000000 3036.dat
1 72 30.000000 -24.000000 80.000000 -1.000000 0.000000 0.000000 0.000000 1.000000 0.000000 0.000000 0.000000 -1.000000 3002.dat
1 72 -40.000000 -24.000000 -70.000000 -1.000000 0.000000 0.000000 0.000000 1.000000 0.000000 0.000000 0.000000 -1.000000 32000.dat
1 72 -40.000000 -24.000000 230.000000 -1.000000 0.000000 0.000000 0.000000 1.000000 0.000000 0.000000 0.000000 -1.000000 32000.dat
1 71 -10.000000 -24.000000 -60.000000 0.000000 0.000000 -1.000000 0.000000 1.000000 0.000000 1.000000 0.000000 0.000000 3004.dat
1 71 -10.000000 -24.000000 220.000000 0.000000 0.000000 -1.000000 0.000000 1.000000 0.000000 1.000000 0.000000 0.000000 3004.dat
1 378 -10.000000 -24.000000 -10.000000 0.000000 0.000000 -1.000000 0.000000 1.000000 0.000000 1.000000 0.000000 0.000000 3622.dat
1 378 -10.000000 -24.000000 170.000000 0.000000 0.000000 -1.000000 0.000000 1.000000 0.000000 1.000000 0.000000 0.000000 3622.dat
1 71 20.000000 -24.000000 20.000000 1.000000 0.000000 0.000000 0.000000 1.000000 0.000000 0.000000 0.000000 1.000000 87620.dat
1 71 20.000000 -24.000000 140.000000 0.000000 0.000000 -1.000000 0.000000 1.000000 0.000000 1.000000 0.000000 0.000000 87620.dat
1 72 10.000000 -24.000000 -30.000000 1.000000 0.000000 0.000000 0.000000 1.000000 0.000000 0.000000 0.000000 1.000000 3040b.dat
1 72 10.000000 -24.000000 210.000000 1.000000 0.000000 0.000000 0.000000 1.000000 0.000000 0.000000 0.000000 1.000000 3040b.dat
1 288 50.000000 0.000000 30.000000 1.000000 0.000000 0.000000 0.000000 1.000000 0.000000 0.000000 0.000000 1.000000 54200.dat
1 378 -30.000000 -48.000000 -70.000000 -1.000000 0.000000 0.000000 0.000000 1.000000 0.000000 0.000000 0.000000 -1.000000 3622.dat
1 71 -10.000000 -48.000000 -40.000000 0.000000 0.000000 1.000000 0.000000 1.000000 0.000000 -1.000000 0.000000 0.000000 3004.dat
1 288 10.000000 -24.000000 -30.000000 0.000000 0.000000 -1.000000 0.000000 1.000000 0.000000 1.000000 0.000000 0.000000 54200.dat
1 71 -10.000000 -48.000000 10.000000 0.000000 0.000000 1.000000 0.000000 1.000000 0.000000 -1.000000 0.000000 0.000000 2357.dat
1 71 30.000000 -38.000000 24.000000 0.000000 0.000000 -1.000000 -1.000000 0.000000 0.000000 0.000000 1.000000 0.000000 54200.dat
1 71 30.000000 -48.000000 30.000000 1.000000 0.000000 0.000000 0.000000 1.000000 0.000000 0.000000 0.000000 1.000000 4070.dat
1 72 30.000000 -72.000000 50.000000 0.000000 0.000000 -1.000000 0.000000 1.000000 0.000000 1.000000 0.000000 0.000000 4460b.dat
1 288 50.000000 -24.000000 70.000000 0.000000 0.000000 -1.000000 0.000000 1.000000 0.000000 1.000000 0.000000 0.000000 54200.dat
1 71 20.000000 -48.000000 70.000000 1.000000 0.000000 0.000000 0.000000 1.000000 0.000000 0.000000 0.000000 1.000000 3004.dat
1 72 30.000000 -48.000000 90.000000 0.000000 0.000000 -1.000000 0.000000 1.000000 0.000000 1.000000 0.000000 0.000000 3040b.dat
1 72 30.000000 -72.000000 110.000000 0.000000 0.000000 -1.000000 0.000000 1.000000 0.000000 1.000000 0.000000 0.000000 4460b.dat
1 71 30.000000 -48.000000 130.000000 -1.000000 0.000000 0.000000 0.000000 1.000000 0.000000 0.000000 0.000000 -1.000000 4070.dat
1 71 30.000000 -38.000000 136.000000 0.000000 0.000000 -1.000000 1.000000 0.000000 0.000000 0.000000 -1.000000 0.000000 54200.dat
1 71 -10.000000 -48.000000 150.000000 1.000000 0.000000 0.000000 0.000000 1.000000 0.000000 0.000000 0.000000 1.000000 2357.dat
1 71 -10.000000 -48.000000 200.000000 0.000000 0.000000 -1.000000 0.000000 1.000000 0.000000 1.000000 0.000000 0.000000 98283.dat
1 378 -30.000000 -48.000000 230.000000 -1.000000 0.000000 0.000000 0.000000 1.000000 0.000000 0.000000 0.000000 -1.000000 3622.dat
1 288 50.000000 0.000000 130.000000 0.000000 0.000000 -1.000000 0.000000 1.000000 0.000000 1.000000 0.000000 0.000000 54200.dat
1 288 30.000000 0.000000 210.000000 0.000000 0.000000 -1.000000 0.000000 1.000000 0.000000 1.000000 0.000000 0.000000 54200.dat
1 71 -50.000000 -72.000000 -70.000000 -1.000000 0.000000 0.000000 0.000000 1.000000 0.000000 0.000000 0.000000 -1.000000 3005.dat
1 71 -50.000000 -96.000000 -70.000000 -1.000000 0.000000 0.000000 0.000000 1.000000 0.000000 0.000000 0.000000 -1.000000 3005.dat
1 71 -50.000000 -72.000000 230.000000 -1.000000 0.000000 0.000000 0.000000 1.000000 0.000000 0.000000 0.000000 -1.000000 3005.dat
1 71 -50.000000 -96.000000 230.000000 -1.000000 0.000000 0.000000 0.000000 1.000000 0.000000 0.000000 0.000000 -1.000000 3005.dat
1 378 -10.000000 -72.000000 10.000000 -1.000000 0.000000 0.000000 0.000000 1.000000 0.000000 0.000000 0.000000 -1.000000 3005.dat
1 378 -10.000000 -72.000000 150.000000 -1.000000 0.000000 0.000000 0.000000 1.000000 0.000000 0.000000 0.000000 -1.000000 3005.dat
1 71 -10.000000 -72.000000 -40.000000 0.000000 0.000000 1.000000 0.000000 1.000000 0.000000 -1.000000 0.000000 0.000000 3010.dat
1 71 -10.000000 -72.000000 200.000000 0.000000 0.000000 1.000000 0.000000 1.000000 0.000000 -1.000000 0.000000 0.000000 3010.dat
1 71 20.000000 -72.000000 20.000000 1.000000 0.000000 0.000000 0.000000 1.000000 0.000000 0.000000 0.000000 1.000000 87620.dat
1 71 20.000000 -72.000000 140.000000 0.000000 0.000000 -1.000000 0.000000 1.000000 0.000000 1.000000 0.000000 0.000000 87620.dat
1 71 30.000000 -72.000000 90.000000 -1.000000 0.000000 0.000000 0.000000 1.000000 0.000000 0.000000 0.000000 -1.000000 3005.dat
1 378 -10.000000 -96.000000 -30.000000 -1.000000 0.000000 0.000000 0.000000 1.000000 0.000000 0.000000 0.000000 -1.000000 3005.dat
1 378 -10.000000 -96.000000 190.000000 -1.000000 0.000000 0.000000 0.000000 1.000000 0.000000 0.000000 0.000000 -1.000000 3005.dat
1 71 -10.000000 -96.000000 -60.000000 0.000000 0.000000 1.000000 0.000000 1.000000 0.000000 -1.000000 0.000000 0.000000 3004.dat
1 71 -10.000000 -96.000000 0.000000 0.000000 0.000000 1.000000 0.000000 1.000000 0.000000 -1.000000 0.000000 0.000000 3004.dat
1 71 -10.000000 -96.000000 160.000000 0.000000 0.000000 1.000000 0.000000 1.000000 0.000000 -1.000000 0.000000 0.000000 3004.dat
1 71 -10.000000 -96.000000 220.000000 0.000000 0.000000 1.000000 0.000000 1.000000 0.000000 -1.000000 0.000000 0.000000 3004.dat
1 71 20.000000 -96.000000 20.000000 1.000000 0.000000 0.000000 0.000000 1.000000 0.000000 0.000000 0.000000 1.000000 87620.dat
1 71 20.000000 -96.000000 140.000000 0.000000 0.000000 -1.000000 0.000000 1.000000 0.000000 1.000000 0.000000 0.000000 87620.dat
1 378 30.000000 -96.000000 50.000000 -1.000000 0.000000 0.000000 0.000000 1.000000 0.000000 0.000000 0.000000 -1.000000 3005.dat
1 71 30.000000 -96.000000 100.000000 0.000000 0.000000 -1.000000 0.000000 1.000000 0.000000 1.000000 0.000000 0.000000 98283.dat
1 71 20.000000 -96.000000 70.000000 -1.000000 0.000000 0.000000 0.000000 1.000000 0.000000 0.000000 0.000000 -1.000000 87552.dat
1 71 -30.000000 -120.000000 230.000000 -1.000000 0.000000 0.000000 0.000000 1.000000 0.000000 0.000000 0.000000 -1.000000 4490.dat
1 71 -30.000000 -120.000000 -70.000000 -1.000000 0.000000 0.000000 0.000000 1.000000 0.000000 0.000000 0.000000 -1.000000 4490.dat
1 71 -10.000000 -120.000000 -20.000000 0.000000 0.000000 1.000000 0.000000 1.000000 0.000000 -1.000000 0.000000 0.000000 3010.dat
1 71 -10.000000 -120.000000 180.000000 0.000000 0.000000 1.000000 0.000000 1.000000 0.000000 -1.000000 0.000000 0.000000 3010.dat
1 378 10.000000 -120.000000 70.000000 -1.000000 0.000000 0.000000 0.000000 1.000000 0.000000 0.000000 0.000000 -1.000000 3005.dat
1 71 16.000000 -110.000000 10.000000 0.000000 -1.000000 0.000000 1.000000 0.000000 0.000000 0.000000 0.000000 1.000000 54200.dat
1 71 10.000000 -120.000000 10.000000 0.000000 0.000000 -1.000000 0.000000 1.000000 0.000000 1.000000 0.000000 0.000000 4070.dat
1 71 10.000000 -120.000000 150.000000 0.000000 0.000000 -1.000000 0.000000 1.000000 0.000000 1.000000 0.000000 0.000000 4070.dat
1 71 16.000000 -110.000000 150.000000 0.000000 -1.000000 0.000000 -1.000000 0.000000 0.000000 0.000000 0.000000 -1.000000 54200.dat
1 71 30.000000 -120.000000 80.000000 0.000000 0.000000 -1.000000 0.000000 1.000000 0.000000 1.000000 0.000000 0.000000 3009.dat
1 70 -40.000000 -8.000000 80.000000 1.000000 0.000000 0.000000 0.000000 1.000000 0.000000 0.000000 0.000000 1.000000 3020.dat
1 70 -70.000000 0.000000 80.000000 0.000000 0.000000 -1.000000 0.000000 1.000000 0.000000 1.000000 0.000000 0.000000 3710.dat
1 70 -40.000000 -128.000000 230.000000 -1.000000 0.000000 0.000000 0.000000 1.000000 0.000000 0.000000 0.000000 -1.000000 3023.dat
1 71 -10.000000 -144.000000 220.000000 0.000000 0.000000 -1.000000 0.000000 1.000000 0.000000 1.000000 0.000000 0.000000 98283.dat
1 72 -30.000000 -136.000000 230.000000 0.000000 0.000000 -1.000000 0.000000 1.000000 0.000000 1.000000 0.000000 0.000000 4073.dat
1 70 -60.000000 -144.000000 160.000000 1.000000 0.000000 0.000000 0.000000 1.000000 0.000000 0.000000 0.000000 1.000000 30134.dat
1 70 -60.000000 -144.000000 230.000000 1.000000 0.000000 0.000000 0.000000 1.000000 0.000000 0.000000 0.000000 1.000000 3710.dat
1 71 20.000000 -144.000000 140.000000 0.000000 0.000000 -1.000000 0.000000 1.000000 0.000000 1.000000 0.000000 0.000000 87620.dat
1 71 20.000000 -144.000000 20.000000 1.000000 0.000000 0.000000 0.000000 1.000000 0.000000 0.000000 0.000000 1.000000 87620.dat
1 71 20.000000 -144.000000 80.000000 0.000000 0.000000 -1.000000 0.000000 1.000000 0.000000 1.000000 0.000000 0.000000 3001.dat
1 71 -20.000000 -144.000000 160.000000 0.000000 0.000000 -1.000000 0.000000 1.000000 0.000000 1.000000 0.000000 0.000000 3001.dat
1 71 -20.000000 -144.000000 -40.000000 0.000000 0.000000 -1.000000 0.000000 1.000000 0.000000 1.000000 0.000000 0.000000 3001.dat
1 378 -10.000000 -144.000000 10.000000 -1.000000 0.000000 0.000000 0.000000 1.000000 0.000000 0.000000 0.000000 -1.000000 3005.dat
1 378 -50.000000 -144.000000 -70.000000 -1.000000 0.000000 0.000000 0.000000 1.000000 0.000000 0.000000 0.000000 -1.000000 3005.dat
1 71 0.000000 -152.000000 80.000000 0.000000 0.000000 -1.000000 0.000000 1.000000 0.000000 1.000000 0.000000 0.000000 4282.dat
1 71 -40.000000 -152.000000 80.000000 0.000000 0.000000 -1.000000 0.000000 1.000000 0.000000 1.000000 0.000000 0.000000 4282.dat
1 71 30.000000 -152.000000 80.000000 0.000000 0.000000 -1.000000 0.000000 1.000000 0.000000 1.000000 0.000000 0.000000 3666.dat
1 71 10.000000 -176.000000 200.000000 0.000000 0.000000 1.000000 0.000000 1.000000 0.000000 -1.000000 0.000000 0.000000 3010.dat
1 71 10.000000 -176.000000 -60.000000 0.000000 0.000000 1.000000 0.000000 1.000000 0.000000 -1.000000 0.000000 0.000000 3004.dat
1 71 10.000000 -176.000000 -20.000000 0.000000 0.000000 -1.000000 0.000000 1.000000 0.000000 1.000000 0.000000 0.000000 98283.dat
1 71 30.000000 -176.000000 60.000000 0.000000 0.000000 -1.000000 0.000000 1.000000 0.000000 1.000000 0.000000 0.000000 98283.dat
1 71 30.000000 -176.000000 100.000000 0.000000 0.000000 1.000000 0.000000 1.000000 0.000000 -1.000000 0.000000 0.000000 3004.dat
1 71 20.000000 -176.000000 140.000000 0.000000 0.000000 -1.000000 0.000000 1.000000 0.000000 1.000000 0.000000 0.000000 87620.dat
1 71 20.000000 -176.000000 20.000000 1.000000 0.000000 0.000000 0.000000 1.000000 0.000000 0.000000 0.000000 1.000000 87620.dat
1 72 -10.000000 -176.000000 -70.000000 0.000000 0.000000 1.000000 0.000000 1.000000 0.000000 -1.000000 0.000000 0.000000 3040b.dat
1 72 -10.000000 -176.000000 230.000000 0.000000 0.000000 1.000000 0.000000 1.000000 0.000000 -1.000000 0.000000 0.000000 3040b.dat
1 72 10.000000 -160.000000 100.000000 0.000000 0.000000 1.000000 0.000000 1.000000 0.000000 -1.000000 0.000000 0.000000 3794b.dat
1 72 10.000000 -160.000000 60.000000 0.000000 0.000000 1.000000 0.000000 1.000000 0.000000 -1.000000 0.000000 0.000000 3794b.dat
1 72 -10.000000 -160.000000 100.000000 0.000000 0.000000 1.000000 0.000000 1.000000 0.000000 -1.000000 0.000000 0.000000 3794b.dat
1 72 -10.000000 -160.000000 60.000000 0.000000 0.000000 1.000000 0.000000 1.000000 0.000000 -1.000000 0.000000 0.000000 3794b.dat
1 72 10.000000 -184.000000 200.000000 0.000000 0.000000 1.000000 0.000000 1.000000 0.000000 -1.000000 0.000000 0.000000 3794b.dat
1 71 10.000000 -200.000000 160.000000 0.000000 0.000000 1.000000 0.000000 1.000000 0.000000 -1.000000 0.000000 0.000000 3004.dat
1 71 30.000000 -200.000000 120.000000 0.000000 0.000000 1.000000 0.000000 1.000000 0.000000 -1.000000 0.000000 0.000000 3004.dat
1 71 30.000000 -200.000000 40.000000 0.000000 0.000000 1.000000 0.000000 1.000000 0.000000 -1.000000 0.000000 0.000000 3004.dat
1 71 10.000000 -200.000000 0.000000 0.000000 0.000000 1.000000 0.000000 1.000000 0.000000 -1.000000 0.000000 0.000000 3004.dat
1 71 0.000000 -200.000000 -70.000000 1.000000 0.000000 0.000000 0.000000 1.000000 0.000000 0.000000 0.000000 1.000000 3004.dat
1 71 0.000000 -200.000000 230.000000 1.000000 0.000000 0.000000 0.000000 1.000000 0.000000 0.000000 0.000000 1.000000 3004.dat
1 72 10.000000 -184.000000 -40.000000 0.000000 0.000000 1.000000 0.000000 1.000000 0.000000 -1.000000 0.000000 0.000000 3794b.dat
1 71 30.000000 -176.000000 80.000000 0.000000 0.000000 1.000000 0.000000 1.000000 0.000000 -1.000000 0.000000 0.000000 85984.dat
1 71 0.000000 -200.000000 230.000000 -1.000000 0.000000 0.000000 0.000000 1.000000 0.000000 0.000000 0.000000 -1.000000 85984.dat
1 71 10.000000 -200.000000 160.000000 0.000000 0.000000 -1.000000 0.000000 1.000000 0.000000 1.000000 0.000000 0.000000 85984.dat
1 71 30.000000 -200.000000 120.000000 0.000000 0.000000 -1.000000 0.000000 1.000000 0.000000 1.000000 0.000000 0.000000 85984.dat
1 71 30.000000 -200.000000 40.000000 0.000000 0.000000 -1.000000 0.000000 1.000000 0.000000 1.000000 0.000000 0.000000 85984.dat
1 71 10.000000 -200.000000 0.000000 0.000000 0.000000 -1.000000 0.000000 1.000000 0.000000 1.000000 0.000000 0.000000 85984.dat
1 71 0.000000 -200.000000 -70.000000 1.000000 0.000000 0.000000 0.000000 1.000000 0.000000 0.000000 0.000000 1.000000 85984.dat
1 70 0.000000 -184.000000 80.000000 0.000000 0.000000 1.000000 0.000000 1.000000 0.000000 -1.000000 0.000000 0.000000 3002.dat
1 0 0.000000 -192.000000 60.000000 -1.000000 0.000000 0.000000 0.000000 1.000000 0.000000 0.000000 0.000000 -1.000000 32530.dat
1 0 0.000000 -192.000000 100.000000 -1.000000 0.000000 0.000000 0.000000 1.000000 0.000000 0.000000 0.000000 -1.000000 32530.dat
1 19 0.000000 -214.000000 80.000000 0.000000 0.000000 -1.000000 0.000000 1.000000 0.000000 1.000000 0.000000 0.000000 32556.dat
1 308 4.160300 -226.794200 80.000000 0.000000 0.500000 -0.866000 0.000000 0.866000 0.500000 1.000000 0.000000 0.000000 88289.dat
1 72 -31.749300 -197.820000 90.000000 0.156400 0.000000 -0.987700 0.987700 0.000000 0.156400 0.000000 -1.000000 0.000000 3062b.dat
1 72 -30.000000 -176.000000 30.000000 0.000000 0.000000 -1.000000 0.000000 1.000000 0.000000 1.000000 0.000000 0.000000 3062b.dat
1 72 -30.000000 -176.000000 10.000000 0.000000 0.000000 -1.000000 0.000000 1.000000 0.000000 1.000000 0.000000 0.000000 3062b.dat
1 70 10.000000 -208.000000 -40.000000 0.000000 0.000000 -1.000000 0.000000 1.000000 0.000000 1.000000 0.000000 0.000000 59900.dat
1 70 10.000000 -212.000000 -40.000000 0.000000 0.000000 -1.000000 0.000000 1.000000 0.000000 1.000000 0.000000 0.000000 63965.dat
1 297 10.000000 -309.000000 -40.000000 -0.965900 0.000000 -0.258800 0.000000 1.000000 0.000000 0.258800 0.000000 -0.965900 4495b.dat
1 288 10.000000 -285.000000 -40.000000 -0.965900 0.000000 -0.258800 0.000000 1.000000 0.000000 0.258800 0.000000 -0.965900 4495b.dat
1 308 10.000000 -224.000000 200.000000 0.000000 0.000000 1.000000 0.000000 1.000000 0.000000 -1.000000 0.000000 0.000000 64644.dat
1 57 10.000000 -224.000000 200.000000 -0.965900 0.000000 -0.258800 0.000000 1.000000 0.000000 0.258800 0.000000 -0.965900 64647.dat
1 0 -50.000000 -14.000000 -80.000000 0.000000 0.000000 -1.000000 0.000000 1.000000 0.000000 1.000000 0.000000 0.000000 2780.dat
1 0 -30.000000 -14.000000 -80.000000 0.000000 0.000000 -1.000000 0.000000 1.000000 0.000000 1.000000 0.000000 0.000000 2780.dat
1 72 238.028500 -133.364500 195.429100 -0.837331 -0.346841 0.422600 -0.382700 0.923900 0.000000 -0.390440 -0.161729 -0.906300 72454.dat
1 70 265.923200 -129.274700 208.436100 -0.422600 -0.346841 -0.837331 0.000000 0.923900 -0.382700 0.906300 -0.161729 -0.390440 3747b.dat
1 70 224.056600 -148.409700 188.914100 -0.422600 -0.346841 -0.837331 0.000000 0.923900 -0.382700 0.906300 -0.161729 -0.390440 6143.dat
1 72 236.734600 -148.409700 161.725100 0.837331 -0.346841 -0.422600 0.382700 0.923900 0.000000 0.390440 -0.161729 0.906300 99780.dat
1 72 270.227800 -133.101700 177.342700 0.837331 -0.346841 -0.422600 0.382700 0.923900 0.000000 0.390440 -0.161729 0.906300 99780.dat
1 72 244.871900 -133.101700 231.720700 -0.837331 -0.346841 0.422600 -0.382700 0.923900 0.000000 -0.390440 -0.161729 -0.906300 99780.dat
1 72 211.378600 -148.409700 216.103100 -0.837331 -0.346841 0.422600 -0.382700 0.923900 0.000000 -0.390440 -0.161729 -0.906300 99780.dat
1 72 226.831400 -155.800900 190.207900 -0.422600 -0.346841 -0.837331 0.000000 0.923900 -0.382700 0.906300 -0.161729 -0.390440 3709b.dat
1 72 260.324600 -140.492900 205.825500 -0.422600 -0.346841 -0.837331 0.000000 0.923900 -0.382700 0.906300 -0.161729 -0.390440 3709b.dat
1 70 263.472100 -142.603500 149.918700 0.837331 -0.422600 0.346841 0.382700 0.000000 -0.923900 0.390440 0.906300 0.161729 3023.dat
1 70 219.521700 -142.603500 244.174000 -0.837331 0.422600 0.346841 -0.382700 0.000000 -0.923900 -0.390440 -0.906300 0.161729 3023.dat
1 0 194.401800 -154.084500 232.460800 0.837331 0.422600 -0.346841 0.382700 0.000000 0.923900 0.390440 -0.906300 -0.161729 61252.dat
1 0 238.352200 -154.084500 138.205600 -0.837331 -0.422600 -0.346841 -0.382700 0.000000 0.923900 -0.390440 0.906300 -0.161729 61252.dat
1 0 258.479600 -146.430500 138.763900 -0.837331 -0.422600 -0.346841 -0.382700 0.000000 0.923900 -0.390440 0.906300 -0.161729 44300.dat
1 72 261.617300 -151.852300 101.063000 -0.624891 0.699409 -0.346841 -0.099043 0.369650 0.923900 0.774349 0.611677 -0.161729 44302.dat
1 72 262.924900 -155.785900 75.788460 0.346841 0.699409 -0.624891 -0.923900 0.369650 -0.099043 0.161729 0.611677 0.774349 61678.dat
1 70 249.772700 -155.800100 103.913000 0.346841 0.699409 -0.624891 -0.923900 0.369650 -0.099043 0.161729 0.611677 0.774349 4073.dat
1 0 207.767600 -146.430500 247.520000 -0.837331 0.422600 0.346841 -0.382700 0.000000 -0.923900 -0.390440 -0.906300 0.161729 44300.dat
1 72 180.904600 -151.852300 274.158000 0.191488 0.918147 0.346841 -0.099043 0.369650 -0.923900 -0.976441 0.142576 0.161729 44302.dat
1 70 175.474000 -155.800100 263.252700 -0.346841 0.918147 0.191488 0.923900 0.369650 -0.099043 -0.161729 0.142576 -0.976441 4073.dat
1 72 162.384100 -155.785900 291.406300 -0.346841 0.918147 0.191488 0.923900 0.369650 -0.099043 -0.161729 0.142576 -0.976441 61678.dat
1 72 327.311000 -109.876900 237.060800 -0.837331 -0.346841 0.422600 -0.382700 0.923900 0.000000 -0.390440 -0.161729 -0.906300 3795.dat
1 0 369.177600 -90.741910 256.582700 -0.422600 -0.346841 -0.837331 0.000000 0.923900 -0.382700 0.906300 -0.161729 -0.390440 85984.dat
1 0 292.366500 -132.576100 231.800000 0.837331 -0.346841 -0.422600 0.382700 0.923900 0.000000 0.390440 -0.161729 0.906300 4162.dat
1 0 300.818500 -132.576100 213.674000 0.837331 -0.346841 -0.422600 0.382700 0.923900 0.000000 0.390440 -0.161729 0.906300 4162.dat
1 72 226.782200 -181.801500 190.185000 0.422600 -0.346841 0.837331 0.000000 0.923900 0.382700 -0.906300 -0.161729 0.390440 32000.dat
1 0 256.206800 -174.147500 170.804800 0.837331 -0.346841 -0.422600 0.382700 0.923900 0.000000 0.390440 -0.161729 0.906300 3622.dat
1 0 230.850900 -174.147500 225.182800 0.837331 -0.346841 -0.422600 0.382700 0.923900 0.000000 0.390440 -0.161729 0.906300 3622.dat
1 0 289.700100 -158.839500 186.422400 -0.422600 -0.346841 -0.837331 0.000000 0.923900 -0.382700 0.906300 -0.161729 -0.390440 4286.dat
1 0 264.344100 -158.839500 240.800400 -0.422600 -0.346841 -0.837331 0.000000 0.923900 -0.382700 0.906300 -0.161729 -0.390440 4286.dat
1 72 237.930300 -185.365700 195.383300 -0.422600 -0.346841 -0.837331 0.000000 0.923900 -0.382700 0.906300 -0.161729 -0.390440 3709b.dat
1 72 271.423500 -170.057700 211.000900 -0.422600 -0.346841 -0.837331 0.000000 0.923900 -0.382700 0.906300 -0.161729 -0.390440 3709b.dat
1 179 258.678400 -166.056600 149.890200 0.422600 -0.346841 0.837331 0.000000 0.923900 0.382700 -0.906300 -0.161729 0.390440 98347.dat
1 179 221.442400 -163.760400 242.862900 0.422600 -0.346841 0.837331 0.000000 0.923900 0.382700 -0.906300 -0.161729 0.390440 98347.dat
1 0 198.433000 -20.000000 176.966000 0.422600 0.000000 0.906300 0.000000 1.000000 0.000000 -0.906300 0.000000 0.422600 32001.dat
1 70 198.433000 -44.000000 176.966000 0.422600 0.000000 0.906300 0.000000 1.000000 0.000000 -0.906300 0.000000 0.422600 6143.dat
1 0 292.067000 -44.000000 165.459000 0.906300 0.000000 -0.422600 0.000000 1.000000 0.000000 0.422600 0.000000 0.906300 2730.dat
1 0 249.807000 -44.000000 256.089000 0.906300 0.000000 -0.422600 0.000000 1.000000 0.000000 0.422600 0.000000 0.906300 2730.dat
1 19 223.789000 -34.000000 122.588000 0.422600 0.000000 0.906300 0.000000 1.000000 0.000000 -0.906300 0.000000 0.422600 3749.dat
1 19 368.797000 -34.000000 190.204000 0.422600 0.000000 0.906300 0.000000 1.000000 0.000000 -0.906300 0.000000 0.422600 3749.dat
1 19 318.085000 -34.000000 298.960000 -0.422600 0.000000 -0.906300 0.000000 1.000000 0.000000 0.906300 0.000000 -0.422600 3749.dat
1 19 173.077000 -34.000000 231.344000 -0.422600 0.000000 -0.906300 0.000000 1.000000 0.000000 0.906300 0.000000 -0.422600 3749.dat
1 0 198.433000 -52.000000 176.966000 0.422600 0.000000 0.906300 0.000000 1.000000 0.000000 -0.906300 0.000000 0.422600 32001.dat
1 72 343.441000 -52.000000 244.582000 0.422600 0.000000 0.906300 0.000000 1.000000 0.000000 -0.906300 0.000000 0.422600 3795.dat
1 72 206.274000 -60.000000 136.488000 0.422600 0.000000 0.906300 0.000000 1.000000 0.000000 -0.906300 0.000000 0.422600 44728.dat
1 72 172.466000 -60.000000 208.992000 0.422600 0.000000 0.906300 0.000000 1.000000 0.000000 -0.906300 0.000000 0.422600 44728.dat
1 70 373.634000 -60.000000 203.493000 0.422600 0.000000 0.906300 0.000000 1.000000 0.000000 -0.906300 0.000000 0.422600 4073.dat
1 70 331.374000 -60.000000 294.123000 0.422600 0.000000 0.906300 0.000000 1.000000 0.000000 -0.906300 0.000000 0.422600 4073.dat
1 72 346.445000 -68.000000 190.815000 0.422600 0.000000 0.906300 0.000000 1.000000 0.000000 -0.906300 0.000000 0.422600 61678.dat
1 72 304.185000 -68.000000 281.445000 0.422600 0.000000 0.906300 0.000000 1.000000 0.000000 -0.906300 0.000000 0.422600 61678.dat
1 72 237.689000 -68.000000 140.103000 -0.422600 0.000000 -0.906300 0.000000 1.000000 0.000000 0.906300 0.000000 -0.422600 61678.dat
1 72 195.429000 -68.000000 230.733000 -0.422600 0.000000 -0.906300 0.000000 1.000000 0.000000 0.906300 0.000000 -0.422600 61678.dat
1 0 227.592400 -34.000000 114.431300 0.000000 -0.422600 -0.906300 -1.000000 0.000000 0.000000 0.000000 0.906300 -0.422600 60474.dat
1 70 230.973200 -34.000000 107.180900 0.000000 -0.422600 -0.906300 -1.000000 0.000000 0.000000 0.000000 0.906300 -0.422600 4032b.dat
1 70 375.981200 -34.000000 174.796900 0.000000 -0.422600 -0.906300 -1.000000 0.000000 0.000000 0.000000 0.906300 -0.422600 4032b.dat
1 0 372.600400 -34.000000 182.047300 0.000000 -0.422600 -0.906300 -1.000000 0.000000 0.000000 0.000000 0.906300 -0.422600 60474.dat
1 70 310.900800 -34.000000 314.367100 0.000000 0.422600 0.906300 -1.000000 0.000000 0.000000 0.000000 -0.906300 0.422600 4032b.dat
1 0 314.281600 -34.000000 307.116700 0.000000 0.422600 0.906300 -1.000000 0.000000 0.000000 0.000000 -0.906300 0.422600 60474.dat
1 70 165.892800 -34.000000 246.751100 0.000000 0.422600 0.906300 -1.000000 0.000000 0.000000 0.000000 -0.906300 0.422600 4032b.dat
1 0 169.273600 -34.000000 239.500700 0.000000 0.422600 0.906300 -1.000000 0.000000 0.000000 0.000000 -0.906300 0.422600 60474.dat
1 1 263.707000 -34.000000 273.604000 -0.422600 0.000000 0.906300 0.000000 -1.000000 0.000000 0.906300 0.000000 0.422600 4274.dat
1 1 227.455000 -34.000000 256.700000 -0.422600 0.000000 0.906300 0.000000 -1.000000 0.000000 0.906300 0.000000 0.422600 4274.dat
1 1 315.264200 -34.000000 163.035400 0.422600 0.000000 -0.906300 0.000000 -1.000000 0.000000 -0.906300 0.000000 -0.422600 4274.dat
1 1 278.167000 -34.000000 147.944000 0.422600 0.000000 -0.906300 0.000000 -1.000000 0.000000 -0.906300 0.000000 -0.422600 4274.dat
1 70 299.673800 -34.000000 149.145600 -0.906300 -0.422600 0.000000 0.000000 0.000000 1.000000 -0.422600 0.906300 0.000000 2431p01.dat
1 70 242.200200 -34.000000 272.402400 0.906300 0.422600 0.000000 0.000000 0.000000 1.000000 0.422600 -0.906300 0.000000 2431p01.dat
1 71 198.433000 -44.000000 176.966000 0.000000 0.422600 0.906300 -1.000000 0.000000 0.000000 0.000000 -0.906300 0.422600 4519.dat
1 70 198.433000 -82.000000 176.966000 -0.422600 -0.906300 0.000000 0.000000 0.000000 -1.000000 0.906300 -0.422600 0.000000 32016.dat
1 71 212.306000 -118.955200 183.434900 0.346841 0.422600 0.837331 -0.923900 0.000000 0.382700 0.161729 -0.906300 0.390440 4519.dat
1 70 343.441000 -60.000000 244.582000 -0.422600 0.000000 -0.906300 0.000000 1.000000 0.000000 0.906300 0.000000 -0.422600 4032b.dat
1 0 334.378000 -84.000000 240.356000 -0.422600 0.000000 -0.906300 0.000000 1.000000 0.000000 0.906300 0.000000 -0.422600 3039.dat
1 320 334.378000 -92.000000 240.356000 -0.422600 0.000000 -0.906300 0.000000 1.000000 0.000000 0.906300 0.000000 -0.422600 3069b.dat
1 0 169.431400 -30.000000 163.442800 -0.422600 0.906300 0.000000 0.000000 0.000000 1.000000 0.906300 0.422600 0.000000 3666.dat
1 0 169.431400 -70.000000 163.442800 -0.422600 0.906300 0.000000 0.000000 0.000000 1.000000 0.906300 0.422600 0.000000 2419.dat
1 0 162.181000 -40.000000 160.062000 -0.422600 0.906300 0.000000 0.000000 0.000000 1.000000 0.906300 0.422600 0.000000 87580.dat
1 70 174.859000 -70.000000 132.873000 0.422600 0.906300 0.000000 0.000000 0.000000 -1.000000 -0.906300 0.422600 0.000000 4073.dat
1 70 141.051000 -30.000000 205.377000 0.422600 0.906300 0.000000 0.000000 0.000000 -1.000000 -0.906300 0.422600 0.000000 4073.dat
1 70 155.853800 -58.761800 154.701400 -0.391835 0.906300 0.158306 0.374600 0.000000 0.927200 0.840321 0.422600 -0.339500 2431p01.dat
1 70 65.446600 -62.500000 -119.950000 -0.500000 0.000000 -0.866000 0.000000 1.000000 0.000000 0.866000 0.000000 -0.500000 10354c01.dat
1 70 65.446600 -62.500000 -119.950000 -0.500000 0.433000 -0.749956 0.000000 0.866000 0.500000 0.866000 0.250000 -0.433000 10352c01.dat
1 70 118.698800 -105.392600 -89.203950 -0.500000 0.000000 -0.866000 0.000000 1.000000 0.000000 0.866000 0.000000 -0.500000 10350p01c01.dat
1 72 98.502170 -78.186900 -100.864800 -0.500000 0.433000 -0.749956 0.000000 0.866000 0.500000 0.866000 0.250000 -0.433000 4491b.dat
1 179 99.453570 -72.284900 -134.956000 -0.500000 -0.433000 0.749956 0.000000 -0.866000 -0.500000 0.866000 -0.250000 0.433000 98370.dat
1 71 201.503900 -180.599200 189.431500 0.511664 -0.837331 0.192551 -0.800097 -0.382700 0.461950 -0.313093 -0.390440 -0.865720 30192.dat
1 71 210.714500 -176.389500 193.726300 -0.837331 0.192551 0.511664 -0.382700 0.461950 -0.800097 -0.390440 -0.865720 -0.313093 61184.dat
1 70 190.618600 -185.574300 184.355800 0.192551 0.837331 0.511664 0.461950 0.382700 -0.800097 -0.865720 0.390440 -0.313093 59900.dat
1 71 183.082600 -189.018600 180.841800 0.511664 -0.192551 -0.837331 -0.800097 -0.461950 -0.382700 -0.313093 0.865720 -0.390440 32123b.dat
1 71 209.955900 -180.599200 171.305500 0.422600 -0.837331 -0.346841 0.000000 -0.382700 0.923900 -0.906300 -0.390440 -0.161729 30192.dat
1 71 219.166500 -176.389500 175.600300 -0.837331 -0.346841 0.422600 -0.382700 0.923900 0.000000 -0.390440 -0.161729 -0.906300 61184.dat
1 70 199.070600 -185.574300 166.229800 -0.346841 0.837331 0.422600 0.923900 0.382700 0.000000 -0.161729 0.390440 -0.906300 59900.dat
1 71 191.534600 -189.018600 162.715800 0.422600 0.346841 -0.837331 0.000000 -0.923900 -0.382700 -0.906300 0.161729 -0.390440 32123b.dat
1 4 366.210100 -111.581800 255.199000 0.422600 -0.837331 -0.346841 0.000000 -0.382700 0.923900 -0.906300 -0.390440 -0.161729 2432.dat
1 72 326.999200 -127.338200 236.915300 -0.422600 -0.346841 -0.837331 0.000000 0.923900 -0.382700 0.906300 -0.161729 -0.390440 99780.dat
1 71 293.506000 -142.646200 221.297700 -0.837331 -0.346841 0.422600 -0.382700 0.923900 0.000000 -0.390440 -0.161729 -0.906300 3021.dat
1 70 304.654000 -146.210400 226.495900 -0.837331 -0.346841 0.422600 -0.382700 0.923900 0.000000 -0.390440 -0.161729 -0.906300 87079.dat
