0 10214-TowerBridge.ldr
0 Name: 10214 - Tower Bridge
0 Author: Greg Teft [gregteft]
0 Theme: Creator
0 CustomBrick

1 15 1260.000000 -168.000000 -90.000000 1.000000 0.000000 0.000000 0.000000 1.000000 0.000000 0.000000 0.000000 1.000000 44728.dat
1 15 1260.000000 -148.000000 -112.000000 1.000000 0.000000 0.000000 0.000000 0.000000 -1.000000 0.000000 1.000000 0.000000 4032a.dat
1 4 1260.000000 -148.000000 -120.000000 1.000000 0.000000 0.000000 0.000000 0.000000 -1.000000 0.000000 1.000000 0.000000 4073.dat
1 15 1260.000000 -168.000000 90.000000 -1.000000 0.000000 0.000000 0.000000 1.000000 0.000000 0.000000 0.000000 -1.000000 44728.dat
1 15 1260.000000 -148.000000 112.000000 -1.000000 0.000000 0.000000 0.000000 0.000000 -1.000000 0.000000 -1.000000 0.000000 4032a.dat
1 4 1260.000000 -148.000000 120.000000 -1.000000 0.000000 0.000000 0.000000 0.000000 -1.000000 0.000000 -1.000000 0.000000 4073.dat
1 73 1240.000000 -128.000000 -90.000000 1.000000 0.000000 0.000000 0.000000 1.000000 0.000000 0.000000 0.000000 1.000000 3710.dat
1 73 1220.000000 -136.000000 -90.000000 1.000000 0.000000 0.000000 0.000000 1.000000 0.000000 0.000000 0.000000 1.000000 3023.dat
1 73 1260.000000 -152.000000 -90.000000 1.000000 0.000000 0.000000 0.000000 1.000000 0.000000 0.000000 0.000000 1.000000 3004.dat
1 15 1220.000000 -144.000000 -90.000000 -1.000000 0.000000 0.000000 0.000000 1.000000 0.000000 0.000000 0.000000 -1.000000 60478.dat
1 15 1230.000000 -152.000000 -90.000000 -1.000000 0.000000 0.000000 0.000000 1.000000 0.000000 0.000000 0.000000 -1.000000 3024.dat
1 15 1240.000000 -160.000000 -90.000000 -1.000000 0.000000 0.000000 0.000000 1.000000 0.000000 0.000000 0.000000 -1.000000 60478.dat
1 15 1270.000000 -160.000000 -90.000000 -1.000000 0.000000 0.000000 0.000000 1.000000 0.000000 0.000000 0.000000 -1.000000 3024.dat
1 15 -1260.000000 -168.000000 90.000000 -1.000000 0.000000 0.000000 0.000000 1.000000 0.000000 0.000000 0.000000 -1.000000 44728.dat
1 15 -1260.000000 -148.000000 112.000000 -1.000000 0.000000 0.000000 0.000000 0.000000 -1.000000 0.000000 -1.000000 0.000000 4032a.dat
1 4 -1260.000000 -148.000000 120.000000 -1.000000 0.000000 0.000000 0.000000 0.000000 -1.000000 0.000000 -1.000000 0.000000 4073.dat
1 15 -1260.000000 -168.000000 -90.000000 1.000000 0.000000 0.000000 0.000000 1.000000 0.000000 0.000000 0.000000 1.000000 44728.dat
1 15 -1260.000000 -148.000000 -112.000000 1.000000 0.000000 0.000000 0.000000 0.000000 -1.000000 0.000000 1.000000 0.000000 4032a.dat
1 4 -1260.000000 -148.000000 -120.000000 1.000000 0.000000 0.000000 0.000000 0.000000 -1.000000 0.000000 1.000000 0.000000 4073.dat
1 73 -1240.000000 -128.000000 90.000000 -1.000000 0.000000 0.000000 0.000000 1.000000 0.000000 0.000000 0.000000 -1.000000 3710.dat
1 73 -1220.000000 -136.000000 90.000000 -1.000000 0.000000 0.000000 0.000000 1.000000 0.000000 0.000000 0.000000 -1.000000 3023.dat
1 73 -1260.000000 -152.000000 90.000000 -1.000000 0.000000 0.000000 0.000000 1.000000 0.000000 0.000000 0.000000 -1.000000 3004.dat
1 15 -1220.000000 -144.000000 90.000000 1.000000 0.000000 0.000000 0.000000 1.000000 0.000000 0.000000 0.000000 1.000000 60478.dat
1 15 -1230.000000 -152.000000 90.000000 1.000000 0.000000 0.000000 0.000000 1.000000 0.000000 0.000000 0.000000 1.000000 3024.dat
1 15 -1240.000000 -160.000000 90.000000 1.000000 0.000000 0.000000 0.000000 1.000000 0.000000 0.000000 0.000000 1.000000 60478.dat
1 15 -1270.000000 -160.000000 90.000000 1.000000 0.000000 0.000000 0.000000 1.000000 0.000000 0.000000 0.000000 1.000000 3024.dat
1 15 -659.594900 -560.790800 90.000000 -0.618394 0.785868 0.000000 0.785868 0.618394 0.000000 0.000000 0.000000 -1.000000 60478.dat
1 15 -634.859200 -592.225600 90.000000 -0.618394 0.785868 0.000000 0.785868 0.618394 0.000000 0.000000 0.000000 -1.000000 3023.dat
1 15 -610.123400 -623.660300 90.000000 0.618394 0.785868 0.000000 -0.785868 0.618394 0.000000 0.000000 0.000000 1.000000 63868.dat
1 73 -641.146100 -597.172700 90.000000 -0.618394 0.785868 0.000000 0.785868 0.618394 0.000000 0.000000 0.000000 -1.000000 3666.dat
1 15 -754.261100 -458.073900 90.000000 -0.693119 0.720822 0.000000 0.720822 0.693119 0.000000 0.000000 0.000000 -1.000000 60478.dat
1 15 -726.536400 -486.906800 90.000000 -0.693119 0.720822 0.000000 0.720822 0.693119 0.000000 0.000000 0.000000 -1.000000 3023.dat
1 15 -698.811600 -515.739600 90.000000 0.693119 0.720822 0.000000 -0.720822 0.693119 0.000000 0.000000 0.000000 1.000000 63868.dat
1 73 -732.302900 -492.451700 90.000000 -0.693119 0.720822 0.000000 0.720822 0.693119 0.000000 0.000000 0.000000 -1.000000 3666.dat
1 15 -857.767400 -364.197000 90.000000 -0.753081 0.657927 0.000000 0.657927 0.753081 0.000000 0.000000 0.000000 -1.000000 60478.dat
1 15 -827.644200 -390.514000 90.000000 -0.753081 0.657927 0.000000 0.657927 0.753081 0.000000 0.000000 0.000000 -1.000000 3023.dat
1 15 -797.520900 -416.831100 90.000000 0.753081 0.657927 0.000000 -0.657927 0.753081 0.000000 0.000000 0.000000 1.000000 63868.dat
1 73 -832.907600 -396.538700 90.000000 -0.753081 0.657927 0.000000 0.657927 0.753081 0.000000 0.000000 0.000000 -1.000000 3666.dat
1 15 -971.749800 -283.712200 90.000000 -0.832720 0.553694 0.000000 0.553694 0.832720 0.000000 0.000000 0.000000 -1.000000 60478.dat
1 15 -938.441000 -305.860000 90.000000 -0.832720 0.553694 0.000000 0.553694 0.832720 0.000000 0.000000 0.000000 -1.000000 3023.dat
1 15 -905.132200 -328.007800 90.000000 0.832720 0.553694 0.000000 -0.553694 0.832720 0.000000 0.000000 0.000000 1.000000 63868.dat
1 73 -942.870500 -312.521800 90.000000 -0.832720 0.553694 0.000000 0.553694 0.832720 0.000000 0.000000 0.000000 -1.000000 3666.dat
1 15 -1093.123000 -214.467600 90.000000 -0.877646 0.479310 0.000000 0.479310 0.877646 0.000000 0.000000 0.000000 -1.000000 60478.dat
1 15 -1058.017000 -233.640000 90.000000 -0.877646 0.479310 0.000000 0.479310 0.877646 0.000000 0.000000 0.000000 -1.000000 3023.dat
1 15 -1022.912000 -252.812400 90.000000 0.877646 0.479310 0.000000 -0.479310 0.877646 0.000000 0.000000 0.000000 1.000000 63868.dat
1 73 -1061.852000 -240.661100 90.000000 -0.877646 0.479310 0.000000 0.479310 0.877646 0.000000 0.000000 0.000000 -1.000000 3666.dat
1 15 -1183.355000 -171.930000 90.000000 -0.915055 0.403330 0.000000 0.403330 0.915055 0.000000 0.000000 0.000000 -1.000000 63868.dat
1 15 -1146.753000 -188.063200 90.000000 0.915055 0.403330 0.000000 -0.403330 0.915055 0.000000 0.000000 0.000000 1.000000 63868.dat
1 73 -1168.281000 -187.317100 90.000000 -0.915055 0.403330 0.000000 0.403330 0.915055 0.000000 0.000000 0.000000 -1.000000 3710.dat
1 73 -616.297100 -548.851000 90.000000 -0.452102 0.891965 0.000000 0.891965 0.452102 0.000000 0.000000 0.000000 -1.000000 3666.dat
1 15 -641.516900 -516.789200 90.000000 -0.452102 0.891965 0.000000 0.891965 0.452102 0.000000 0.000000 0.000000 -1.000000 60478.dat
1 15 -623.432800 -552.467800 90.000000 -0.452102 0.891965 0.000000 0.891965 0.452102 0.000000 0.000000 0.000000 -1.000000 3023.dat
1 15 -605.348800 -588.146400 90.000000 0.452102 0.891965 0.000000 -0.891965 0.452102 0.000000 0.000000 0.000000 1.000000 63868.dat
1 73 -1139.825000 -146.303000 90.000000 -0.979065 0.203547 0.000000 0.203547 0.979065 0.000000 0.000000 0.000000 -1.000000 3710.dat
1 15 -1161.035000 -150.064500 90.000000 -0.979065 0.203547 0.000000 0.203547 0.979065 0.000000 0.000000 0.000000 -1.000000 63868.dat
1 15 -1121.873000 -158.206400 90.000000 0.979065 0.203547 0.000000 -0.203547 0.979065 0.000000 0.000000 0.000000 1.000000 63868.dat
1 73 -1024.476000 -181.431200 90.000000 -0.935728 0.352722 0.000000 0.352722 0.935728 0.000000 0.000000 0.000000 -1.000000 3666.dat
1 15 -1064.727000 -174.808100 90.000000 -0.935728 0.352722 0.000000 0.352722 0.935728 0.000000 0.000000 0.000000 -1.000000 60478.dat
1 15 -1027.297000 -188.917000 90.000000 -0.935728 0.352722 0.000000 0.352722 0.935728 0.000000 0.000000 0.000000 -1.000000 3023.dat
1 15 -989.868300 -203.025800 90.000000 0.935728 0.352722 0.000000 -0.352722 0.935728 0.000000 0.000000 0.000000 1.000000 63868.dat
1 73 -897.359100 -241.303400 90.000000 -0.867875 0.496781 0.000000 0.496781 0.867875 0.000000 0.000000 0.000000 -1.000000 3666.dat
1 15 -936.048400 -228.375200 90.000000 -0.867875 0.496781 0.000000 0.496781 0.867875 0.000000 0.000000 0.000000 -1.000000 60478.dat
1 15 -901.333300 -248.246400 90.000000 -0.867875 0.496781 0.000000 0.496781 0.867875 0.000000 0.000000 0.000000 -1.000000 3023.dat
1 15 -866.618400 -268.117600 90.000000 0.867875 0.496781 0.000000 -0.496781 0.867875 0.000000 0.000000 0.000000 1.000000 63868.dat
1 73 -784.730500 -325.177300 90.000000 -0.724624 0.689143 0.000000 0.689143 0.724624 0.000000 0.000000 0.000000 -1.000000 3666.dat
1 15 -819.228500 -303.408500 90.000000 -0.724624 0.689143 0.000000 0.689143 0.724624 0.000000 0.000000 0.000000 -1.000000 60478.dat
1 15 -790.243600 -330.974300 90.000000 -0.724624 0.689143 0.000000 0.689143 0.724624 0.000000 0.000000 0.000000 -1.000000 3023.dat
1 15 -761.258700 -358.540000 90.000000 0.724624 0.689143 0.000000 -0.689143 0.724624 0.000000 0.000000 0.000000 1.000000 63868.dat
1 73 -690.946200 -429.808600 90.000000 -0.606046 0.795427 0.000000 0.795427 0.606046 0.000000 0.000000 0.000000 -1.000000 3666.dat
1 15 -721.551400 -402.839900 90.000000 -0.606046 0.795427 0.000000 0.795427 0.606046 0.000000 0.000000 0.000000 -1.000000 60478.dat
1 15 -697.309600 -434.657000 90.000000 -0.606046 0.795427 0.000000 0.795427 0.606046 0.000000 0.000000 0.000000 -1.000000 3023.dat
1 15 -673.067700 -466.474100 90.000000 0.606046 0.795427 0.000000 -0.795427 0.606046 0.000000 0.000000 0.000000 1.000000 63868.dat
1 73 -1240.000000 -128.000000 -90.000000 -1.000000 0.000000 0.000000 0.000000 1.000000 0.000000 0.000000 0.000000 -1.000000 3710.dat
1 73 -1220.000000 -136.000000 -90.000000 -1.000000 0.000000 0.000000 0.000000 1.000000 0.000000 0.000000 0.000000 -1.000000 3023.dat
1 73 -1260.000000 -152.000000 -90.000000 -1.000000 0.000000 0.000000 0.000000 1.000000 0.000000 0.000000 0.000000 -1.000000 3004.dat
1 15 -1220.000000 -144.000000 -90.000000 1.000000 0.000000 0.000000 0.000000 1.000000 0.000000 0.000000 0.000000 1.000000 60478.dat
1 15 -1230.000000 -152.000000 -90.000000 1.000000 0.000000 0.000000 0.000000 1.000000 0.000000 0.000000 0.000000 1.000000 3024.dat
1 15 -1240.000000 -160.000000 -90.000000 1.000000 0.000000 0.000000 0.000000 1.000000 0.000000 0.000000 0.000000 1.000000 60478.dat
1 15 -1270.000000 -160.000000 -90.000000 1.000000 0.000000 0.000000 0.000000 1.000000 0.000000 0.000000 0.000000 1.000000 3024.dat
1 0 -480.000000 -800.000000 0.000000 0.000000 0.000000 -1.000000 0.000000 1.000000 0.000000 1.000000 0.000000 0.000000 3036.dat
1 71 -480.000000 -824.000000 0.000000 -1.000000 0.000000 0.000000 0.000000 1.000000 0.000000 0.000000 0.000000 -1.000000 3003.dat
1 71 -480.000000 -848.000000 0.000000 -1.000000 0.000000 0.000000 0.000000 1.000000 0.000000 0.000000 0.000000 -1.000000 3003.dat
1 71 -480.000000 -872.000000 0.000000 -1.000000 0.000000 0.000000 0.000000 1.000000 0.000000 0.000000 0.000000 -1.000000 3003.dat
1 15 -560.000000 -800.000000 0.000000 0.000000 0.000000 -1.000000 0.000000 1.000000 0.000000 1.000000 0.000000 0.000000 3832.dat
1 15 -400.000000 -800.000000 0.000000 0.000000 0.000000 -1.000000 0.000000 1.000000 0.000000 1.000000 0.000000 0.000000 3832.dat
1 71 -480.000000 -800.000000 110.000000 -1.000000 0.000000 0.000000 0.000000 1.000000 0.000000 0.000000 0.000000 -1.000000 2419.dat
1 71 -480.000000 -800.000000 -110.000000 1.000000 0.000000 0.000000 0.000000 1.000000 0.000000 0.000000 0.000000 1.000000 2419.dat
1 15 -480.000000 -872.000000 80.000000 1.000000 0.000000 0.000000 0.000000 1.000000 0.000000 0.000000 0.000000 1.000000 60598.dat
1 15 -540.000000 -872.000000 0.000000 0.000000 0.000000 -1.000000 0.000000 1.000000 0.000000 1.000000 0.000000 0.000000 60598.dat
1 15 -480.000000 -872.000000 -80.000000 -1.000000 0.000000 0.000000 0.000000 1.000000 0.000000 0.000000 0.000000 -1.000000 60598.dat
1 15 -420.000000 -872.000000 0.000000 0.000000 0.000000 1.000000 0.000000 1.000000 0.000000 -1.000000 0.000000 0.000000 60598.dat
1 71 -530.000000 -872.000000 50.000000 0.000000 0.000000 1.000000 0.000000 1.000000 0.000000 -1.000000 0.000000 0.000000 4460.dat
1 71 -530.000000 -872.000000 -50.000000 0.000000 0.000000 1.000000 0.000000 1.000000 0.000000 -1.000000 0.000000 0.000000 4460.dat
1 71 -430.000000 -872.000000 -50.000000 0.000000 0.000000 -1.000000 0.000000 1.000000 0.000000 1.000000 0.000000 0.000000 4460.dat
1 71 -430.000000 -872.000000 50.000000 0.000000 0.000000 -1.000000 0.000000 1.000000 0.000000 1.000000 0.000000 0.000000 4460.dat
1 71 -530.000000 -872.000000 70.000000 -1.000000 0.000000 0.000000 0.000000 1.000000 0.000000 0.000000 0.000000 -1.000000 3685.dat
1 71 -530.000000 -872.000000 -70.000000 0.000000 0.000000 1.000000 0.000000 1.000000 0.000000 -1.000000 0.000000 0.000000 3685.dat
1 71 -430.000000 -872.000000 -70.000000 1.000000 0.000000 0.000000 0.000000 1.000000 0.000000 0.000000 0.000000 1.000000 3685.dat
1 71 -430.000000 -872.000000 70.000000 0.000000 0.000000 -1.000000 0.000000 1.000000 0.000000 1.000000 0.000000 0.000000 3685.dat
1 71 -480.000000 -896.000000 0.000000 -1.000000 0.000000 0.000000 0.000000 1.000000 0.000000 0.000000 0.000000 -1.000000 3003.dat
1 15 -570.000000 -808.000000 90.000000 -1.000000 0.000000 0.000000 0.000000 1.000000 0.000000 0.000000 0.000000 -1.000000 3070b.dat
1 15 -570.000000 -808.000000 50.000000 -1.000000 0.000000 0.000000 0.000000 1.000000 0.000000 0.000000 0.000000 -1.000000 3070b.dat
1 15 -570.000000 -808.000000 -50.000000 -1.000000 0.000000 0.000000 0.000000 1.000000 0.000000 0.000000 0.000000 -1.000000 3070b.dat
1 15 -570.000000 -808.000000 -90.000000 -1.000000 0.000000 0.000000 0.000000 1.000000 0.000000 0.000000 0.000000 -1.000000 3070b.dat
1 71 -480.000000 -920.000000 0.000000 -1.000000 0.000000 0.000000 0.000000 1.000000 0.000000 0.000000 0.000000 -1.000000 3003.dat
1 15 -390.000000 -808.000000 90.000000 -1.000000 0.000000 0.000000 0.000000 1.000000 0.000000 0.000000 0.000000 -1.000000 3070b.dat
1 15 -390.000000 -808.000000 50.000000 -1.000000 0.000000 0.000000 0.000000 1.000000 0.000000 0.000000 0.000000 -1.000000 3070b.dat
1 15 -390.000000 -808.000000 -50.000000 -1.000000 0.000000 0.000000 0.000000 1.000000 0.000000 0.000000 0.000000 -1.000000 3070b.dat
1 15 -390.000000 -808.000000 -90.000000 -1.000000 0.000000 0.000000 0.000000 1.000000 0.000000 0.000000 0.000000 -1.000000 3070b.dat
1 70 -480.000000 -944.000000 0.000000 0.000000 0.000000 -1.000000 0.000000 1.000000 0.000000 1.000000 0.000000 0.000000 3001.dat
1 15 -500.000000 -872.000000 110.000000 -1.000000 0.000000 0.000000 0.000000 1.000000 0.000000 0.000000 0.000000 -1.000000 60593c01.dat
1 15 -460.000000 -872.000000 110.000000 -1.000000 0.000000 0.000000 0.000000 1.000000 0.000000 0.000000 0.000000 -1.000000 60593c01.dat
1 15 -570.000000 -872.000000 -20.000000 0.000000 0.000000 1.000000 0.000000 1.000000 0.000000 -1.000000 0.000000 0.000000 60593c01.dat
1 15 -570.000000 -872.000000 20.000000 0.000000 0.000000 1.000000 0.000000 1.000000 0.000000 -1.000000 0.000000 0.000000 60593c01.dat
1 15 -460.000000 -872.000000 -110.000000 1.000000 0.000000 0.000000 0.000000 1.000000 0.000000 0.000000 0.000000 1.000000 60593c01.dat
1 15 -500.000000 -872.000000 -110.000000 1.000000 0.000000 0.000000 0.000000 1.000000 0.000000 0.000000 0.000000 1.000000 60593c01.dat
1 15 -390.000000 -872.000000 20.000000 0.000000 0.000000 -1.000000 0.000000 1.000000 0.000000 1.000000 0.000000 0.000000 60593c01.dat
1 15 -390.000000 -872.000000 -20.000000 0.000000 0.000000 -1.000000 0.000000 1.000000 0.000000 1.000000 0.000000 0.000000 60593c01.dat
1 71 -480.000000 -944.000000 50.000000 -1.000000 0.000000 0.000000 0.000000 1.000000 0.000000 0.000000 0.000000 -1.000000 3684.dat
1 71 -450.000000 -944.000000 -20.000000 0.000000 0.000000 -1.000000 0.000000 1.000000 0.000000 1.000000 0.000000 0.000000 3684.dat
1 71 -450.000000 -944.000000 20.000000 0.000000 0.000000 -1.000000 0.000000 1.000000 0.000000 1.000000 0.000000 0.000000 3684.dat
1 71 -480.000000 -944.000000 -50.000000 1.000000 0.000000 0.000000 0.000000 1.000000 0.000000 0.000000 0.000000 1.000000 3684.dat
1 71 -510.000000 -944.000000 20.000000 0.000000 0.000000 1.000000 0.000000 1.000000 0.000000 -1.000000 0.000000 0.000000 3684.dat
1 71 -510.000000 -944.000000 -20.000000 0.000000 0.000000 1.000000 0.000000 1.000000 0.000000 -1.000000 0.000000 0.000000 3684.dat
1 71 -510.000000 -944.000000 50.000000 -1.000000 0.000000 0.000000 0.000000 1.000000 0.000000 0.000000 0.000000 -1.000000 3685.dat
1 71 -450.000000 -944.000000 -50.000000 1.000000 0.000000 0.000000 0.000000 1.000000 0.000000 0.000000 0.000000 1.000000 3685.dat
1 71 -510.000000 -944.000000 -50.000000 0.000000 0.000000 1.000000 0.000000 1.000000 0.000000 -1.000000 0.000000 0.000000 3685.dat
1 71 -450.000000 -944.000000 50.000000 0.000000 0.000000 -1.000000 0.000000 1.000000 0.000000 1.000000 0.000000 0.000000 3685.dat
1 71 -480.000000 -880.000000 100.000000 -1.000000 0.000000 0.000000 0.000000 1.000000 0.000000 0.000000 0.000000 -1.000000 3022.dat
1 71 -560.000000 -880.000000 0.000000 -1.000000 0.000000 0.000000 0.000000 1.000000 0.000000 0.000000 0.000000 -1.000000 3022.dat
1 71 -400.000000 -880.000000 0.000000 -1.000000 0.000000 0.000000 0.000000 1.000000 0.000000 0.000000 0.000000 -1.000000 3022.dat
1 71 -480.000000 -880.000000 -100.000000 -1.000000 0.000000 0.000000 0.000000 1.000000 0.000000 0.000000 0.000000 -1.000000 3022.dat
1 15 -480.000000 -888.000000 90.000000 -1.000000 0.000000 0.000000 0.000000 1.000000 0.000000 0.000000 0.000000 -1.000000 4623.dat
1 15 -550.000000 -888.000000 0.000000 0.000000 0.000000 1.000000 0.000000 1.000000 0.000000 -1.000000 0.000000 0.000000 4623.dat
1 15 -480.000000 -888.000000 -90.000000 1.000000 0.000000 0.000000 0.000000 1.000000 0.000000 0.000000 0.000000 1.000000 4623.dat
1 15 -410.000000 -888.000000 0.000000 0.000000 0.000000 -1.000000 0.000000 1.000000 0.000000 1.000000 0.000000 0.000000 4623.dat
1 15 -480.000000 -912.000000 90.000000 1.000000 0.000000 0.000000 0.000000 1.000000 0.000000 0.000000 0.000000 1.000000 2877.dat
1 15 -550.000000 -912.000000 0.000000 0.000000 0.000000 -1.000000 0.000000 1.000000 0.000000 1.000000 0.000000 0.000000 2877.dat
1 15 -480.000000 -912.000000 -90.000000 -1.000000 0.000000 0.000000 0.000000 1.000000 0.000000 0.000000 0.000000 -1.000000 2877.dat
1 15 -410.000000 -912.000000 0.000000 0.000000 0.000000 1.000000 0.000000 1.000000 0.000000 -1.000000 0.000000 0.000000 2877.dat
1 15 -480.000000 -892.000000 112.000000 1.000000 0.000000 0.000000 0.000000 -1.000000 0.000000 0.000000 0.000000 -1.000000 4589.dat
1 15 -572.000000 -892.000000 0.000000 0.000000 0.000000 1.000000 0.000000 -1.000000 0.000000 1.000000 0.000000 0.000000 4589.dat
1 15 -480.000000 -892.000000 -112.000000 -1.000000 0.000000 0.000000 0.000000 -1.000000 0.000000 0.000000 0.000000 1.000000 4589.dat
1 15 -388.000000 -892.000000 0.000000 0.000000 0.000000 -1.000000 0.000000 -1.000000 0.000000 -1.000000 0.000000 0.000000 4589.dat
1 71 -470.000000 -1016.000000 0.000000 0.000000 0.000000 -1.000000 0.000000 1.000000 0.000000 1.000000 0.000000 0.000000 3684.dat
1 71 -490.000000 -1016.000000 0.000000 0.000000 0.000000 1.000000 0.000000 1.000000 0.000000 -1.000000 0.000000 0.000000 3684.dat
1 71 -490.000000 -1016.000000 30.000000 -1.000000 0.000000 0.000000 0.000000 1.000000 0.000000 0.000000 0.000000 -1.000000 3685.dat
1 71 -470.000000 -1016.000000 -30.000000 1.000000 0.000000 0.000000 0.000000 1.000000 0.000000 0.000000 0.000000 1.000000 3685.dat
1 71 -490.000000 -1016.000000 -30.000000 0.000000 0.000000 1.000000 0.000000 1.000000 0.000000 -1.000000 0.000000 0.000000 3685.dat
1 71 -470.000000 -1016.000000 30.000000 0.000000 0.000000 -1.000000 0.000000 1.000000 0.000000 1.000000 0.000000 0.000000 3685.dat
1 71 -510.000000 -880.000000 100.000000 0.000000 0.000000 1.000000 0.000000 1.000000 0.000000 -1.000000 0.000000 0.000000 60470.dat
1 71 -450.000000 -880.000000 100.000000 0.000000 0.000000 -1.000000 0.000000 1.000000 0.000000 1.000000 0.000000 0.000000 60470.dat
1 71 -560.000000 -880.000000 -30.000000 1.000000 0.000000 0.000000 0.000000 1.000000 0.000000 0.000000 0.000000 1.000000 60470.dat
1 71 -560.000000 -880.000000 30.000000 -1.000000 0.000000 0.000000 0.000000 1.000000 0.000000 0.000000 0.000000 -1.000000 60470.dat
1 71 -450.000000 -880.000000 -100.000000 0.000000 0.000000 -1.000000 0.000000 1.000000 0.000000 1.000000 0.000000 0.000000 60470.dat
1 71 -510.000000 -880.000000 -100.000000 0.000000 0.000000 1.000000 0.000000 1.000000 0.000000 -1.000000 0.000000 0.000000 60470.dat
1 71 -400.000000 -880.000000 30.000000 -1.000000 0.000000 0.000000 0.000000 1.000000 0.000000 0.000000 0.000000 -1.000000 60470.dat
1 71 -400.000000 -880.000000 -30.000000 1.000000 0.000000 0.000000 0.000000 1.000000 0.000000 0.000000 0.000000 1.000000 60470.dat
1 72 -480.000000 -1024.000000 0.000000 0.000000 0.000000 1.000000 0.000000 1.000000 0.000000 -1.000000 0.000000 0.000000 3020.dat
1 72 -490.000000 -1032.000000 20.000000 0.000000 0.000000 1.000000 0.000000 1.000000 0.000000 -1.000000 0.000000 0.000000 32028.dat
1 72 -490.000000 -1032.000000 -20.000000 0.000000 0.000000 1.000000 0.000000 1.000000 0.000000 -1.000000 0.000000 0.000000 32028.dat
1 72 -470.000000 -1032.000000 -20.000000 0.000000 0.000000 -1.000000 0.000000 1.000000 0.000000 1.000000 0.000000 0.000000 32028.dat
1 72 -470.000000 -1032.000000 20.000000 0.000000 0.000000 -1.000000 0.000000 1.000000 0.000000 1.000000 0.000000 0.000000 32028.dat
1 297 -480.000000 -1040.000000 30.000000 -1.000000 0.000000 0.000000 0.000000 1.000000 0.000000 0.000000 0.000000 -1.000000 3794a.dat
1 297 -480.000000 -1040.000000 10.000000 -1.000000 0.000000 0.000000 0.000000 1.000000 0.000000 0.000000 0.000000 -1.000000 3794a.dat
1 297 -480.000000 -1040.000000 -10.000000 -1.000000 0.000000 0.000000 0.000000 1.000000 0.000000 0.000000 0.000000 -1.000000 3794a.dat
1 297 -480.000000 -1040.000000 -30.000000 -1.000000 0.000000 0.000000 0.000000 1.000000 0.000000 0.000000 0.000000 -1.000000 3794a.dat
1 297 -480.000000 -1064.000000 10.000000 -1.000000 0.000000 0.000000 0.000000 1.000000 0.000000 0.000000 0.000000 -1.000000 4589.dat
1 297 -480.000000 -1064.000000 -10.000000 -1.000000 0.000000 0.000000 0.000000 1.000000 0.000000 0.000000 0.000000 -1.000000 4589.dat
1 297 -480.000000 -1072.000000 0.000000 0.000000 0.000000 -1.000000 0.000000 1.000000 0.000000 1.000000 0.000000 0.000000 3794a.dat
1 297 -480.000000 -1080.000000 30.000000 -1.000000 0.000000 0.000000 0.000000 1.000000 0.000000 0.000000 0.000000 -1.000000 64644.dat
1 297 -480.000000 -1080.000000 -30.000000 -1.000000 0.000000 0.000000 0.000000 1.000000 0.000000 0.000000 0.000000 -1.000000 64644.dat
1 297 -480.000000 -1112.000000 0.000000 -1.000000 0.000000 0.000000 0.000000 1.000000 0.000000 0.000000 0.000000 -1.000000 64644.dat
1 19 -390.000000 -768.000000 80.000000 0.000000 0.000000 -1.000000 0.000000 1.000000 0.000000 1.000000 0.000000 0.000000 3666.dat
1 19 -390.000000 -768.000000 -80.000000 0.000000 0.000000 -1.000000 0.000000 1.000000 0.000000 1.000000 0.000000 0.000000 3666.dat
1 19 -390.000000 -768.000000 0.000000 0.000000 0.000000 -1.000000 0.000000 1.000000 0.000000 1.000000 0.000000 0.000000 3023.dat
1 19 -380.000000 -776.000000 130.000000 -1.000000 0.000000 0.000000 0.000000 1.000000 0.000000 0.000000 0.000000 -1.000000 3023.dat
1 19 -380.000000 -776.000000 -130.000000 -1.000000 0.000000 0.000000 0.000000 1.000000 0.000000 0.000000 0.000000 -1.000000 3023.dat
1 19 -390.000000 -776.000000 100.000000 0.000000 0.000000 -1.000000 0.000000 1.000000 0.000000 1.000000 0.000000 0.000000 3794a.dat
1 19 -390.000000 -776.000000 60.000000 0.000000 0.000000 -1.000000 0.000000 1.000000 0.000000 1.000000 0.000000 0.000000 3794a.dat
1 19 -390.000000 -776.000000 20.000000 0.000000 0.000000 -1.000000 0.000000 1.000000 0.000000 1.000000 0.000000 0.000000 3794a.dat
1 19 -390.000000 -776.000000 -20.000000 0.000000 0.000000 -1.000000 0.000000 1.000000 0.000000 1.000000 0.000000 0.000000 3794a.dat
1 19 -390.000000 -776.000000 -60.000000 0.000000 0.000000 -1.000000 0.000000 1.000000 0.000000 1.000000 0.000000 0.000000 3794a.dat
1 19 -390.000000 -776.000000 -100.000000 0.000000 0.000000 -1.000000 0.000000 1.000000 0.000000 1.000000 0.000000 0.000000 3794a.dat
1 71 -570.000000 -784.000000 150.000000 -1.000000 0.000000 0.000000 0.000000 1.000000 0.000000 0.000000 0.000000 -1.000000 60474.dat
1 71 -390.000000 -784.000000 150.000000 -1.000000 0.000000 0.000000 0.000000 1.000000 0.000000 0.000000 0.000000 -1.000000 60474.dat
1 71 -570.000000 -784.000000 -150.000000 -1.000000 0.000000 0.000000 0.000000 1.000000 0.000000 0.000000 0.000000 -1.000000 60474.dat
1 71 -390.000000 -784.000000 -150.000000 -1.000000 0.000000 0.000000 0.000000 1.000000 0.000000 0.000000 0.000000 -1.000000 60474.dat
1 71 -390.000000 -784.000000 30.000000 0.000000 0.000000 -1.000000 0.000000 1.000000 0.000000 1.000000 0.000000 0.000000 4510.dat
1 71 -570.000000 -784.000000 -10.000000 0.000000 0.000000 1.000000 0.000000 1.000000 0.000000 -1.000000 0.000000 0.000000 4510.dat
1 71 -390.000000 -784.000000 -70.000000 0.000000 0.000000 -1.000000 0.000000 1.000000 0.000000 1.000000 0.000000 0.000000 32028.dat
1 71 -510.000000 -784.000000 150.000000 -1.000000 0.000000 0.000000 0.000000 1.000000 0.000000 0.000000 0.000000 -1.000000 32028.dat
1 71 -450.000000 -784.000000 150.000000 -1.000000 0.000000 0.000000 0.000000 1.000000 0.000000 0.000000 0.000000 -1.000000 32028.dat
1 71 -450.000000 -784.000000 -150.000000 1.000000 0.000000 0.000000 0.000000 1.000000 0.000000 0.000000 0.000000 1.000000 32028.dat
1 71 -510.000000 -784.000000 -150.000000 1.000000 0.000000 0.000000 0.000000 1.000000 0.000000 0.000000 0.000000 1.000000 32028.dat
1 71 -390.000000 -784.000000 -100.000000 -1.000000 0.000000 0.000000 0.000000 1.000000 0.000000 0.000000 0.000000 -1.000000 3794a.dat
1 71 -480.000000 -784.000000 150.000000 0.000000 0.000000 -1.000000 0.000000 1.000000 0.000000 1.000000 0.000000 0.000000 3069b.dat
1 71 -480.000000 -784.000000 -150.000000 0.000000 0.000000 -1.000000 0.000000 1.000000 0.000000 1.000000 0.000000 0.000000 3069b.dat
1 71 -570.000000 -784.000000 80.000000 -1.000000 0.000000 0.000000 0.000000 1.000000 0.000000 0.000000 0.000000 -1.000000 3069b.dat
1 15 -480.000000 -792.000000 150.000000 -1.000000 0.000000 0.000000 0.000000 1.000000 0.000000 0.000000 0.000000 -1.000000 3623.dat
1 15 -480.000000 -792.000000 -150.000000 -1.000000 0.000000 0.000000 0.000000 1.000000 0.000000 0.000000 0.000000 -1.000000 3623.dat
1 15 -520.000000 -792.000000 150.000000 -1.000000 0.000000 0.000000 0.000000 1.000000 0.000000 0.000000 0.000000 -1.000000 3024.dat
1 15 -440.000000 -792.000000 150.000000 -1.000000 0.000000 0.000000 0.000000 1.000000 0.000000 0.000000 0.000000 -1.000000 3024.dat
1 15 -520.000000 -792.000000 -150.000000 -1.000000 0.000000 0.000000 0.000000 1.000000 0.000000 0.000000 0.000000 -1.000000 3024.dat
1 15 -440.000000 -792.000000 -150.000000 -1.000000 0.000000 0.000000 0.000000 1.000000 0.000000 0.000000 0.000000 -1.000000 3024.dat
1 15 -570.000000 -792.000000 -10.000000 0.000000 0.000000 -1.000000 0.000000 1.000000 0.000000 1.000000 0.000000 0.000000 3794a.dat
1 15 -570.000000 -792.000000 -50.000000 0.000000 0.000000 -1.000000 0.000000 1.000000 0.000000 1.000000 0.000000 0.000000 3794a.dat
1 15 -390.000000 -792.000000 70.000000 0.000000 0.000000 -1.000000 0.000000 1.000000 0.000000 1.000000 0.000000 0.000000 3794a.dat
1 15 -390.000000 -792.000000 30.000000 0.000000 0.000000 -1.000000 0.000000 1.000000 0.000000 1.000000 0.000000 0.000000 3794a.dat
1 15 -390.000000 -792.000000 -10.000000 0.000000 0.000000 -1.000000 0.000000 1.000000 0.000000 1.000000 0.000000 0.000000 3794a.dat
1 15 -390.000000 -792.000000 -50.000000 0.000000 0.000000 -1.000000 0.000000 1.000000 0.000000 1.000000 0.000000 0.000000 3794a.dat
1 15 -390.000000 -792.000000 -90.000000 0.000000 0.000000 -1.000000 0.000000 1.000000 0.000000 1.000000 0.000000 0.000000 3794a.dat
1 15 -570.000000 -792.000000 70.000000 0.000000 0.000000 -1.000000 0.000000 1.000000 0.000000 1.000000 0.000000 0.000000 2431.dat
1 15 -570.000000 -792.000000 -90.000000 0.000000 0.000000 -1.000000 0.000000 1.000000 0.000000 1.000000 0.000000 0.000000 3069b.dat
1 15 -570.000000 -792.000000 20.000000 -1.000000 0.000000 0.000000 0.000000 1.000000 0.000000 0.000000 0.000000 -1.000000 3070b.dat
1 15 -390.000000 -792.000000 100.000000 -1.000000 0.000000 0.000000 0.000000 1.000000 0.000000 0.000000 0.000000 -1.000000 3070b.dat
1 15 -510.000000 -800.000000 150.000000 -1.000000 0.000000 0.000000 0.000000 1.000000 0.000000 0.000000 0.000000 -1.000000 3794a.dat
1 15 -450.000000 -800.000000 150.000000 -1.000000 0.000000 0.000000 0.000000 1.000000 0.000000 0.000000 0.000000 -1.000000 3794a.dat
1 15 -510.000000 -800.000000 -150.000000 -1.000000 0.000000 0.000000 0.000000 1.000000 0.000000 0.000000 0.000000 -1.000000 3794a.dat
1 15 -450.000000 -800.000000 -150.000000 -1.000000 0.000000 0.000000 0.000000 1.000000 0.000000 0.000000 0.000000 -1.000000 3794a.dat
1 15 -480.000000 -800.000000 150.000000 -1.000000 0.000000 0.000000 0.000000 1.000000 0.000000 0.000000 0.000000 -1.000000 3024.dat
1 15 -480.000000 -800.000000 -150.000000 -1.000000 0.000000 0.000000 0.000000 1.000000 0.000000 0.000000 0.000000 -1.000000 3024.dat
1 15 -570.000000 -792.000000 180.000000 -1.000000 0.000000 0.000000 0.000000 1.000000 0.000000 0.000000 0.000000 -1.000000 3069b.dat
1 15 -390.000000 -792.000000 180.000000 -1.000000 0.000000 0.000000 0.000000 1.000000 0.000000 0.000000 0.000000 -1.000000 3069b.dat
1 15 -570.000000 -792.000000 -180.000000 -1.000000 0.000000 0.000000 0.000000 1.000000 0.000000 0.000000 0.000000 -1.000000 3069b.dat
1 15 -390.000000 -792.000000 -180.000000 -1.000000 0.000000 0.000000 0.000000 1.000000 0.000000 0.000000 0.000000 -1.000000 3069b.dat
1 15 -600.000000 -792.000000 150.000000 0.000000 0.000000 -1.000000 0.000000 1.000000 0.000000 1.000000 0.000000 0.000000 3069b.dat
1 15 -540.000000 -792.000000 150.000000 0.000000 0.000000 -1.000000 0.000000 1.000000 0.000000 1.000000 0.000000 0.000000 3069b.dat
1 15 -420.000000 -792.000000 150.000000 0.000000 0.000000 -1.000000 0.000000 1.000000 0.000000 1.000000 0.000000 0.000000 3069b.dat
1 15 -360.000000 -792.000000 150.000000 0.000000 0.000000 -1.000000 0.000000 1.000000 0.000000 1.000000 0.000000 0.000000 3069b.dat
1 15 -600.000000 -792.000000 -150.000000 0.000000 0.000000 -1.000000 0.000000 1.000000 0.000000 1.000000 0.000000 0.000000 3069b.dat
1 15 -540.000000 -792.000000 -150.000000 0.000000 0.000000 -1.000000 0.000000 1.000000 0.000000 1.000000 0.000000 0.000000 3069b.dat
1 15 -420.000000 -792.000000 -150.000000 0.000000 0.000000 -1.000000 0.000000 1.000000 0.000000 1.000000 0.000000 0.000000 3069b.dat
1 15 -360.000000 -792.000000 -150.000000 0.000000 0.000000 -1.000000 0.000000 1.000000 0.000000 1.000000 0.000000 0.000000 3069b.dat
1 15 -510.000000 -808.000000 150.000000 -1.000000 0.000000 0.000000 0.000000 1.000000 0.000000 0.000000 0.000000 -1.000000 3070b.dat
1 15 -480.000000 -808.000000 150.000000 -1.000000 0.000000 0.000000 0.000000 1.000000 0.000000 0.000000 0.000000 -1.000000 3070b.dat
1 15 -450.000000 -808.000000 150.000000 -1.000000 0.000000 0.000000 0.000000 1.000000 0.000000 0.000000 0.000000 -1.000000 3070b.dat
1 15 -510.000000 -808.000000 -150.000000 -1.000000 0.000000 0.000000 0.000000 1.000000 0.000000 0.000000 0.000000 -1.000000 3070b.dat
1 15 -480.000000 -808.000000 -150.000000 -1.000000 0.000000 0.000000 0.000000 1.000000 0.000000 0.000000 0.000000 -1.000000 3070b.dat
1 15 -450.000000 -808.000000 -150.000000 -1.000000 0.000000 0.000000 0.000000 1.000000 0.000000 0.000000 0.000000 -1.000000 3070b.dat
1 15 659.594900 -560.790800 -90.000000 0.618394 -0.785868 0.000000 0.785868 0.618394 0.000000 0.000000 0.000000 1.000000 60478.dat
1 15 634.859200 -592.225600 -90.000000 0.618394 -0.785868 0.000000 0.785868 0.618394 0.000000 0.000000 0.000000 1.000000 3023.dat
1 15 610.123400 -623.660300 -90.000000 -0.618394 -0.785868 0.000000 -0.785868 0.618394 0.000000 0.000000 0.000000 -1.000000 63868.dat
1 73 641.146100 -597.172700 -90.000000 0.618394 -0.785868 0.000000 0.785868 0.618394 0.000000 0.000000 0.000000 1.000000 3666.dat
1 15 754.261100 -458.073900 -90.000000 0.693119 -0.720822 0.000000 0.720822 0.693119 0.000000 0.000000 0.000000 1.000000 60478.dat
1 15 726.536400 -486.906800 -90.000000 0.693119 -0.720822 0.000000 0.720822 0.693119 0.000000 0.000000 0.000000 1.000000 3023.dat
1 15 698.811600 -515.739600 -90.000000 -0.693119 -0.720822 0.000000 -0.720822 0.693119 0.000000 0.000000 0.000000 -1.000000 63868.dat
1 73 732.302900 -492.451700 -90.000000 0.693119 -0.720822 0.000000 0.720822 0.693119 0.000000 0.000000 0.000000 1.000000 3666.dat
1 15 857.767400 -364.197000 -90.000000 0.753081 -0.657927 0.000000 0.657927 0.753081 0.000000 0.000000 0.000000 1.000000 60478.dat
1 15 827.644200 -390.514000 -90.000000 0.753081 -0.657927 0.000000 0.657927 0.753081 0.000000 0.000000 0.000000 1.000000 3023.dat
1 15 797.520900 -416.831100 -90.000000 -0.753081 -0.657927 0.000000 -0.657927 0.753081 0.000000 0.000000 0.000000 -1.000000 63868.dat
1 73 832.907600 -396.538700 -90.000000 0.753081 -0.657927 0.000000 0.657927 0.753081 0.000000 0.000000 0.000000 1.000000 3666.dat
1 15 971.749800 -283.712200 -90.000000 0.832720 -0.553694 0.000000 0.553694 0.832720 0.000000 0.000000 0.000000 1.000000 60478.dat
1 15 938.441000 -305.860000 -90.000000 0.832720 -0.553694 0.000000 0.553694 0.832720 0.000000 0.000000 0.000000 1.000000 3023.dat
1 15 905.132200 -328.007800 -90.000000 -0.832720 -0.553694 0.000000 -0.553694 0.832720 0.000000 0.000000 0.000000 -1.000000 63868.dat
1 73 942.870500 -312.521800 -90.000000 0.832720 -0.553694 0.000000 0.553694 0.832720 0.000000 0.000000 0.000000 1.000000 3666.dat
1 15 1093.123000 -214.467600 -90.000000 0.877646 -0.479310 0.000000 0.479310 0.877646 0.000000 0.000000 0.000000 1.000000 60478.dat
1 15 1058.017000 -233.640000 -90.000000 0.877646 -0.479310 0.000000 0.479310 0.877646 0.000000 0.000000 0.000000 1.000000 3023.dat
1 15 1022.912000 -252.812400 -90.000000 -0.877646 -0.479310 0.000000 -0.479310 0.877646 0.000000 0.000000 0.000000 -1.000000 63868.dat
1 73 1061.852000 -240.661100 -90.000000 0.877646 -0.479310 0.000000 0.479310 0.877646 0.000000 0.000000 0.000000 1.000000 3666.dat
1 15 1183.355000 -171.930000 -90.000000 0.915055 -0.403330 0.000000 0.403330 0.915055 0.000000 0.000000 0.000000 1.000000 63868.dat
1 15 1146.753000 -188.063200 -90.000000 -0.915055 -0.403330 0.000000 -0.403330 0.915055 0.000000 0.000000 0.000000 -1.000000 63868.dat
1 73 1168.281000 -187.317100 -90.000000 0.915055 -0.403330 0.000000 0.403330 0.915055 0.000000 0.000000 0.000000 1.000000 3710.dat
1 73 616.297100 -548.851000 -90.000000 0.452102 -0.891965 0.000000 0.891965 0.452102 0.000000 0.000000 0.000000 1.000000 3666.dat
1 15 641.516900 -516.789200 -90.000000 0.452102 -0.891965 0.000000 0.891965 0.452102 0.000000 0.000000 0.000000 1.000000 60478.dat
1 15 623.432800 -552.467800 -90.000000 0.452102 -0.891965 0.000000 0.891965 0.452102 0.000000 0.000000 0.000000 1.000000 3023.dat
1 15 605.348800 -588.146400 -90.000000 -0.452102 -0.891965 0.000000 -0.891965 0.452102 0.000000 0.000000 0.000000 -1.000000 63868.dat
1 73 690.946200 -429.808600 -90.000000 0.606046 -0.795427 0.000000 0.795427 0.606046 0.000000 0.000000 0.000000 1.000000 3666.dat
1 15 721.551400 -402.839900 -90.000000 0.606046 -0.795427 0.000000 0.795427 0.606046 0.000000 0.000000 0.000000 1.000000 60478.dat
1 15 697.309600 -434.657000 -90.000000 0.606046 -0.795427 0.000000 0.795427 0.606046 0.000000 0.000000 0.000000 1.000000 3023.dat
1 15 673.067700 -466.474100 -90.000000 -0.606046 -0.795427 0.000000 -0.795427 0.606046 0.000000 0.000000 0.000000 -1.000000 63868.dat
1 73 784.730500 -325.177300 -90.000000 0.724624 -0.689143 0.000000 0.689143 0.724624 0.000000 0.000000 0.000000 1.000000 3666.dat
1 15 819.228500 -303.408500 -90.000000 0.724624 -0.689143 0.000000 0.689143 0.724624 0.000000 0.000000 0.000000 1.000000 60478.dat
1 15 790.243600 -330.974300 -90.000000 0.724624 -0.689143 0.000000 0.689143 0.724624 0.000000 0.000000 0.000000 1.000000 3023.dat
1 15 761.258700 -358.540000 -90.000000 -0.724624 -0.689143 0.000000 -0.689143 0.724624 0.000000 0.000000 0.000000 -1.000000 63868.dat
1 73 897.359100 -241.303400 -90.000000 0.867875 -0.496781 0.000000 0.496781 0.867875 0.000000 0.000000 0.000000 1.000000 3666.dat
1 15 936.048400 -228.375200 -90.000000 0.867875 -0.496781 0.000000 0.496781 0.867875 0.000000 0.000000 0.000000 1.000000 60478.dat
1 15 901.333300 -248.246400 -90.000000 0.867875 -0.496781 0.000000 0.496781 0.867875 0.000000 0.000000 0.000000 1.000000 3023.dat
1 15 866.618400 -268.117600 -90.000000 -0.867875 -0.496781 0.000000 -0.496781 0.867875 0.000000 0.000000 0.000000 -1.000000 63868.dat
1 73 1024.476000 -181.431200 -90.000000 0.935728 -0.352722 0.000000 0.352722 0.935728 0.000000 0.000000 0.000000 1.000000 3666.dat
1 15 1064.727000 -174.808100 -90.000000 0.935728 -0.352722 0.000000 0.352722 0.935728 0.000000 0.000000 0.000000 1.000000 60478.dat
1 15 1027.297000 -188.917000 -90.000000 0.935728 -0.352722 0.000000 0.352722 0.935728 0.000000 0.000000 0.000000 1.000000 3023.dat
1 15 989.868300 -203.025800 -90.000000 -0.935728 -0.352722 0.000000 -0.352722 0.935728 0.000000 0.000000 0.000000 -1.000000 63868.dat
1 73 1139.825000 -146.303000 -90.000000 0.979065 -0.203547 0.000000 0.203547 0.979065 0.000000 0.000000 0.000000 1.000000 3710.dat
1 15 1161.035000 -150.064500 -90.000000 0.979065 -0.203547 0.000000 0.203547 0.979065 0.000000 0.000000 0.000000 1.000000 63868.dat
1 15 1121.873000 -158.206400 -90.000000 -0.979065 -0.203547 0.000000 -0.203547 0.979065 0.000000 0.000000 0.000000 -1.000000 63868.dat
1 1 -960.000000 0.000000 160.000000 1.000000 0.000000 0.000000 0.000000 1.000000 0.000000 0.000000 0.000000 1.000000 3857.dat
1 1 -1260.000000 -24.000000 -80.000000 1.000000 0.000000 0.000000 0.000000 1.000000 0.000000 0.000000 0.000000 1.000000 3003.dat
1 1 -1260.000000 -24.000000 80.000000 1.000000 0.000000 0.000000 0.000000 1.000000 0.000000 0.000000 0.000000 1.000000 3003.dat
1 72 -660.000000 -24.000000 -80.000000 1.000000 0.000000 0.000000 0.000000 1.000000 0.000000 0.000000 0.000000 1.000000 6232.dat
1 72 -660.000000 -24.000000 80.000000 1.000000 0.000000 0.000000 0.000000 1.000000 0.000000 0.000000 0.000000 1.000000 6232.dat
1 71 -660.000000 -48.000000 -80.000000 1.000000 0.000000 0.000000 0.000000 1.000000 0.000000 0.000000 0.000000 1.000000 3003.dat
1 71 -660.000000 -48.000000 80.000000 1.000000 0.000000 0.000000 0.000000 1.000000 0.000000 0.000000 0.000000 1.000000 3003.dat
1 1 -1260.000000 -48.000000 -80.000000 1.000000 0.000000 0.000000 0.000000 1.000000 0.000000 0.000000 0.000000 1.000000 3003.dat
1 1 -1260.000000 -48.000000 80.000000 1.000000 0.000000 0.000000 0.000000 1.000000 0.000000 0.000000 0.000000 1.000000 3003.dat
1 71 -660.000000 -72.000000 0.000000 0.000000 0.000000 1.000000 0.000000 1.000000 0.000000 -1.000000 0.000000 0.000000 3006.dat
1 1 -1260.000000 -72.000000 0.000000 0.000000 0.000000 1.000000 0.000000 1.000000 0.000000 -1.000000 0.000000 0.000000 3006.dat
1 0 -720.000000 -80.000000 -80.000000 1.000000 0.000000 0.000000 0.000000 1.000000 0.000000 0.000000 0.000000 1.000000 3034.dat
1 0 -1200.000000 -80.000000 -80.000000 1.000000 0.000000 0.000000 0.000000 1.000000 0.000000 0.000000 0.000000 1.000000 3034.dat
1 0 -720.000000 -80.000000 80.000000 1.000000 0.000000 0.000000 0.000000 1.000000 0.000000 0.000000 0.000000 1.000000 3034.dat
1 0 -1200.000000 -80.000000 80.000000 1.000000 0.000000 0.000000 0.000000 1.000000 0.000000 0.000000 0.000000 1.000000 3034.dat
1 72 -800.000000 -88.000000 0.000000 1.000000 0.000000 0.000000 0.000000 1.000000 0.000000 0.000000 0.000000 1.000000 48288.dat
1 72 -1120.000000 -88.000000 0.000000 1.000000 0.000000 0.000000 0.000000 1.000000 0.000000 0.000000 0.000000 1.000000 48288.dat
