0 1192-21-FuturisticMotorbike.ldr
0 Name: 1192-21 - Futuristic Motorbike
0 Author: Nenufar
0 Theme: Town
0 CustomBrick

1 0 -36.066420 -10.775980 90.069820 -0.173647 -0.984797 0.000000 0.984795 -0.173647 0.000000 0.000000 0.000000 1.000002 87994.dat
1 4 -49.993670 -13.231710 82.069780 0.573567 0.000000 -0.819138 0.819138 0.000000 0.573567 0.000000 -1.000002 0.000000 2654.dat
1 4 -36.066420 -10.775980 90.069820 0.573567 0.000000 -0.819138 0.819138 0.000000 0.573567 0.000000 -1.000002 0.000000 6141.dat
1 4 -49.993670 -13.231700 98.069840 0.573567 0.000000 -0.819138 0.819138 0.000000 0.573567 0.000000 -1.000002 0.000000 4032a.dat
1 0 -49.993670 -13.231680 98.329830 0.000000 0.573567 -0.819138 0.000000 0.819138 0.573567 1.000002 0.000000 0.000000 32062.dat
1 4 -49.993680 -13.231700 106.079800 0.573567 0.000000 0.819138 0.819138 0.000000 -0.573567 0.000000 1.000002 0.000000 4032a.dat
1 4 -49.992990 -13.231960 114.079700 0.573577 0.000000 0.819153 0.819153 0.000000 -0.573576 0.000000 1.000002 0.000000 2654.dat
1 256 -49.993620 -13.231740 102.569900 -0.984795 0.173647 0.000000 -0.173646 -0.984795 0.000000 0.000000 0.000000 1.000000 11209.dat
1 4 -238.370800 -14.894280 85.999740 -0.766045 0.000000 -0.642788 0.642787 0.000000 -0.766045 0.000000 -1.000000 0.000000 2654.dat
1 4 -238.370900 -14.894550 93.999720 -0.766045 0.000000 -0.642788 0.642787 0.000000 -0.766045 0.000000 -1.000000 0.000000 6141.dat
1 4 -238.370900 -14.894560 101.999700 -0.766045 0.000000 -0.642787 0.642787 0.000000 -0.766045 0.000000 -1.000000 0.000000 4032a.dat
1 4 -238.370900 -14.894560 109.999700 -0.766045 0.000000 -0.642788 0.642787 0.000000 -0.766045 0.000000 -1.000000 0.000000 4032a.dat
1 4 -239.603600 -0.806060 117.999600 -0.766045 0.000000 -0.642788 0.642787 0.000000 -0.766045 0.000000 -1.000000 0.000000 6141.dat
1 4 -239.603600 -0.806080 125.999700 -0.766045 0.000000 -0.642788 0.642787 0.000000 -0.766045 0.000000 -1.000000 0.000000 6141.dat
1 4 -238.370900 -14.894600 133.999800 -0.766045 0.000000 -0.642788 0.642787 0.000000 -0.766045 0.000000 -1.000000 0.000000 4150.dat
1 256 -238.432300 -14.555380 96.999980 -0.642787 0.766045 0.000000 -0.766045 -0.642787 0.000000 0.000000 0.000000 1.000000 11209.dat
1 4 -173.769000 -14.230940 89.999950 0.000000 -1.000000 0.000000 1.000005 0.000000 -0.000001 0.000001 0.000000 1.000005 4070.dat
1 4 -173.769000 -14.230950 110.000000 0.000000 -1.000000 0.000000 -1.000005 0.000000 0.000000 0.000000 0.000000 -1.000005 4070.dat
1 4 -197.769000 -14.230960 99.999980 0.000000 -1.000000 0.000000 0.000001 0.000000 1.000005 -1.000005 0.000000 0.000001 2540.dat
1 4 -149.769000 -14.230950 110.000000 0.000000 -1.000000 0.000000 0.000000 0.000000 1.000005 -1.000005 0.000000 0.000000 4070.dat
1 4 -149.769000 -14.230940 89.999950 0.000000 -1.000000 0.000000 0.000000 0.000000 1.000005 -1.000005 0.000000 0.000000 4070.dat
1 70 -159.769000 -28.230980 100.000000 0.000000 0.000000 -1.000000 -0.000001 1.000005 0.000000 1.000005 0.000001 0.000000 3069b.dat
1 4 -141.769000 -14.230940 100.000000 0.000000 -1.000000 0.000000 0.000001 0.000000 1.000005 -1.000005 0.000000 0.000001 2540.dat
1 4 -183.769000 -14.230920 75.999870 0.000000 0.000000 1.000007 1.000005 -0.000001 0.000000 0.000001 1.000015 0.000000 6141.dat
1 4 -183.769000 -14.230920 68.000080 0.000000 0.000000 1.000000 1.000005 -0.000001 0.000000 0.000001 1.000005 0.000000 6141.dat
1 4 -183.769000 -14.230950 124.000100 0.000000 0.000000 1.000000 -1.000005 0.000000 0.000000 0.000000 -1.000005 0.000001 6141.dat
1 4 -183.769100 -14.230970 131.999700 0.000000 0.000000 0.999994 -1.000005 0.000000 0.000000 0.000000 -0.999997 0.000001 6141.dat
1 4 -109.769100 -14.230240 99.999870 0.000000 -1.000000 0.000000 0.000001 0.000000 1.000000 -1.000000 0.000000 0.000001 2432.dat
1 4 -183.769100 -14.230990 131.999700 0.707107 0.000000 0.707110 -0.707106 0.000000 0.707111 0.000000 -1.000005 0.000000 86035.dat
1 4 -183.769000 -14.230910 68.000100 -0.707107 -0.000001 0.707110 0.707106 0.000000 0.707110 0.000000 1.000005 0.000001 86035.dat
1 4 -126.253600 -48.130900 135.999400 0.906310 0.000000 -0.422616 0.422618 0.000000 0.906306 0.000000 -0.999996 0.000000 2431.dat
1 4 -112.353600 -30.615560 128.000200 0.422619 0.000000 0.906309 -0.906308 0.000000 0.422618 0.000000 -1.000000 0.000000 41769.dat
1 4 -112.353800 -30.615520 71.999760 -0.422621 0.000000 0.906309 0.906312 0.000000 0.422618 0.000000 1.000004 0.000000 41770.dat
1 4 -126.253700 -48.131000 63.999580 0.906309 0.000000 0.422621 0.422618 0.000000 -0.906312 0.000000 1.000004 0.000000 2431.dat
1 4 -135.316900 -52.357180 79.999740 0.906309 0.000000 0.422621 0.422618 0.000000 -0.906312 0.000000 1.000004 0.000000 60897.dat
1 4 -135.316700 -52.357200 120.000000 -0.906309 0.000000 0.422619 -0.422618 0.000000 -0.906308 0.000000 -1.000000 0.000000 60897.dat
1 4 -99.064490 -35.452520 87.999920 -0.906309 0.000000 -0.422621 -0.422618 0.000000 0.906312 0.000000 1.000004 0.000000 3024.dat
1 4 -99.064490 -35.452490 79.999740 -0.906309 0.000000 -0.422621 -0.422618 0.000000 0.906312 0.000000 1.000004 0.000000 3024.dat
1 4 -117.190400 -43.904840 112.000000 -0.906309 0.000000 0.422619 -0.422618 0.000000 -0.906308 0.000000 -1.000000 0.000000 3024.dat
1 4 -117.190400 -43.904830 120.000100 -0.906309 0.000000 0.422619 -0.422618 0.000000 -0.906308 0.000000 -1.000000 0.000000 3024.dat
1 4 -117.190600 -43.904800 79.999760 -0.906309 0.000000 -0.422621 -0.422618 0.000000 0.906312 0.000000 1.000004 0.000000 6541.dat
1 4 -99.064280 -35.452500 120.000000 0.906309 0.000000 -0.422619 0.422618 0.000000 0.906308 0.000000 -1.000000 0.000000 6541.dat
1 7 -112.964500 -52.967960 90.000010 0.422620 0.000000 -0.906310 -0.906312 0.000000 -0.422618 0.000000 1.000004 0.000000 4274.dat
1 7 -94.838130 -44.515590 110.000100 0.422619 0.000000 -0.906309 -0.906308 0.000000 -0.422618 0.000000 1.000000 0.000000 4274.dat
1 4 -135.316900 -52.357230 87.999930 -0.422621 0.000000 0.906309 0.906312 0.000000 0.422618 0.000000 1.000004 0.000000 4070.dat
1 4 -97.139360 -63.242710 100.000100 -0.906309 -0.422619 0.000000 -0.422618 0.906308 0.000000 0.000000 0.000000 -1.000000 3787.dat
1 4 -97.139360 -63.242710 100.000100 -0.906309 -0.422619 0.000000 -0.422618 0.906308 0.000000 0.000000 0.000000 -1.000000 3022.dat
1 100040 -115.265500 -71.695010 100.000100 0.000000 -0.422619 0.906310 0.000000 0.906308 0.422618 -1.000000 0.000000 0.000000 30602.dat
1 100040 -79.013170 -54.790320 100.000100 0.000000 -0.422619 -0.906309 0.000000 0.906308 -0.422618 1.000000 0.000000 0.000000 30602.dat
1 4 -148.005100 -58.273840 98.000000 0.422619 0.906309 0.000000 -0.906308 0.422618 0.000000 0.000000 0.000000 1.000000 2555.dat
1 0 -153.443000 -60.809570 98.000030 0.000000 -0.087155 -0.996197 0.000000 0.996195 -0.087155 1.000000 0.000000 0.000000 30031.dat
1 70 -208.028500 -53.408850 99.999820 0.000000 0.766045 0.642787 0.000000 -0.642787 0.766045 1.000000 0.000000 0.000000 3623.dat
1 4 -227.012600 -63.587490 99.999810 0.000000 0.766045 0.642787 0.000000 -0.642787 0.766045 1.000000 0.000000 0.000000 3623.dat
1 4 -214.156800 -48.266540 79.999840 0.000000 0.766045 -0.642788 0.000000 -0.642787 -0.766045 -1.000000 0.000000 0.000000 4081b.dat
1 4 -214.156700 -48.266570 119.999800 0.000000 0.766045 -0.642788 0.000000 -0.642787 -0.766045 -1.000000 0.000000 0.000000 4081b.dat
1 4 -214.156800 -48.266570 99.999850 -0.642788 0.766045 0.000000 -0.766045 -0.642787 -0.000001 0.000000 -0.000001 1.000000 3024.dat
1 4 -226.713000 -50.784740 79.999820 0.642787 0.766045 0.000000 0.766045 -0.642787 0.000000 0.000000 0.000000 -1.000000 3069b.dat
1 4 -220.285100 -43.124280 99.999840 0.642787 0.766045 0.000000 0.766045 -0.642787 0.000000 0.000000 0.000000 -1.000000 3070b.dat
1 4 -233.141000 -58.445160 119.999800 0.642787 0.766045 0.000000 0.766045 -0.642787 0.000000 0.000000 0.000000 -1.000000 3070b.dat
1 70 -220.884300 -68.729840 99.999790 -0.642788 0.766045 0.000000 -0.766045 -0.642787 -0.000001 0.000000 -0.000001 1.000000 3024.dat
1 70 -214.755900 -73.872100 99.999820 -0.642788 0.766045 0.000000 -0.766045 -0.642787 -0.000001 0.000000 -0.000001 1.000000 3024.dat
1 4 -233.140900 -58.445180 99.999820 -0.642787 0.766045 0.000000 -0.766045 -0.642787 -0.000001 0.000000 -0.000001 1.000000 3024.dat
1 4 -220.285200 -43.124270 119.999800 -0.642788 0.766045 0.000000 -0.766045 -0.642787 -0.000001 0.000000 -0.000001 1.000000 3024.dat
1 4 -226.413600 -37.981950 119.999800 -0.642788 0.766045 0.000000 -0.766045 -0.642787 -0.000001 0.000000 -0.000001 1.000000 3024.dat
1 4 -244.808800 -22.546940 119.999500 0.642787 0.766045 0.000000 0.766045 -0.642788 0.000001 0.000001 0.000000 -1.000000 4070.dat
1 4 -233.140900 -58.445180 99.999810 0.000000 0.766045 -0.642788 0.000000 -0.642787 -0.766045 -1.000000 0.000000 0.000000 54200.dat
1 0 -92.336410 -14.605380 90.069780 0.000000 -0.173649 -0.984808 0.000000 0.984808 -0.173649 1.000000 0.000000 0.000000 2555.dat
1 0 -92.336420 -14.605350 110.069900 0.000000 -0.173648 -0.984809 0.000000 0.984808 -0.173649 1.000002 0.000000 0.000000 3024.dat
1 4 -93.725610 -6.726880 90.069850 0.000000 -0.173649 0.984809 0.000000 0.984808 0.173649 -1.000002 0.000000 0.000000 61252.dat
1 4 -93.725610 -6.726880 110.069900 0.000000 -0.173649 0.984809 0.000000 0.984808 0.173649 -1.000002 0.000000 0.000000 61252.dat
