0 1713-ShipwreckedPirate.ldr
0 Name: 1713 - Shipwrecked Pirate
0 Author: Stan Isachenko [angmarec]
0 Theme: Pirates
0 CustomBrick

1 7 38.000000 -12.884750 19.000000 0.001171 0.006356 -0.999979 -0.999988 0.004741 -0.001141 0.004734 0.999969 0.006361 2530.dat
1 0 -50.000000 -16.000000 -10.000000 1.000000 0.000000 0.000000 0.000000 1.000000 0.000000 0.000000 0.000000 1.000000 3957.dat
1 15 -50.000000 -96.000000 -10.000000 0.000000 0.000000 -1.000000 0.000000 1.000000 0.000000 1.000000 0.000000 0.000000 2335p30.dat
1 14 68.000000 10.070000 29.990000 0.000000 -1.000000 0.000000 0.000000 0.000000 -1.000000 1.000000 0.000000 0.000000 3062b.dat
1 14 68.000000 10.070000 9.990000 0.000000 -1.000000 0.000000 0.000000 0.000000 -1.000000 1.000000 0.000000 0.000000 3062b.dat
1 14 68.000000 10.070000 -10.010000 0.000000 -1.000000 0.000000 0.000000 0.000000 -1.000000 1.000000 0.000000 0.000000 3062b.dat
1 14 68.000000 10.070000 -30.010000 0.000000 -1.000000 0.000000 0.000000 0.000000 -1.000000 1.000000 0.000000 0.000000 3062b.dat
1 14 -68.000000 10.000000 -30.000000 0.000000 1.000000 0.000000 0.000000 0.000000 -1.000000 -1.000000 0.000000 0.000000 3062b.dat
1 14 -68.000000 10.000000 -10.000000 0.000000 1.000000 0.000000 0.000000 0.000000 -1.000000 -1.000000 0.000000 0.000000 3062b.dat
1 14 -68.000000 10.000000 10.000000 0.000000 1.000000 0.000000 0.000000 0.000000 -1.000000 -1.000000 0.000000 0.000000 3062b.dat
1 0 20.000000 16.000000 0.000000 1.000000 0.000000 0.000000 0.000000 1.000000 0.000000 0.000000 0.000000 1.000000 2654.dat
1 0 -20.000000 16.000000 0.000000 1.000000 0.000000 0.000000 0.000000 1.000000 0.000000 0.000000 0.000000 1.000000 2654.dat
1 14 0.000000 8.000000 0.000000 1.000000 0.000000 0.000000 0.000000 1.000000 0.000000 0.000000 0.000000 1.000000 3020.dat
1 14 0.000000 0.000000 0.000000 1.000000 0.000000 0.000000 0.000000 1.000000 0.000000 0.000000 0.000000 1.000000 3022.dat
1 0 30.000000 0.000000 0.000000 0.000000 0.000000 -1.000000 0.000000 1.000000 0.000000 1.000000 0.000000 0.000000 2436a.dat
1 0 -30.000000 0.000000 0.000000 0.000000 0.000000 1.000000 0.000000 1.000000 0.000000 -1.000000 0.000000 0.000000 2436a.dat
1 0 0.000000 -8.000000 0.000000 1.000000 0.000000 0.000000 0.000000 1.000000 0.000000 0.000000 0.000000 1.000000 3032.dat
1 14 -68.000000 10.000000 30.000000 0.000000 1.000000 0.000000 0.000000 0.000000 -1.000000 -1.000000 0.000000 0.000000 3062b.dat
1 1 -50.947080 -100.455300 -10.341360 -0.258969 0.000000 0.965886 0.000000 1.000000 0.000000 -0.965886 0.000000 -0.258969 2543.dat
1 4 -41.000000 -17.309130 -59.000000 -0.960021 0.223362 -0.168729 -0.164372 0.038097 0.985663 0.226587 0.973991 0.000140 2542.dat
