0 376-2-TownHouseWithGarden.ldr
0 Name: 376-2 - Town House With Garden
0 Author: Robert Paciorek [bercik]
0 CustomBrick

1 15 165.449000 -13.000000 131.808000 -0.500000 0.000000 -0.866000 0.000000 1.000000 0.000000 0.866000 0.000000 -0.500000 3022.dat
1 15 165.449000 -21.000000 131.808000 -0.500000 0.000000 -0.866000 0.000000 1.000000 0.000000 0.866000 0.000000 -0.500000 3022.dat
1 15 156.789000 -45.000000 126.808000 -0.500000 0.000000 -0.866000 0.000000 1.000000 0.000000 0.866000 0.000000 -0.500000 3004.dat
1 15 303.652000 -13.000000 142.421000 -0.500000 0.000000 0.866000 0.000000 1.000000 0.000000 -0.866000 0.000000 -0.500000 3022.dat
1 15 303.652000 -21.000000 142.421000 -0.500000 0.000000 0.866000 0.000000 1.000000 0.000000 -0.866000 0.000000 -0.500000 3022.dat
1 15 312.312000 -45.000000 137.421000 -0.500000 0.000000 0.866000 0.000000 1.000000 0.000000 -0.866000 0.000000 -0.500000 3004.dat
1 15 232.680000 -38.000000 110.000000 1.000000 0.000000 0.000000 0.000000 1.000000 0.000000 0.000000 0.000000 1.000000 3023.dat
1 15 232.680000 -38.000000 170.000000 1.000000 0.000000 0.000000 0.000000 1.000000 0.000000 0.000000 0.000000 1.000000 3023.dat
1 15 232.680000 -30.000000 110.000000 1.000000 0.000000 0.000000 0.000000 1.000000 0.000000 0.000000 0.000000 1.000000 3004.dat
1 15 232.680000 -30.000000 170.000000 1.000000 0.000000 0.000000 0.000000 1.000000 0.000000 0.000000 0.000000 1.000000 3004.dat
1 15 232.680000 -46.000000 140.000000 0.000000 0.000000 -1.000000 0.000000 1.000000 0.000000 1.000000 0.000000 0.000000 3020.dat
1 14 -90.000000 -19.000000 240.000000 -0.500000 0.000000 0.866000 0.000000 1.000000 0.000000 -0.866000 0.000000 -0.500000 3795.dat
1 14 -65.000000 -11.000000 283.300000 -0.866000 0.000000 -0.500000 0.000000 1.000000 0.000000 0.500000 0.000000 -0.866000 3023.dat
1 14 -115.000000 -11.000000 196.700000 -0.866000 0.000000 -0.500000 0.000000 1.000000 0.000000 0.500000 0.000000 -0.866000 3023.dat
1 14 -115.000000 -43.000000 196.700000 -0.866000 0.000000 -0.500000 0.000000 1.000000 0.000000 0.500000 0.000000 -0.866000 3039.dat
1 2 -160.000000 0.000000 160.000000 1.000000 0.000000 0.000000 0.000000 1.000000 0.000000 0.000000 0.000000 1.000000 3867.dat
1 4 -290.000000 -24.000000 40.000000 0.000000 0.000000 -1.000000 0.000000 1.000000 0.000000 1.000000 0.000000 0.000000 3010.dat
1 4 -280.000000 -24.000000 90.000000 1.000000 0.000000 0.000000 0.000000 1.000000 0.000000 0.000000 0.000000 1.000000 3004.dat
1 4 -100.000000 -24.000000 90.000000 1.000000 0.000000 0.000000 0.000000 1.000000 0.000000 0.000000 0.000000 1.000000 3008.dat
1 4 -30.000000 -24.000000 50.000000 0.000000 0.000000 1.000000 0.000000 1.000000 0.000000 -1.000000 0.000000 0.000000 3622.dat
1 4 0.000000 -24.000000 0.000000 1.000000 0.000000 0.000000 0.000000 1.000000 0.000000 0.000000 0.000000 1.000000 3831.dat
1 14 -50.000000 -24.000000 40.000000 0.000000 0.000000 1.000000 0.000000 1.000000 0.000000 -1.000000 0.000000 0.000000 3004.dat
1 4 -170.000000 -48.000000 90.000000 1.000000 0.000000 0.000000 0.000000 1.000000 0.000000 0.000000 0.000000 1.000000 3005.dat
1 4 -30.000000 -48.000000 30.000000 0.000000 0.000000 1.000000 0.000000 1.000000 0.000000 -1.000000 0.000000 0.000000 3622.dat
1 4 -100.000000 -48.000000 90.000000 1.000000 0.000000 0.000000 0.000000 1.000000 0.000000 0.000000 0.000000 1.000000 3009.dat
1 4 -30.000000 -48.000000 80.000000 0.000000 0.000000 1.000000 0.000000 1.000000 0.000000 -1.000000 0.000000 0.000000 3004.dat
1 4 -290.000000 -48.000000 60.000000 0.000000 0.000000 -1.000000 0.000000 1.000000 0.000000 1.000000 0.000000 0.000000 3010.dat
1 4 -270.000000 -48.000000 90.000000 1.000000 0.000000 0.000000 0.000000 1.000000 0.000000 0.000000 0.000000 1.000000 3005.dat
1 4 -290.000000 -48.000000 10.000000 1.000000 0.000000 0.000000 0.000000 1.000000 0.000000 0.000000 0.000000 1.000000 3005.dat
1 14 -150.000000 -24.000000 40.000000 0.000000 0.000000 1.000000 0.000000 1.000000 0.000000 -1.000000 0.000000 0.000000 3004.dat
1 14 -100.000000 -24.000000 70.000000 -1.000000 0.000000 0.000000 0.000000 1.000000 0.000000 0.000000 0.000000 -1.000000 3004.dat
1 14 -100.000000 -24.000000 10.000000 -1.000000 0.000000 0.000000 0.000000 1.000000 0.000000 0.000000 0.000000 -1.000000 3004.dat
1 14 -270.000000 -32.000000 40.000010 0.000000 0.000000 -1.000000 0.000000 1.000000 0.000000 1.000000 0.000000 0.000000 3660.dat
1 4 -280.000000 -72.000000 90.000000 1.000000 0.000000 0.000000 0.000000 1.000000 0.000000 0.000000 0.000000 1.000000 3004.dat
1 4 -290.000000 -72.000000 40.000000 0.000000 0.000000 -1.000000 0.000000 1.000000 0.000000 1.000000 0.000000 0.000000 3010.dat
1 4 -40.000000 -72.000000 90.000000 1.000000 0.000000 0.000000 0.000000 1.000000 0.000000 0.000000 0.000000 1.000000 3004.dat
1 4 -30.000000 -72.000000 40.000000 0.000000 0.000000 -1.000000 0.000000 1.000000 0.000000 1.000000 0.000000 0.000000 3010.dat
1 4 -160.000000 -72.000000 90.000000 1.000000 0.000000 0.000000 0.000000 1.000000 0.000000 0.000000 0.000000 1.000000 3004.dat
1 14 -100.000000 -32.000000 70.000000 -1.000000 0.000000 0.000000 0.000000 1.000000 0.000000 0.000000 0.000000 -1.000000 3023.dat
1 14 -100.000000 -40.000000 70.000000 -1.000000 0.000000 0.000000 0.000000 1.000000 0.000000 0.000000 0.000000 -1.000000 3023.dat
1 14 -100.000000 -32.000000 10.000000 -1.000000 0.000000 0.000000 0.000000 1.000000 0.000000 0.000000 0.000000 -1.000000 3023.dat
1 14 -100.000000 -40.000000 10.000000 -1.000000 0.000000 0.000000 0.000000 1.000000 0.000000 0.000000 0.000000 -1.000000 3023.dat
1 4 -30.000000 -96.000000 70.000000 0.000000 0.000000 1.000000 0.000000 1.000000 0.000000 -1.000000 0.000000 0.000000 3622.dat
1 4 -30.000000 -96.000000 20.000000 0.000000 0.000000 1.000000 0.000000 1.000000 0.000000 -1.000000 0.000000 0.000000 3004.dat
1 4 -160.000000 -96.000000 90.000000 1.000000 0.000000 0.000000 0.000000 1.000000 0.000000 0.000000 0.000000 1.000000 3004.dat
1 4 -290.000000 -96.000000 80.000000 0.000000 0.000000 1.000000 0.000000 1.000000 0.000000 -1.000000 0.000000 0.000000 3004.dat
1 4 -270.000000 -96.000000 90.000000 1.000000 0.000000 0.000000 0.000000 1.000000 0.000000 0.000000 0.000000 1.000000 3005.dat
1 4 -290.000000 -96.000000 10.000000 1.000000 0.000000 0.000000 0.000000 1.000000 0.000000 0.000000 0.000000 1.000000 3005.dat
1 4 -50.000000 -96.000000 90.000000 1.000000 0.000000 0.000000 0.000000 1.000000 0.000000 0.000000 0.000000 1.000000 3005.dat
1 15 -100.000000 -120.000000 90.000000 -1.000000 0.000000 0.000000 0.000000 1.000000 0.000000 0.000000 0.000000 -1.000000 3853.dat
1 15 -134.000000 -116.000000 94.000000 0.000000 0.000000 -1.000000 0.000000 1.000000 0.000000 1.000000 0.000000 0.000000 3854.dat
1 15 -66.000000 -116.000000 94.000000 0.000000 0.000000 1.000000 0.000000 1.000000 0.000000 -1.000000 0.000000 0.000000 3854.dat
1 14 -100.000000 -48.000000 40.000000 0.000000 0.000000 1.000000 0.000000 1.000000 0.000000 -1.000000 0.000000 0.000000 3020.dat
1 2 -60.000000 -120.000000 104.000000 -0.500000 0.000000 -0.866000 0.000000 1.000000 0.000000 0.866000 0.000000 -0.500000 3856.dat
1 2 -140.000000 -120.000000 104.000000 -0.500000 0.000000 0.866000 0.000000 1.000000 0.000000 -0.866000 0.000000 -0.500000 3856.dat
1 15 -250.000000 -120.000000 90.000000 0.000000 0.000000 1.000000 0.000000 1.000000 0.000000 -1.000000 0.000000 0.000000 3861.dat
1 4 -290.000000 -120.000000 10.000000 1.000000 0.000000 0.000000 0.000000 1.000000 0.000000 0.000000 0.000000 1.000000 3005.dat
1 4 -30.000000 -120.000000 40.000000 0.000000 0.000000 1.000000 0.000000 1.000000 0.000000 -1.000000 0.000000 0.000000 3010.dat
1 4 -40.000000 -120.000000 90.000000 1.000000 0.000000 0.000000 0.000000 1.000000 0.000000 0.000000 0.000000 1.000000 3004.dat
1 4 -160.000000 -120.000000 90.000000 1.000000 0.000000 0.000000 0.000000 1.000000 0.000000 0.000000 0.000000 1.000000 3004.dat
1 4 -280.000000 -120.000000 90.000000 1.000000 0.000000 0.000000 0.000000 1.000000 0.000000 0.000000 0.000000 1.000000 3004.dat
1 4 -290.000000 -120.000000 70.000000 1.000000 0.000000 0.000000 0.000000 1.000000 0.000000 0.000000 0.000000 1.000000 3005.dat
1 15 -290.000000 -120.000000 40.000000 0.000000 0.000000 1.000000 0.000000 1.000000 0.000000 -1.000000 0.000000 0.000000 3081cc01.dat
1 4 -30.000000 -144.000000 60.000000 0.000000 0.000000 1.000000 0.000000 1.000000 0.000000 -1.000000 0.000000 0.000000 3010.dat
1 4 0.000000 -144.000000 0.000000 1.000000 0.000000 0.000000 0.000000 1.000000 0.000000 0.000000 0.000000 1.000000 3831.dat
1 4 -290.000000 -144.000000 70.000000 0.000000 0.000000 1.000000 0.000000 1.000000 0.000000 -1.000000 0.000000 0.000000 3622.dat
1 4 -290.000000 -144.000000 20.000000 0.000000 0.000000 1.000000 0.000000 1.000000 0.000000 -1.000000 0.000000 0.000000 3004.dat
1 4 -220.000000 -144.000000 90.000000 1.000000 0.000000 0.000000 0.000000 1.000000 0.000000 0.000000 0.000000 1.000000 3009.dat
1 4 -140.000000 -144.000000 90.000000 -1.000000 0.000000 0.000000 0.000000 1.000000 0.000000 0.000000 0.000000 -1.000000 3298.dat
1 4 -80.000000 -144.000000 90.000000 -1.000000 0.000000 0.000000 0.000000 1.000000 0.000000 0.000000 0.000000 -1.000000 3297.dat
1 1 -270.000000 -168.000000 40.000000 0.000000 0.000000 1.000000 0.000000 1.000000 0.000000 -1.000000 0.000000 0.000000 3297.dat
1 1 -270.000000 -168.000000 100.000000 0.000000 0.000000 1.000000 0.000000 1.000000 0.000000 -1.000000 0.000000 0.000000 3298.dat
1 1 -50.000000 -168.000000 80.000000 0.000000 0.000000 -1.000000 0.000000 1.000000 0.000000 1.000000 0.000000 0.000000 3297.dat
1 1 -50.000000 -168.000000 20.000000 0.000000 0.000000 -1.000000 0.000000 1.000000 0.000000 1.000000 0.000000 0.000000 3298.dat
1 4 -120.000000 -168.000000 90.000000 1.000000 0.000000 0.000000 0.000000 1.000000 0.000000 0.000000 0.000000 1.000000 3009.dat
1 4 -220.000000 -168.000000 90.000000 -1.000000 0.000000 0.000000 0.000000 1.000000 0.000000 0.000000 0.000000 -1.000000 3010.dat
1 1 -230.000000 -192.000000 20.000000 0.000000 0.000000 1.000000 0.000000 1.000000 0.000000 -1.000000 0.000000 0.000000 3298.dat
1 1 -230.000000 -192.000000 80.000000 0.000000 0.000000 1.000000 0.000000 1.000000 0.000000 -1.000000 0.000000 0.000000 3297.dat
1 1 -90.000000 -192.000000 100.000000 0.000000 0.000000 -1.000000 0.000000 1.000000 0.000000 1.000000 0.000000 0.000000 3298.dat
1 1 -90.000000 -192.000000 40.000000 0.000000 0.000000 -1.000000 0.000000 1.000000 0.000000 1.000000 0.000000 0.000000 3297.dat
1 4 -160.000000 -192.000000 90.000000 1.000000 0.000000 0.000000 0.000000 1.000000 0.000000 0.000000 0.000000 1.000000 3009.dat
1 4 -160.000000 -216.000000 90.000000 -1.000000 0.000000 0.000000 0.000000 1.000000 0.000000 0.000000 0.000000 -1.000000 3010.dat
1 1 -210.000000 -216.000000 100.000000 0.000000 0.000000 1.000000 0.000000 1.000000 0.000000 -1.000000 0.000000 0.000000 3039.dat
1 1 -210.000000 -216.000000 40.000000 0.000000 0.000000 1.000000 0.000000 1.000000 0.000000 -1.000000 0.000000 0.000000 3037.dat
1 1 -110.000000 -216.000000 20.000000 0.000000 0.000000 -1.000000 0.000000 1.000000 0.000000 1.000000 0.000000 0.000000 3039.dat
1 1 -110.000000 -216.000000 80.000000 0.000000 0.000000 -1.000000 0.000000 1.000000 0.000000 1.000000 0.000000 0.000000 3037.dat
1 1 -130.000000 -240.000000 40.000000 0.000000 0.000000 -1.000000 0.000000 1.000000 0.000000 1.000000 0.000000 0.000000 3037.dat
1 1 -130.000000 -240.000000 100.000000 0.000000 0.000000 -1.000000 0.000000 1.000000 0.000000 1.000000 0.000000 0.000000 3039.dat
1 1 -190.000000 -240.000000 80.000000 0.000000 0.000000 1.000000 0.000000 1.000000 0.000000 -1.000000 0.000000 0.000000 3037.dat
1 1 -190.000000 -240.000000 20.000000 0.000000 0.000000 1.000000 0.000000 1.000000 0.000000 -1.000000 0.000000 0.000000 3039.dat
1 4 -160.000000 -240.000000 90.000000 -1.000000 0.000000 0.000000 0.000000 1.000000 0.000000 0.000000 0.000000 -1.000000 3004.dat
1 1 -150.000000 -264.000000 80.000000 0.000000 0.000000 -1.000000 0.000000 1.000000 0.000000 1.000000 0.000000 0.000000 3037.dat
1 1 -150.000000 -264.000000 20.000000 0.000000 0.000000 -1.000000 0.000000 1.000000 0.000000 1.000000 0.000000 0.000000 3039.dat
1 1 -170.000000 -264.000000 40.000000 0.000000 0.000000 1.000000 0.000000 1.000000 0.000000 -1.000000 0.000000 0.000000 3037.dat
1 1 -170.000000 -264.000000 100.000000 0.000000 0.000000 1.000000 0.000000 1.000000 0.000000 -1.000000 0.000000 0.000000 3039.dat
1 1 -160.000000 -288.000000 90.000000 0.000000 0.000000 -1.000000 0.000000 1.000000 0.000000 1.000000 0.000000 0.000000 3042.dat
1 2 -20.000000 -8.000000 200.000000 1.000000 0.000000 0.000000 0.000000 1.000000 0.000000 0.000000 0.000000 1.000000 3471.dat
1 2 218.560000 0.000000 58.560000 0.866000 0.000000 0.500000 0.000000 1.000000 0.000000 -0.500000 0.000000 0.866000 3867.dat
1 4 381.140000 -24.000000 80.160000 -0.500000 0.000000 0.866000 0.000000 1.000000 0.000000 -0.866000 0.000000 -0.500000 3009.dat
1 4 271.140000 -24.000000 -110.360000 0.500000 0.000000 -0.866000 0.000000 1.000000 0.000000 0.866000 0.000000 0.500000 3010.dat
1 4 278.820000 -24.000000 -57.060000 0.866000 0.000000 0.500000 0.000000 1.000000 0.000000 -0.500000 0.000000 0.866000 3622.dat
1 4 235.520000 -24.000000 -32.060000 0.866000 0.000000 0.500000 0.000000 1.000000 0.000000 -0.500000 0.000000 0.866000 3004.dat
1 4 148.920000 -24.000000 17.940000 0.866000 0.000000 0.500000 0.000000 1.000000 0.000000 -0.500000 0.000000 0.866000 3008.dat
1 4 55.980000 -24.000000 36.960000 0.500000 0.000000 -0.866000 0.000000 1.000000 0.000000 0.866000 0.000000 0.500000 3010.dat
1 4 306.140000 -24.000000 -49.740000 0.866000 0.000000 0.500000 0.000000 1.000000 0.000000 -0.500000 0.000000 0.866000 3005.dat
1 0 355.160000 -24.000000 95.160000 -0.500000 0.000000 0.866000 0.000000 1.000000 0.000000 -0.866000 0.000000 -0.500000 3001.dat
1 4 0.000000 -24.000000 0.000000 0.866000 0.000000 0.500000 0.000000 1.000000 0.000000 -0.500000 0.000000 0.866000 3830.dat
1 4 45.980000 -48.000000 19.640000 0.500000 0.000000 -0.866000 0.000000 1.000000 0.000000 0.866000 0.000000 0.500000 3010.dat
1 4 131.600000 -48.000000 27.940000 0.866000 0.000000 0.500000 0.000000 1.000000 0.000000 -0.500000 0.000000 0.866000 3008.dat
1 4 218.200000 -48.000000 -22.060000 0.866000 0.000000 0.500000 0.000000 1.000000 0.000000 -0.500000 0.000000 0.866000 3004.dat
1 4 261.500000 -48.000000 -47.060000 0.866000 0.000000 0.500000 0.000000 1.000000 0.000000 -0.500000 0.000000 0.866000 3622.dat
1 4 281.140000 -48.000000 -93.040000 0.500000 0.000000 -0.866000 0.000000 1.000000 0.000000 0.866000 0.000000 0.500000 3009.dat
1 4 381.140000 -48.000000 80.160000 -0.500000 0.000000 0.866000 0.000000 1.000000 0.000000 -0.866000 0.000000 -0.500000 3009.dat
1 15 71.960000 -24.000000 4.640000 -0.500000 0.000000 0.866000 0.000000 1.000000 0.000000 -0.866000 0.000000 -0.500000 3001.dat
1 14 268.820000 -24.000000 -74.380000 0.866000 0.000000 0.500000 0.000000 1.000000 0.000000 -0.500000 0.000000 0.866000 3005.dat
1 14 238.820000 -24.000000 -126.340000 0.866000 0.000000 0.500000 0.000000 1.000000 0.000000 -0.500000 0.000000 0.866000 3005.dat
1 0 378.820000 -48.000000 116.140000 0.866000 0.000000 0.500000 0.000000 1.000000 0.000000 -0.500000 0.000000 0.866000 3005.dat
1 0 348.820000 -48.000000 64.180000 0.866000 0.000000 0.500000 0.000000 1.000000 0.000000 -0.500000 0.000000 0.866000 3005.dat
1 15 123.919900 -24.000000 -25.359700 -0.500011 0.000000 0.866019 0.000000 1.000000 0.000000 -0.866019 0.000000 -0.500011 3003.dat
1 15 175.880000 -24.000000 -55.360000 -0.500000 0.000000 0.866000 0.000000 1.000000 0.000000 -0.866000 0.000000 -0.500000 3003.dat
1 4 306.140000 -72.000000 -49.740000 0.866000 0.000000 0.500000 0.000000 1.000000 0.000000 -0.500000 0.000000 0.866000 3005.dat
1 4 287.480000 -72.000000 -62.060000 0.866000 0.000000 0.500000 0.000000 1.000000 0.000000 -0.500000 0.000000 0.866000 3004.dat
1 4 244.180000 -72.000000 -37.060000 0.866000 0.000000 0.500000 0.000000 1.000000 0.000000 -0.500000 0.000000 0.866000 3622.dat
1 4 271.140000 -72.000000 -110.360000 0.500000 0.000000 -0.866000 0.000000 1.000000 0.000000 0.866000 0.000000 0.500000 3010.dat
1 4 381.140000 -72.000000 80.160000 -0.500000 0.000000 0.866000 0.000000 1.000000 0.000000 -0.866000 0.000000 -0.500000 3009.dat
1 4 114.280000 -72.000000 37.940000 0.866000 0.000000 0.500000 0.000000 1.000000 0.000000 -0.500000 0.000000 0.866000 3010.dat
1 4 35.980000 -72.000000 2.320000 -0.500000 0.000000 0.866000 0.000000 1.000000 0.000000 -0.866000 0.000000 -0.500000 3004.dat
1 4 60.980000 -72.000000 45.620000 -0.500000 0.000000 0.866000 0.000000 1.000000 0.000000 -0.866000 0.000000 -0.500000 3622.dat
1 0 363.820000 -72.000000 90.160000 0.500000 0.000000 -0.866000 0.000000 1.000000 0.000000 0.866000 0.000000 0.500000 3010.dat
1 15 184.540000 -48.000000 -60.360000 -0.500000 0.000000 0.866000 0.000000 1.000000 0.000000 -0.866000 0.000000 -0.500000 3004.dat
1 14 253.820000 -32.000000 -100.360000 0.500000 0.000000 -0.866000 0.000000 1.000000 0.000000 0.866000 0.000000 0.500000 3710.dat
1 4 381.140000 -96.000000 80.160000 -0.500000 0.000000 0.866000 0.000000 1.000000 0.000000 -0.866000 0.000000 -0.500000 3009.dat
1 4 252.840000 -96.000000 -42.060000 0.866000 0.000000 0.500000 0.000000 1.000000 0.000000 -0.500000 0.000000 0.866000 3010.dat
1 4 131.600000 -96.000000 27.940000 0.866000 0.000000 0.500000 0.000000 1.000000 0.000000 -0.500000 0.000000 0.866000 3004.dat
1 4 88.300010 -96.000000 52.940000 -0.866000 0.000000 -0.500000 0.000000 1.000000 0.000000 0.500000 0.000000 -0.866000 3622.dat
1 4 60.980000 -96.000000 45.620000 0.866000 0.000000 0.500000 0.000000 1.000000 0.000000 -0.500000 0.000000 0.866000 3005.dat
1 4 30.980000 -96.000000 -6.340000 0.866000 0.000000 0.500000 0.000000 1.000000 0.000000 -0.500000 0.000000 0.866000 3005.dat
1 4 256.140000 -96.000000 -136.340000 0.866000 0.000000 0.500000 0.000000 1.000000 0.000000 -0.500000 0.000000 0.866000 3005.dat
1 4 296.140000 -96.000000 -67.060000 -0.500000 0.000000 0.866000 0.000000 1.000000 0.000000 -0.866000 0.000000 -0.500000 3622.dat
1 15 183.560000 -120.000000 -2.060000 -0.866000 0.000000 -0.500000 0.000000 1.000000 0.000000 0.500000 0.000000 -0.866000 3853.dat
1 15 156.116000 -116.000000 18.404000 0.500000 0.000000 -0.866000 0.000000 1.000000 0.000000 0.866000 0.000000 0.500000 3854.dat
1 15 215.004000 -116.000000 -15.596000 -0.500000 0.000000 0.866000 0.000000 1.000000 0.000000 -0.866000 0.000000 -0.500000 3854.dat
1 0 358.820000 -96.000000 81.500000 0.866000 0.000000 0.500000 0.000000 1.000000 0.000000 -0.500000 0.000000 0.866000 3040b.dat
1 0 368.820000 -96.000000 98.820000 -0.866000 0.000000 -0.500000 0.000000 1.000000 0.000000 0.500000 0.000000 -0.866000 3040b.dat
1 2 225.200000 -120.000000 -9.936000 0.000000 0.000000 -0.999956 0.000000 1.000000 0.000000 0.999956 0.000000 0.000000 3856.dat
1 2 155.920000 -120.000000 30.064000 -0.866000 0.000000 0.499956 0.000000 1.000000 0.000000 -0.499956 0.000000 -0.866000 3856.dat
1 4 256.140000 -120.000000 -136.340000 0.866000 0.000000 0.500000 0.000000 1.000000 0.000000 -0.500000 0.000000 0.866000 3005.dat
1 4 278.820000 -120.000000 -57.060000 -0.866000 0.000000 -0.500000 0.000000 1.000000 0.000000 0.500000 0.000000 -0.866000 3622.dat
1 4 65.980000 -120.000000 54.280000 -0.500000 0.000000 0.866000 0.000000 1.000000 0.000000 -0.866000 0.000000 -0.500000 3004.dat
1 4 235.520000 -120.000000 -32.060000 0.866000 0.000000 0.500000 0.000000 1.000000 0.000000 -0.500000 0.000000 0.866000 3004.dat
1 4 114.280000 -120.000000 37.940000 0.866000 0.000000 0.500000 0.000000 1.000000 0.000000 -0.500000 0.000000 0.866000 3010.dat
1 4 30.980000 -120.000000 -6.340000 0.866000 0.000000 0.500000 0.000000 1.000000 0.000000 -0.500000 0.000000 0.866000 3005.dat
1 4 286.140000 -120.000000 -84.380000 0.866000 0.000000 0.500000 0.000000 1.000000 0.000000 -0.500000 0.000000 0.866000 3005.dat
1 4 406.140000 -120.000000 123.460000 0.866000 0.000000 0.500000 0.000000 1.000000 0.000000 -0.500000 0.000000 0.866000 3005.dat
1 4 381.140000 -120.000000 80.160000 -0.500000 0.000000 0.866000 0.000000 1.000000 0.000000 -0.866000 0.000000 -0.500000 3010.dat
1 15 271.140000 -120.000000 -110.360000 0.500000 0.000000 -0.866000 0.000000 1.000000 0.000000 0.866000 0.000000 0.500000 3081cc01.dat
1 4 331.140000 -144.000000 -6.440000 -0.500000 0.000000 0.866000 0.000000 1.000000 0.000000 -0.866000 0.000000 -0.500000 3307.dat
1 15 45.980000 -120.000000 19.640000 -0.500000 0.000000 0.866000 0.000000 1.000000 0.000000 -0.866000 0.000000 -0.500000 3081cc01.dat
1 0 363.820000 -120.000000 90.160000 0.500000 0.000000 -0.866000 0.000000 1.000000 0.000000 0.866000 0.000000 0.500000 3004.dat
1 4 391.140000 -144.000000 97.480000 -0.500000 0.000000 0.866000 0.000000 1.000000 0.000000 -0.866000 0.000000 -0.500000 3010.dat
1 4 0.000000 -144.000000 0.000000 0.866000 0.000000 0.500000 0.000000 1.000000 0.000000 -0.500000 0.000000 0.866000 3830.dat
1 4 366.140000 -144.000000 54.180000 0.866000 0.000000 0.500000 0.000000 1.000000 0.000000 -0.500000 0.000000 0.866000 3005.dat
1 4 96.960000 -144.000000 47.940000 0.866000 0.000000 0.500000 0.000000 1.000000 0.000000 -0.500000 0.000000 0.866000 3010.dat
1 4 261.500000 -144.000000 -47.060000 -0.866000 0.000000 -0.500000 0.000000 1.000000 0.000000 0.500000 0.000000 -0.866000 3622.dat
1 4 286.140000 -144.000000 -84.380000 -0.500000 0.000000 0.866000 0.000000 1.000000 0.000000 -0.866000 0.000000 -0.500000 3622.dat
1 4 50.980000 -144.000000 28.300000 -0.500000 0.000000 0.866000 0.000000 1.000000 0.000000 -0.866000 0.000000 -0.500000 3622.dat
1 4 261.140000 -144.000000 -127.680000 -0.500000 0.000000 0.866000 0.000000 1.000000 0.000000 -0.866000 0.000000 -0.500000 3004.dat
1 4 200.880000 -144.000000 -12.060000 -0.866000 0.000000 -0.500000 0.000000 1.000000 0.000000 0.500000 0.000000 -0.866000 3297.dat
1 4 148.920000 -144.000000 17.940000 -0.866000 0.000000 -0.500000 0.000000 1.000000 0.000000 0.500000 0.000000 -0.866000 3298.dat
1 0 363.820000 -144.000000 90.160000 0.500000 0.000000 -0.866000 0.000000 1.000000 0.000000 0.866000 0.000000 0.500000 3004.dat
1 1 253.820000 -168.000000 -100.360000 0.500000 0.000000 -0.866000 0.000000 1.000000 0.000000 0.866000 0.000000 0.500000 3297.dat
1 1 283.820000 -168.000000 -48.400000 0.500000 0.000000 -0.866000 0.000000 1.000000 0.000000 0.866000 0.000000 0.500000 3298.dat
1 1 83.300000 -168.000000 44.280000 -0.500000 0.000000 0.866000 0.000000 1.000000 0.000000 -0.866000 0.000000 -0.500000 3297.dat
1 1 53.300000 -168.000000 -7.680000 -0.500000 0.000000 0.866000 0.000000 1.000000 0.000000 -0.866000 0.000000 -0.500000 3298.dat
1 4 148.920000 -168.000000 17.940000 0.866000 0.000000 0.500000 0.000000 1.000000 0.000000 -0.500000 0.000000 0.866000 3009.dat
1 4 235.520000 -168.000000 -32.060000 -0.866000 0.000000 -0.500000 0.000000 1.000000 0.000000 0.500000 0.000000 -0.866000 3010.dat
1 1 209.180000 -192.000000 -97.680000 0.500000 0.000000 -0.866000 0.000000 1.000000 0.000000 0.866000 0.000000 0.500000 3298.dat
1 1 239.180000 -192.000000 -45.720000 0.500000 0.000000 -0.866000 0.000000 1.000000 0.000000 0.866000 0.000000 0.500000 3297.dat
1 1 127.940000 -192.000000 41.600000 -0.500000 0.000000 0.866000 0.000000 1.000000 0.000000 -0.866000 0.000000 -0.500000 3298.dat
1 1 97.939990 -192.000000 -10.360000 -0.500000 0.000000 0.866000 0.000000 1.000000 0.000000 -0.866000 0.000000 -0.500000 3297.dat
1 4 183.560000 -192.000000 -2.060000 0.866000 0.000000 0.500000 0.000000 1.000000 0.000000 -0.500000 0.000000 0.866000 3009.dat
1 4 183.560000 -216.000000 -2.060000 -0.866000 0.000000 -0.500000 0.000000 1.000000 0.000000 0.500000 0.000000 -0.866000 3010.dat
1 1 105.260000 -216.000000 -37.680000 -0.500000 0.000000 0.866000 0.000000 1.000000 0.000000 -0.866000 0.000000 -0.500000 3039.dat
1 1 135.260000 -216.000000 14.280000 -0.500000 0.000000 0.866000 0.000000 1.000000 0.000000 -0.866000 0.000000 -0.500000 3037.dat
1 1 231.860000 -216.000000 -18.400000 0.500000 0.000000 -0.866000 0.000000 1.000000 0.000000 0.866000 0.000000 0.500000 3039.dat
1 1 201.860000 -216.000000 -70.360000 0.500000 0.000000 -0.866000 0.000000 1.000000 0.000000 0.866000 0.000000 0.500000 3037.dat
1 1 204.540000 -240.000000 -25.720000 0.500000 0.000000 -0.866000 0.000000 1.000000 0.000000 0.866000 0.000000 0.500000 3037.dat
1 1 174.540000 -240.000000 -77.680000 0.500000 0.000000 -0.866000 0.000000 1.000000 0.000000 0.866000 0.000000 0.500000 3039.dat
1 1 132.580000 -240.000000 -30.360000 -0.500000 0.000000 0.866000 0.000000 1.000000 0.000000 -0.866000 0.000000 -0.500000 3037.dat
1 1 162.580000 -240.000000 21.600000 -0.500000 0.000000 0.866000 0.000000 1.000000 0.000000 -0.866000 0.000000 -0.500000 3039.dat
1 4 183.560000 -240.000000 -2.060000 -0.866000 0.000000 -0.500000 0.000000 1.000000 0.000000 0.500000 0.000000 -0.866000 3004.dat
1 1 167.220000 -264.000000 -50.360000 0.500000 0.000000 -0.866000 0.000000 1.000000 0.000000 0.866000 0.000000 0.500000 3037.dat
1 1 197.220000 -264.000000 1.600000 0.500000 0.000000 -0.866000 0.000000 1.000000 0.000000 0.866000 0.000000 0.500000 3039.dat
1 1 169.900000 -264.000000 -5.720000 -0.500000 0.000000 0.866000 0.000000 1.000000 0.000000 -0.866000 0.000000 -0.500000 3037.dat
1 1 139.900000 -264.000000 -57.680000 -0.500000 0.000000 0.866000 0.000000 1.000000 0.000000 -0.866000 0.000000 -0.500000 3039.dat
1 1 153.560000 -288.000000 -54.020000 0.500000 0.000000 -0.866000 0.000000 1.000000 0.000000 0.866000 0.000000 0.500000 3042.dat
1 1 183.560000 -288.000000 -2.060000 0.500000 0.000000 -0.866000 0.000000 1.000000 0.000000 0.866000 0.000000 0.500000 3042.dat
1 2 -290.000000 -16.000000 290.000000 1.000000 0.000000 0.000000 0.000000 1.000000 0.000000 0.000000 0.000000 1.000000 3741.dat
1 4 -309.446400 -40.916900 278.864800 0.920430 0.388389 -0.044292 -0.388389 0.895776 -0.216194 -0.044292 0.216194 0.975345 3742.dat
1 4 -269.115200 -44.449120 277.884400 0.913619 -0.403810 0.047298 0.403810 0.887722 -0.221105 0.047298 0.221105 0.974102 3742.dat
1 4 -290.000000 -36.396520 310.263600 1.000000 0.000000 0.000000 0.000000 0.900871 0.434086 0.000000 -0.434086 0.900871 3742.dat
1 2 -290.000000 -16.000000 230.000000 1.000000 0.000000 0.000000 0.000000 1.000000 0.000000 0.000000 0.000000 1.000000 3741.dat
1 14 -269.115200 -44.449100 217.884400 0.913654 -0.403811 0.046610 0.403646 0.887724 -0.221413 0.048031 0.221106 0.974066 3742.dat
1 14 -309.446400 -40.916890 218.864800 0.920396 0.388391 -0.044987 -0.388555 0.895778 -0.215904 -0.043556 0.216195 0.975378 3742.dat
1 14 -290.000000 -36.396510 250.263600 1.000000 0.000000 0.000000 0.000000 0.900875 0.434088 0.000000 -0.434088 0.900870 3742.dat
1 2 -150.000000 -15.999990 290.000000 -1.000000 0.000001 0.000000 0.000002 1.000000 0.000000 0.000000 0.000000 -1.000000 3741.dat
1 4 -150.000000 -36.396500 269.736300 -1.000000 0.000000 0.000000 0.000001 0.900871 0.434087 0.000000 0.434087 -0.900871 3742.dat
1 4 -130.553600 -40.916930 301.135200 -0.920397 -0.388389 0.044986 -0.388552 0.895776 -0.215901 0.043556 -0.216194 -0.975379 3742.dat
1 4 -170.884800 -44.449080 302.115600 -0.913655 0.403811 -0.046609 0.403644 0.887722 -0.221410 -0.048032 -0.221105 -0.974067 3742.dat
1 14 -149.446500 -40.916890 118.864700 0.920430 0.388390 -0.044292 -0.388390 0.895775 -0.216195 -0.044292 0.216195 0.975345 3742.dat
1 14 -109.115200 -44.449120 117.884400 0.913620 -0.403810 0.047298 0.403810 0.887722 -0.221106 0.047297 0.221106 0.974102 3742.dat
1 2 -130.000000 -16.000000 130.000000 1.000000 0.000000 0.000000 0.000000 1.000000 -0.000001 0.000000 0.000001 1.000000 3741.dat
1 14 -130.000000 -36.396540 150.263600 1.000000 0.000000 0.000000 0.000000 0.900871 0.434088 0.000000 -0.434088 0.900871 3742.dat
1 2 -70.000000 -16.000000 150.000000 1.000000 0.000000 0.000000 0.000000 1.000000 0.000000 0.000000 0.000000 1.000000 3741.dat
1 14 -49.115350 -44.449180 137.884400 0.913654 -0.403811 0.046610 0.403646 0.887725 -0.221413 0.048031 0.221106 0.974066 3742.dat
1 14 -89.446550 -40.916950 138.864700 0.920396 0.388390 -0.044987 -0.388555 0.895778 -0.215904 -0.043556 0.216195 0.975378 3742.dat
1 14 -70.000100 -36.396560 170.263500 1.000000 0.000000 0.000000 0.000000 0.900875 0.434088 0.000000 -0.434088 0.900871 3742.dat
1 2 -100.000000 -64.000000 20.000000 -1.000000 0.000000 0.000000 0.000000 1.000000 0.000000 0.000000 0.000000 -1.000000 3741.dat
1 14 -120.884700 -92.449080 32.115580 -0.913655 0.403811 -0.046610 0.403646 0.887724 -0.221413 -0.048031 -0.221106 -0.974066 3742.dat
1 14 -80.553490 -88.916850 31.135220 -0.920396 -0.388391 0.044987 -0.388555 0.895778 -0.215904 0.043556 -0.216195 -0.975378 3742.dat
1 14 -99.999890 -84.396500 -0.263630 -1.000000 0.000000 0.000000 0.000000 0.900874 0.434088 0.000000 0.434088 -0.900871 3742.dat
1 2 239.540000 -16.000000 34.900000 0.866019 0.000000 0.500011 0.000000 1.000000 0.000000 -0.500011 0.000000 0.866019 3741.dat
1 14 251.568600 -44.449100 13.964880 0.815258 -0.239153 0.527409 0.403646 0.887724 -0.221413 -0.415242 0.393393 0.820258 3742.dat
1 14 217.131300 -40.916890 34.980010 0.775302 0.444453 0.448740 -0.388555 0.895778 -0.215904 -0.497929 -0.006970 0.867194 3742.dat
1 14 249.672000 -36.396510 52.448650 0.866019 -0.217049 0.450445 0.000000 0.900875 0.434088 -0.500013 -0.375930 0.780175 3742.dat
1 2 177.580000 -16.000000 47.580000 0.866019 0.000000 0.500011 0.000000 1.000000 0.000000 -0.500011 0.000000 0.866019 3741.dat
1 14 189.608600 -44.449080 26.645410 0.815255 -0.239152 0.527409 0.403646 0.887725 -0.221413 -0.415243 0.393395 0.820264 3742.dat
1 14 155.171600 -40.916880 47.660510 0.775300 0.444451 0.448740 -0.388556 0.895778 -0.215904 -0.497930 -0.006969 0.867199 3742.dat
1 14 187.711900 -36.396510 65.128970 0.866016 -0.217049 0.450445 0.000000 0.900875 0.434088 -0.500015 -0.375933 0.780180 3742.dat
1 2 123.919900 -40.000000 -25.359690 0.500014 0.000000 -0.866017 0.000000 1.000000 0.000000 0.866017 0.000000 0.500014 3741.dat
1 14 144.854400 -68.449160 -13.331710 0.415244 -0.393396 -0.820263 0.403646 0.887725 -0.221413 0.815256 -0.239150 0.527414 3742.dat
1 14 123.839200 -64.916920 -47.768800 0.497934 0.006971 -0.867201 -0.388555 0.895779 -0.215904 0.775299 0.444453 0.448742 3742.dat
1 14 106.370500 -60.396560 -15.228120 0.500018 0.375934 -0.780182 0.000000 0.900875 0.434088 0.866016 -0.217049 0.450448 3742.dat
1 0 253.820100 -56.000000 -100.359800 0.500011 0.000000 -0.866019 0.000000 1.000000 0.000000 0.866019 0.000000 0.500011 3004.dat
1 0 258.820200 -64.000000 -91.699630 0.866019 0.000000 0.500011 0.000000 1.000000 0.000000 -0.500011 0.000000 0.866019 4592c01.dat
1 14 -270.000000 -64.000000 50.000020 0.000000 0.000000 -1.000000 0.000000 1.000000 0.000000 1.000000 0.000000 0.000000 2921.dat
1 14 -270.000000 -64.000000 30.000010 0.000000 0.000000 -1.000000 0.000000 1.000000 0.000000 1.000000 0.000000 0.000000 2921.dat
1 14 -270.000000 -8.000000 40.000000 0.000000 0.000000 -1.000000 0.000000 1.000000 0.000000 1.000000 0.000000 0.000000 3023.dat
1 14 -270.000000 -40.000000 40.000010 0.000000 0.000000 -1.000000 0.000000 1.000000 0.000000 1.000000 0.000000 0.000000 3023.dat
1 1 -160.000000 -288.000000 30.000000 0.000000 0.000000 -1.000000 0.000000 1.000000 0.000000 1.000000 0.000000 0.000000 3042.dat
