0 40138-ChristmasTrain.ldr
0 Name: 40138 - Christmas Train
0 Author: Philippe Hurbain [Philo]
0 Theme: Town
0 CustomBrick

1 4 30.548000 0.000000 203.982000 0.966000 0.000000 0.259000 0.000000 1.000000 0.000000 -0.259000 0.000000 0.966000 60212.dat
1 4 9.828000 0.000000 126.702000 0.966000 0.000000 0.259000 0.000000 1.000000 0.000000 -0.259000 0.000000 0.966000 60212.dat
1 0 48.318220 -8.000000 250.282300 0.866019 0.000000 0.500011 0.000000 1.000000 0.000000 -0.500011 0.000000 0.866019 14417.dat
1 0 7.236860 -8.000000 117.042300 0.965886 0.000000 0.258969 0.000000 1.000000 0.000000 -0.258969 0.000000 0.965886 14417.dat
1 0 -27.942530 21.000000 -32.275420 0.000000 0.000000 1.000000 0.000000 -1.000000 0.000000 1.000000 0.000000 0.000000 50944.dat
1 0 -27.942530 21.000000 27.724580 0.000000 0.000000 1.000000 -0.500000 -0.866000 0.000000 0.866000 -0.500000 0.000000 50944.dat
1 0 -27.942530 21.000000 67.724580 0.000000 0.000000 1.000000 -0.259000 -0.966000 0.000000 0.966000 -0.259000 0.000000 50944.dat
1 0 -19.152000 21.000000 134.472000 -0.259000 0.000000 0.966000 0.000000 1.000000 0.000000 -0.966000 0.000000 -0.259000 50944.dat
1 0 1.568000 21.000000 211.752000 -0.259000 0.000000 0.966000 0.000000 1.000000 0.000000 -0.966000 0.000000 -0.259000 50944.dat
1 0 37.338030 21.000000 291.262500 -0.500000 0.000000 0.866000 0.000000 1.000000 0.000000 -0.866000 0.000000 -0.500000 50944.dat
1 0 77.338020 21.000000 360.542500 -0.500000 0.000000 0.866000 0.000000 1.000000 0.000000 -0.866000 0.000000 -0.500000 50944.dat
1 0 129.298000 21.000000 330.542500 0.500000 0.000000 -0.866000 0.000000 1.000000 0.000000 0.866000 0.000000 0.500000 50944.dat
1 0 89.298020 21.000000 261.262500 0.500000 0.000000 -0.866000 0.000000 1.000000 0.000000 0.866000 0.000000 0.500000 50944.dat
1 0 59.528000 21.000000 196.212000 0.259000 0.000000 -0.966000 0.000000 1.000000 0.000000 0.966000 0.000000 0.259000 50944.dat
1 0 38.808000 21.000000 118.932000 0.259000 0.000000 -0.966000 0.000000 1.000000 0.000000 0.966000 0.000000 0.259000 50944.dat
1 0 32.057470 21.000000 67.724580 0.000000 0.000000 -1.000000 0.259000 0.966000 0.000000 0.966000 -0.259000 0.000000 50944.dat
1 0 32.057470 21.000000 27.724580 0.000000 0.000000 -1.000000 0.000000 1.000000 0.000000 1.000000 0.000000 0.000000 50944.dat
1 0 32.057470 21.000000 -32.275420 0.000000 0.000000 -1.000000 -0.259000 0.966000 0.000000 0.966000 0.259000 0.000000 50944.dat
1 15 221.318000 27.000000 297.832000 0.966000 0.000000 0.259000 0.000000 1.000000 0.000000 -0.259000 0.000000 0.966000 60474.dat
1 15 219.428000 27.000000 329.402000 -0.966000 0.000000 -0.259000 0.000000 1.000000 0.000000 0.259000 0.000000 -0.966000 54200.dat
1 15 233.568000 27.000000 304.902000 0.259000 0.000000 -0.966000 0.000000 1.000000 0.000000 0.966000 0.000000 0.259000 54200.dat
1 4 238.748000 3.000000 324.222000 0.259000 0.000000 -0.966000 0.000000 1.000000 0.000000 0.966000 0.000000 0.259000 3062b.dat
1 70 201.998000 3.000000 303.012000 0.259000 0.000000 -0.966000 0.000000 1.000000 0.000000 0.966000 0.000000 0.259000 6143.dat
1 10 223.208000 19.000000 266.262000 0.259000 0.000000 -0.966000 0.000000 1.000000 0.000000 0.966000 0.000000 0.259000 33291.dat
1 15 223.208000 11.000000 266.262000 0.259000 0.000000 -0.966000 0.000000 1.000000 0.000000 0.966000 0.000000 0.259000 6141.dat
1 0 238.748000 -1.000000 324.222000 0.259000 0.000000 -0.966000 0.000000 1.000000 0.000000 0.966000 0.000000 0.259000 63965.dat
1 19 257.550000 -93.000000 317.110000 0.000000 0.259000 0.966000 1.000000 0.000000 0.000000 0.000000 0.966000 -0.259000 61252.dat
1 19 265.138000 -93.000000 306.792000 -0.966000 0.259000 0.000000 0.000000 0.000000 1.000000 0.259000 0.966000 0.000000 15573.dat
1 19 276.870000 -93.000000 311.930000 0.000000 0.259000 -0.966000 -1.000000 0.000000 0.000000 0.000000 0.966000 0.259000 49668.dat
1 2 201.998000 -5.000000 303.012000 0.000000 0.000000 -1.000237 0.000000 1.000000 0.000000 1.000237 0.000000 0.000000 2435.dat
1 15 263.066300 -93.000010 299.064900 0.965886 0.258969 0.000000 0.000000 0.000000 -1.000000 -0.258969 0.965886 0.000000 98138.dat
1 29 247.708000 19.000000 280.402000 0.259000 0.000000 -0.966000 0.000000 1.000000 0.000000 0.966000 0.000000 0.259000 3024.dat
1 0 247.708000 11.000000 280.402000 0.259000 0.000000 -0.966000 0.000000 1.000000 0.000000 0.966000 0.000000 0.259000 3024.dat
1 29 247.708000 3.000000 280.402000 0.259000 0.000000 -0.966000 0.000000 1.000000 0.000000 0.966000 0.000000 0.259000 3070b.dat
1 15 83.318020 0.000000 310.902500 -0.500000 0.000000 0.866000 0.000000 1.000000 0.000000 -0.866000 0.000000 -0.500000 3034.dat
1 288 48.318030 8.000000 250.282500 0.866000 0.000000 0.500000 0.000000 1.000000 0.000000 -0.500000 0.000000 0.866000 3023.dat
1 288 118.318000 8.000000 371.522500 0.866000 0.000000 0.500000 0.000000 1.000000 0.000000 -0.500000 0.000000 0.866000 3023.dat
1 288 83.318020 8.000000 310.902500 0.866000 0.000000 0.500000 0.000000 1.000000 0.000000 -0.500000 0.000000 0.866000 3020.dat
1 4 63.318030 0.000000 276.262500 0.866000 0.000000 0.500000 0.000000 1.000000 0.000000 -0.500000 0.000000 0.866000 60212.dat
1 4 103.318000 0.000000 345.542500 0.866000 0.000000 0.500000 0.000000 1.000000 0.000000 -0.500000 0.000000 0.866000 60212.dat
1 4 109.298000 0.000000 295.902500 -0.500000 0.000000 0.866000 0.000000 1.000000 0.000000 -0.866000 0.000000 -0.500000 3023.dat
1 4 57.338000 0.000000 325.902500 -0.500000 0.000000 0.866000 0.000000 1.000000 0.000000 -0.866000 0.000000 -0.500000 3023.dat
1 4 58.318030 -8.000000 267.602500 -0.866000 0.000000 -0.500000 0.000000 1.000000 0.000000 0.500000 0.000000 -0.866000 3023.dat
1 0 113.318000 -8.000000 362.862500 -0.866000 0.000000 -0.500000 0.000000 1.000000 0.000000 0.500000 0.000000 -0.866000 63082.dat
1 4 57.338000 -8.000000 325.902500 0.500000 0.000000 -0.866000 0.000000 1.000000 0.000000 0.866000 0.000000 0.500000 3666.dat
1 4 109.298000 -8.000000 295.902500 0.500000 0.000000 -0.866000 0.000000 1.000000 0.000000 0.866000 0.000000 0.500000 3666.dat
1 4 48.318030 -16.000000 250.282500 -0.866000 0.000000 -0.500000 0.000000 1.000000 0.000000 0.500000 0.000000 -0.866000 3023.dat
1 4 118.318000 -16.000000 371.522500 -0.866000 0.000000 -0.500000 0.000000 1.000000 0.000000 0.500000 0.000000 -0.866000 3023.dat
1 4 57.338000 -16.000000 325.902500 0.500000 0.000000 -0.866000 0.000000 1.000000 0.000000 0.866000 0.000000 0.500000 3460.dat
1 4 109.298000 -16.000000 295.902500 0.500000 0.000000 -0.866000 0.000000 1.000000 0.000000 0.866000 0.000000 0.500000 3460.dat
1 297 144.298000 -8.000000 356.522500 0.500000 0.000000 -0.866000 0.000000 1.000000 0.000000 0.866000 0.000000 0.500000 3024.dat
1 297 92.338020 -8.000000 386.522500 0.500000 0.000000 -0.866000 0.000000 1.000000 0.000000 0.866000 0.000000 0.500000 3024.dat
1 297 118.318000 -40.000000 371.522500 -0.866000 0.000000 -0.500000 0.000000 1.000000 0.000000 0.500000 0.000000 -0.866000 3633.dat
1 297 48.318050 -40.000000 250.282500 0.866000 0.000000 0.500000 0.000000 1.000000 0.000000 -0.500000 0.000000 0.866000 3633.dat
1 288 58.318030 -32.000000 267.602500 0.866000 0.000000 0.500000 0.000000 1.000000 0.000000 -0.500000 0.000000 0.866000 3004.dat
1 288 108.318000 -32.000000 354.202500 0.866000 0.000000 0.500000 0.000000 1.000000 0.000000 -0.500000 0.000000 0.866000 3004.dat
1 15 84.298020 -24.000000 252.602500 -0.866000 0.000000 -0.500000 0.000000 1.000000 0.000000 0.500000 0.000000 -0.866000 6141.dat
1 4 84.298020 -32.000000 252.602500 -0.866000 0.000000 -0.500000 0.000000 1.000000 0.000000 0.500000 0.000000 -0.866000 6141.dat
1 297 84.298020 -40.000000 252.602500 -0.866000 0.000000 -0.500000 0.000000 1.000000 0.000000 0.500000 0.000000 -0.866000 6141.dat
1 15 134.298000 -24.000000 339.202500 -0.866000 0.000000 -0.500000 0.000000 1.000000 0.000000 0.500000 0.000000 -0.866000 6141.dat
1 4 134.298000 -32.000000 339.202500 -0.866000 0.000000 -0.500000 0.000000 1.000000 0.000000 0.500000 0.000000 -0.866000 6141.dat
1 297 134.298000 -40.000000 339.202500 -0.866000 0.000000 -0.500000 0.000000 1.000000 0.000000 0.500000 0.000000 -0.866000 6141.dat
1 15 82.338020 -24.000000 369.202500 -0.866000 0.000000 -0.500000 0.000000 1.000000 0.000000 0.500000 0.000000 -0.866000 6141.dat
1 4 82.338020 -32.000000 369.202500 -0.866000 0.000000 -0.500000 0.000000 1.000000 0.000000 0.500000 0.000000 -0.866000 6141.dat
1 297 82.338020 -40.000000 369.202500 -0.866000 0.000000 -0.500000 0.000000 1.000000 0.000000 0.500000 0.000000 -0.866000 6141.dat
1 15 32.338030 -24.000000 282.602500 -0.866000 0.000000 -0.500000 0.000000 1.000000 0.000000 0.500000 0.000000 -0.866000 6141.dat
1 4 32.338030 -32.000000 282.602500 -0.866000 0.000000 -0.500000 0.000000 1.000000 0.000000 0.500000 0.000000 -0.866000 6141.dat
1 297 32.338030 -40.000000 282.602500 -0.866000 0.000000 -0.500000 0.000000 1.000000 0.000000 0.500000 0.000000 -0.866000 6141.dat
1 15 32.338030 -64.000000 282.602500 -0.866000 0.000000 -0.500000 0.000000 1.000000 0.000000 0.500000 0.000000 -0.866000 3062b.dat
1 15 82.338020 -64.000000 369.202500 -0.866000 0.000000 -0.500000 0.000000 1.000000 0.000000 0.500000 0.000000 -0.866000 3062b.dat
1 15 134.298000 -64.000000 339.202500 -0.866000 0.000000 -0.500000 0.000000 1.000000 0.000000 0.500000 0.000000 -0.866000 3062b.dat
1 15 84.298020 -64.000000 252.602500 -0.866000 0.000000 -0.500000 0.000000 1.000000 0.000000 0.500000 0.000000 -0.866000 3062b.dat
1 47 58.318030 -56.000000 267.602500 -0.866000 0.000000 -0.500000 0.000000 1.000000 0.000000 0.500000 0.000000 -0.866000 3065.dat
1 47 108.318000 -56.000000 354.202500 -0.866000 0.000000 -0.500000 0.000000 1.000000 0.000000 0.500000 0.000000 -0.866000 3065.dat
1 288 58.318030 -64.000000 267.602500 -0.866000 0.000000 -0.500000 0.000000 1.000000 0.000000 0.500000 0.000000 -0.866000 3023.dat
1 288 108.318000 -64.000000 354.202500 -0.866000 0.000000 -0.500000 0.000000 1.000000 0.000000 0.500000 0.000000 -0.866000 3023.dat
1 4 99.298020 -64.000000 278.582500 0.500000 0.000000 -0.866000 0.000000 1.000000 0.000000 0.866000 0.000000 0.500000 60592c01.dat
1 4 119.298000 -64.000000 313.222500 0.500000 0.000000 -0.866000 0.000000 1.000000 0.000000 0.866000 0.000000 0.500000 60592c01.dat
1 4 67.338020 -64.000000 343.222500 -0.500000 0.000000 0.866000 0.000000 1.000000 0.000000 -0.866000 0.000000 -0.500000 60592c01.dat
1 4 47.338000 -64.000000 308.582500 -0.500000 0.000000 0.866000 0.000000 1.000000 0.000000 -0.866000 0.000000 -0.500000 60592c01.dat
1 4 100.638000 -72.000000 300.902500 -0.500000 0.000000 0.866000 0.000000 1.000000 0.000000 -0.866000 0.000000 -0.500000 3795.dat
1 4 65.998020 -72.000000 320.902500 -0.500000 0.000000 0.866000 0.000000 1.000000 0.000000 -0.866000 0.000000 -0.500000 3795.dat
1 4 83.318020 -80.000000 310.902500 -0.866000 0.000000 -0.500000 0.000000 1.000000 0.000000 0.500000 0.000000 -0.866000 3020.dat
1 15 98.318020 -80.000000 336.882500 -0.866000 0.000000 -0.500000 0.000000 1.000000 0.000000 0.500000 0.000000 -0.866000 3023.dat
1 15 68.318020 -80.000000 284.922500 -0.866000 0.000000 -0.500000 0.000000 1.000000 0.000000 0.500000 0.000000 -0.866000 3023.dat
1 288 108.318000 -80.000000 354.202500 -0.866000 0.000000 -0.500000 0.000000 1.000000 0.000000 0.500000 0.000000 -0.866000 3023.dat
1 288 58.318030 -80.000000 267.602500 -0.866000 0.000000 -0.500000 0.000000 1.000000 0.000000 0.500000 0.000000 -0.866000 3023.dat
1 0 103.318000 16.000000 345.542500 -0.866000 0.000000 -0.500000 0.000000 1.000000 0.000000 0.500000 0.000000 -0.866000 4600.dat
1 0 63.318030 16.000000 276.262500 -0.866000 0.000000 -0.500000 0.000000 1.000000 0.000000 0.500000 0.000000 -0.866000 4600.dat
1 288 85.998030 -72.000000 355.542500 -0.500000 0.000000 0.866000 0.000000 1.000000 0.000000 -0.866000 0.000000 -0.500000 15068.dat
1 288 45.998030 -72.000000 286.262500 -0.500000 0.000000 0.866000 0.000000 1.000000 0.000000 -0.866000 0.000000 -0.500000 15068.dat
1 288 80.638020 -72.000000 266.262500 0.500000 0.000000 -0.866000 0.000000 1.000000 0.000000 0.866000 0.000000 0.500000 15068.dat
1 288 120.638000 -72.000000 335.542500 0.500000 0.000000 -0.866000 0.000000 1.000000 0.000000 0.866000 0.000000 0.500000 15068.dat
1 47 57.338000 -88.000000 325.902500 0.500000 0.000000 -0.866000 0.000000 1.000000 0.000000 0.866000 0.000000 0.500000 3023.dat
1 47 109.298000 -88.000000 295.902500 0.500000 0.000000 -0.866000 0.000000 1.000000 0.000000 0.866000 0.000000 0.500000 3023.dat
1 4 83.318020 -104.000000 310.902500 0.500000 0.000000 -0.866000 0.000000 1.000000 0.000000 0.866000 0.000000 0.500000 3003.dat
1 47 57.338000 -96.000000 325.902500 0.500000 0.000000 -0.866000 0.000000 1.000000 0.000000 0.866000 0.000000 0.500000 3023.dat
1 47 109.298000 -96.000000 295.902500 0.500000 0.000000 -0.866000 0.000000 1.000000 0.000000 0.866000 0.000000 0.500000 3023.dat
1 288 100.638000 -96.000000 300.902500 0.500000 0.000000 -0.866000 0.000000 1.000000 0.000000 0.866000 0.000000 0.500000 15068.dat
1 288 65.998020 -96.000000 320.902500 -0.500000 0.000000 0.866000 0.000000 1.000000 0.000000 -0.866000 0.000000 -0.500000 15068.dat
1 15 20.188000 0.000000 165.342000 -0.259000 0.000000 0.966000 0.000000 1.000000 0.000000 -0.966000 0.000000 -0.259000 3795.dat
1 288 20.188000 8.000000 165.342000 0.966000 0.000000 0.259000 0.000000 1.000000 0.000000 -0.259000 0.000000 0.966000 3020.dat
1 4 -8.792000 0.000000 173.112000 -0.259000 0.000000 0.966000 0.000000 1.000000 0.000000 -0.966000 0.000000 -0.259000 3023.dat
1 4 49.168000 0.000000 157.572000 -0.259000 0.000000 0.966000 0.000000 1.000000 0.000000 -0.966000 0.000000 -0.259000 3023.dat
1 297 4.158000 -8.000000 221.412000 -0.259000 0.000000 0.966000 0.000000 1.000000 0.000000 -0.966000 0.000000 -0.259000 3024.dat
1 297 62.118000 -8.000000 205.872000 -0.259000 0.000000 0.966000 0.000000 1.000000 0.000000 -0.966000 0.000000 -0.259000 3024.dat
1 0 30.548000 -8.000000 203.982000 -0.966000 0.000000 -0.259000 0.000000 1.000000 0.000000 0.259000 0.000000 -0.966000 63082.dat
1 4 -8.792000 -8.000000 173.112000 0.259000 0.000000 -0.966000 0.000000 1.000000 0.000000 0.966000 0.000000 0.259000 3710.dat
1 4 49.168000 -8.000000 157.572000 0.259000 0.000000 -0.966000 0.000000 1.000000 0.000000 0.966000 0.000000 0.259000 3710.dat
1 4 -8.792000 -16.000000 173.112000 0.259000 0.000000 -0.966000 0.000000 1.000000 0.000000 0.966000 0.000000 0.259000 3666.dat
1 4 49.168000 -16.000000 157.572000 0.259000 0.000000 -0.966000 0.000000 1.000000 0.000000 0.966000 0.000000 0.259000 3666.dat
1 4 7.238000 -16.000000 117.042000 -0.966000 0.000000 -0.259000 0.000000 1.000000 0.000000 0.259000 0.000000 -0.966000 3023.dat
1 4 33.138000 -16.000000 213.642000 -0.966000 0.000000 -0.259000 0.000000 1.000000 0.000000 0.259000 0.000000 -0.966000 3023.dat
1 15 33.138000 -24.000000 213.642000 -0.966000 0.000000 -0.259000 0.000000 1.000000 0.000000 0.259000 0.000000 -0.966000 3023.dat
1 15 7.238000 -24.000000 117.042000 -0.966000 0.000000 -0.259000 0.000000 1.000000 0.000000 0.259000 0.000000 -0.966000 3023.dat
1 15 62.118000 -24.000000 205.872000 -0.966000 0.000000 -0.259000 0.000000 1.000000 0.000000 0.259000 0.000000 -0.966000 6141.dat
1 15 36.218000 -24.000000 109.272000 -0.966000 0.000000 -0.259000 0.000000 1.000000 0.000000 0.259000 0.000000 -0.966000 6141.dat
1 15 4.158000 -24.000000 221.412000 -0.966000 0.000000 -0.259000 0.000000 1.000000 0.000000 0.259000 0.000000 -0.966000 6141.dat
1 15 -21.742000 -24.000000 124.812000 -0.966000 0.000000 -0.259000 0.000000 1.000000 0.000000 0.259000 0.000000 -0.966000 6141.dat
1 4 -21.742000 -32.000000 124.812000 -0.966000 0.000000 -0.259000 0.000000 1.000000 0.000000 0.259000 0.000000 -0.966000 6141.dat
1 4 36.218000 -32.000000 109.272000 -0.966000 0.000000 -0.259000 0.000000 1.000000 0.000000 0.259000 0.000000 -0.966000 6141.dat
1 4 4.158000 -32.000000 221.412000 -0.966000 0.000000 -0.259000 0.000000 1.000000 0.000000 0.259000 0.000000 -0.966000 6141.dat
1 4 62.118000 -32.000000 205.872000 -0.966000 0.000000 -0.259000 0.000000 1.000000 0.000000 0.259000 0.000000 -0.966000 6141.dat
1 4 7.238000 -48.000000 117.042000 -0.966000 0.000000 -0.259000 0.000000 1.000000 0.000000 0.259000 0.000000 -0.966000 4865b.dat
1 4 33.138000 -48.000000 213.642000 0.966000 0.000000 0.259000 0.000000 1.000000 0.000000 -0.259000 0.000000 0.966000 4865b.dat
1 288 49.168000 -48.000000 157.572000 0.259000 0.000000 -0.966000 0.000000 1.000000 0.000000 0.966000 0.000000 0.259000 6191.dat
1 288 -8.792000 -48.000000 173.112000 -0.259000 0.000000 0.966000 0.000000 1.000000 0.000000 -0.966000 0.000000 -0.259000 6191.dat
1 297 36.218000 -40.000000 109.272000 -0.966000 0.000000 -0.259000 0.000000 1.000000 0.000000 0.259000 0.000000 -0.966000 6141.dat
1 297 -21.742000 -40.000000 124.812000 -0.966000 0.000000 -0.259000 0.000000 1.000000 0.000000 0.259000 0.000000 -0.966000 6141.dat
1 297 4.158000 -40.000000 221.412000 -0.966000 0.000000 -0.259000 0.000000 1.000000 0.000000 0.259000 0.000000 -0.966000 6141.dat
1 297 62.118000 -40.000000 205.872000 -0.966000 0.000000 -0.259000 0.000000 1.000000 0.000000 0.259000 0.000000 -0.966000 6141.dat
1 0 30.548000 16.000000 203.982000 -0.966000 0.000000 -0.259000 0.000000 1.000000 0.000000 0.259000 0.000000 -0.966000 4600.dat
1 0 9.828000 16.000000 126.702000 -0.966000 0.000000 -0.259000 0.000000 1.000000 0.000000 0.259000 0.000000 -0.966000 4600.dat
1 15 2.057470 0.000000 7.724580 0.000000 0.000000 1.000000 0.000000 1.000000 0.000000 -1.000000 0.000000 0.000000 3795.dat
1 4 2.057470 0.000000 -32.275420 -1.000000 0.000000 0.000000 0.000000 1.000000 0.000000 0.000000 0.000000 -1.000000 60212.dat
1 4 2.057470 8.000000 -2.275420 -1.000000 0.000000 0.000000 0.000000 1.000000 0.000000 0.000000 0.000000 -1.000000 3710.dat
1 4 -27.942530 0.000000 -2.275420 -1.000000 0.000000 0.000000 0.000000 1.000000 0.000000 0.000000 0.000000 -1.000000 3024.dat
1 4 32.057470 0.000000 -2.275420 -1.000000 0.000000 0.000000 0.000000 1.000000 0.000000 0.000000 0.000000 -1.000000 3024.dat
1 4 2.057470 0.000000 27.724580 -1.000000 0.000000 0.000000 0.000000 1.000000 0.000000 0.000000 0.000000 -1.000000 60212.dat
1 4 2.057470 0.000000 67.724580 -1.000000 0.000000 0.000000 0.000000 1.000000 0.000000 0.000000 0.000000 -1.000000 60212.dat
1 0 2.057470 16.000000 -32.275420 -1.000000 0.000000 0.000000 0.000000 1.000000 0.000000 0.000000 0.000000 -1.000000 4600.dat
1 0 2.057470 16.000000 27.724580 -1.000000 0.000000 0.000000 0.000000 1.000000 0.000000 0.000000 0.000000 -1.000000 4600.dat
1 0 2.057470 16.000000 67.724580 -1.000000 0.000000 0.000000 0.000000 1.000000 0.000000 0.000000 0.000000 -1.000000 4600.dat
1 288 2.057470 16.000000 -2.275420 1.000000 0.000000 0.000000 0.000000 1.000000 0.000000 0.000000 0.000000 1.000000 3023.dat
1 15 2.057470 0.000000 77.724580 1.000000 0.000000 0.000000 0.000000 1.000000 0.000000 0.000000 0.000000 1.000000 3023.dat
1 0 2.057470 -8.000000 67.724580 -1.000000 0.000000 0.000000 0.000000 1.000000 0.000000 0.000000 0.000000 -1.000000 63082.dat
1 288 2.057470 -8.000000 37.724580 1.000000 0.000000 0.000000 0.000000 1.000000 0.000000 0.000000 0.000000 1.000000 3023.dat
1 297 32.057470 -8.000000 77.724580 1.000000 0.000000 0.000000 0.000000 1.000000 0.000000 0.000000 0.000000 1.000000 3024.dat
1 297 -27.942530 -8.000000 77.724580 1.000000 0.000000 0.000000 0.000000 1.000000 0.000000 0.000000 0.000000 1.000000 3024.dat
1 297 32.057470 -8.000000 47.724580 0.000000 0.000000 -1.000000 0.000000 1.000000 0.000000 1.000000 0.000000 0.000000 48336.dat
1 297 -27.942530 -8.000000 47.724580 0.000000 0.000000 1.000000 0.000000 1.000000 0.000000 -1.000000 0.000000 0.000000 48336.dat
1 4 2.057470 -8.000000 -12.275420 0.000000 0.000000 1.000000 0.000000 1.000000 0.000000 -1.000000 0.000000 0.000000 3031.dat
1 4 2.057470 -16.000000 37.724580 -1.000000 0.000000 0.000000 0.000000 1.000000 0.000000 0.000000 0.000000 -1.000000 3710.dat
1 15 2.057470 -16.000000 -2.275420 0.000000 0.000000 -1.000000 0.000000 1.000000 0.000000 1.000000 0.000000 0.000000 3021.dat
1 4 2.057470 -16.000000 67.724580 -1.000000 0.000000 0.000000 0.000000 1.000000 0.000000 0.000000 0.000000 -1.000000 3020.dat
1 4 32.057470 -16.000000 -22.275420 -1.000000 0.000000 0.000000 0.000000 1.000000 0.000000 0.000000 0.000000 -1.000000 15712.dat
1 4 32.057470 -16.000000 17.724580 -1.000000 0.000000 0.000000 0.000000 1.000000 0.000000 0.000000 0.000000 -1.000000 15712.dat
1 4 -27.942530 -16.000000 17.724580 -1.000000 0.000000 0.000000 0.000000 1.000000 0.000000 0.000000 0.000000 -1.000000 15712.dat
1 4 -27.942530 -16.000000 -22.275420 -1.000000 0.000000 0.000000 0.000000 1.000000 0.000000 0.000000 0.000000 -1.000000 15712.dat
1 4 32.057470 -16.000000 -42.275420 -1.000000 0.000000 0.000000 0.000000 1.000000 0.000000 0.000000 0.000000 -1.000000 3070b.dat
1 4 32.057470 -16.000000 -2.275420 -1.000000 0.000000 0.000000 0.000000 1.000000 0.000000 0.000000 0.000000 -1.000000 3070b.dat
1 4 -27.942530 -16.000000 -2.275420 -1.000000 0.000000 0.000000 0.000000 1.000000 0.000000 0.000000 0.000000 -1.000000 3070b.dat
1 4 -27.942530 -16.000000 -42.275420 -1.000000 0.000000 0.000000 0.000000 1.000000 0.000000 0.000000 0.000000 -1.000000 3070b.dat
1 4 2.057470 -16.000000 -42.275420 1.000000 0.000000 0.000000 0.000000 1.000000 0.000000 0.000000 0.000000 1.000000 93274.dat
1 0 -27.942530 14.000000 -64.275420 0.000000 0.000000 1.000000 1.000000 0.000000 0.000000 0.000000 1.000000 0.000000 6141.dat
1 0 32.057470 14.000000 -64.275420 0.000000 0.000000 1.000000 1.000000 0.000000 0.000000 0.000000 1.000000 0.000000 6141.dat
1 47 -27.942530 -6.000000 -64.275420 0.000000 0.000000 1.000000 1.000000 0.000000 0.000000 0.000000 1.000000 0.000000 98138.dat
1 47 32.057470 -6.000000 -64.275420 0.000000 0.000000 1.000000 1.000000 0.000000 0.000000 0.000000 1.000000 0.000000 98138.dat
1 0 2.057470 4.000000 -64.275420 0.000000 0.000000 1.000000 1.000000 0.000000 0.000000 0.000000 1.000000 0.000000 3022.dat
1 0 -27.942530 14.000000 -72.275420 0.000000 0.000000 1.000000 1.000000 0.000000 0.000000 0.000000 1.000000 0.000000 6141.dat
1 0 32.057470 14.000000 -72.275420 0.000000 0.000000 1.000000 1.000000 0.000000 0.000000 0.000000 1.000000 0.000000 6141.dat
1 0 -7.942530 4.000000 -64.275420 -1.000000 0.000000 0.000000 0.000000 0.000000 1.000000 0.000000 1.000000 0.000000 61409.dat
1 0 12.057470 4.000000 -64.275420 -1.000000 0.000000 0.000000 0.000000 0.000000 1.000000 0.000000 1.000000 0.000000 61409.dat
1 15 2.057470 -24.000000 57.724580 0.000000 0.000000 -1.000000 0.000000 1.000000 0.000000 1.000000 0.000000 0.000000 3021.dat
1 288 -7.942530 -24.000000 -12.275420 0.000000 0.000000 -1.000000 0.000000 1.000000 0.000000 1.000000 0.000000 0.000000 2431.dat
1 288 12.057470 -24.000000 -12.275420 0.000000 0.000000 -1.000000 0.000000 1.000000 0.000000 1.000000 0.000000 0.000000 2431.dat
1 15 32.057470 -24.000000 77.724580 0.000000 0.000000 -1.000000 0.000000 1.000000 0.000000 1.000000 0.000000 0.000000 6141.dat
1 4 32.057470 -32.000000 77.724580 0.000000 0.000000 -1.000000 0.000000 1.000000 0.000000 1.000000 0.000000 0.000000 6141.dat
1 297 32.057470 -40.000000 77.724580 1.000000 0.000000 0.000000 0.000000 1.000000 0.000000 0.000000 0.000000 1.000000 6141.dat
1 15 32.057470 -64.000000 77.724580 1.000000 0.000000 0.000000 0.000000 1.000000 0.000000 0.000000 0.000000 1.000000 3062b.dat
1 15 -27.942530 -24.000000 77.724580 0.000000 0.000000 -1.000000 0.000000 1.000000 0.000000 1.000000 0.000000 0.000000 6141.dat
1 4 -27.942530 -32.000000 77.724580 0.000000 0.000000 -1.000000 0.000000 1.000000 0.000000 1.000000 0.000000 0.000000 6141.dat
1 297 -27.942530 -40.000000 77.724580 1.000000 0.000000 0.000000 0.000000 1.000000 0.000000 0.000000 0.000000 1.000000 6141.dat
1 15 -27.942530 -64.000000 77.724580 1.000000 0.000000 0.000000 0.000000 1.000000 0.000000 0.000000 0.000000 1.000000 3062b.dat
1 4 32.057470 -64.000000 47.724580 0.000000 0.000000 -1.000000 0.000000 1.000000 0.000000 1.000000 0.000000 0.000000 60592c01.dat
1 4 -27.942530 -64.000000 47.724580 0.000000 0.000000 1.000000 0.000000 1.000000 0.000000 -1.000000 0.000000 0.000000 60592c01.dat
1 297 32.057470 -22.000000 27.724580 0.000000 0.000000 1.000000 -1.000000 0.000000 0.000000 0.000000 -1.000000 0.000000 30374.dat
1 297 -27.942530 -22.000000 27.724580 0.000000 0.000000 1.000000 -1.000000 0.000000 0.000000 0.000000 -1.000000 0.000000 30374.dat
1 0 2.057470 -32.000000 37.724580 1.000000 0.000000 0.000000 0.000000 1.000000 0.000000 0.000000 0.000000 1.000000 99207.dat
1 4 2.057470 -44.000000 -0.275420 1.000000 0.000000 0.000000 0.000000 0.000000 -1.000000 0.000000 1.000000 0.000000 6143.dat
1 4 2.057470 -44.000000 -24.275420 1.000000 0.000000 0.000000 0.000000 0.000000 -1.000000 0.000000 1.000000 0.000000 6143.dat
1 4 2.057470 -54.000000 -32.275420 -1.000000 0.000000 0.000000 0.000000 0.000000 1.000000 0.000000 1.000000 0.000000 99780.dat
1 4 2.057470 -34.000000 -32.275420 -1.000000 0.000000 0.000000 0.000000 0.000000 1.000000 0.000000 1.000000 0.000000 3023.dat
1 4 2.057470 -44.000000 -40.275420 -1.000000 0.000000 0.000000 0.000000 0.000000 1.000000 0.000000 1.000000 0.000000 4032a.dat
1 288 2.057470 -44.000000 -48.275420 -1.000000 0.000000 0.000000 0.000000 0.000000 1.000000 0.000000 1.000000 0.000000 4032a.dat
1 297 2.057470 -44.000000 -64.275420 0.000000 0.000000 -1.000000 -1.000000 0.000000 0.000000 0.000000 1.000000 0.000000 4740.dat
1 47 2.057470 -44.000000 -72.275420 0.000000 0.000000 1.000000 1.000000 0.000000 0.000000 0.000000 1.000000 0.000000 98138.dat
1 4 2.057470 -72.000000 47.724580 0.000000 0.000000 1.000000 0.000000 1.000000 0.000000 -1.000000 0.000000 0.000000 3031.dat
1 288 -17.942530 -72.000000 47.724580 0.000000 0.000000 1.000000 0.000000 1.000000 0.000000 -1.000000 0.000000 0.000000 88930.dat
1 288 22.057470 -72.000000 47.724580 0.000000 0.000000 -1.000000 0.000000 1.000000 0.000000 1.000000 0.000000 0.000000 88930.dat
1 4 2.057470 -76.000000 -34.275420 1.000000 0.000000 0.000000 0.000000 1.000000 0.000000 0.000000 0.000000 1.000000 15573.dat
1 4 2.057470 -100.000000 -34.275420 1.000000 0.000000 0.000000 0.000000 1.000000 0.000000 0.000000 0.000000 1.000000 3062b.dat
1 297 2.057470 -108.000000 -34.275420 1.000000 0.000000 0.000000 0.000000 1.000000 0.000000 0.000000 0.000000 1.000000 6141.dat
1 15 2.057470 -116.000000 -34.275420 1.000000 0.000000 0.000000 0.000000 1.000000 0.000000 0.000000 0.000000 1.000000 6254.dat
1 27 2.758000 -8.000000 138.952000 0.966000 0.000000 0.259000 0.000000 1.000000 0.000000 -0.259000 0.000000 0.966000 3024.dat
1 0 2.758000 -16.000000 138.952000 0.966000 0.000000 0.259000 0.000000 1.000000 0.000000 -0.259000 0.000000 0.966000 3024.dat
1 27 2.758000 -24.000000 138.952000 0.966000 0.000000 0.259000 0.000000 1.000000 0.000000 -0.259000 0.000000 0.966000 3070b.dat
1 4 24.143000 -17.000000 183.955000 0.966056 0.129353 -0.224028 0.000000 0.866000 0.500000 0.258706 -0.483028 0.836647 6141.dat
1 2 23.108180 -23.928000 187.819200 0.966056 0.129353 -0.224028 0.000000 0.866000 0.500000 0.258706 -0.483028 0.836647 6141.dat
1 15 22.073350 -30.856000 191.683500 0.966056 0.129353 -0.224028 0.000000 0.866000 0.500000 0.258706 -0.483028 0.836647 6141.dat
1 4 21.038530 -37.784000 195.547700 0.966056 0.129353 -0.224028 0.000000 0.866000 0.500000 0.258706 -0.483028 0.836647 6141.dat
1 2 20.003700 -44.712000 199.411900 0.966056 0.129353 -0.224028 0.000000 0.866000 0.500000 0.258706 -0.483028 0.836647 6141.dat
1 15 18.968880 -51.640000 203.276100 0.966056 0.129353 -0.224028 0.000000 0.866000 0.500000 0.258706 -0.483028 0.836647 6141.dat
1 4 10.349020 -69.352000 235.466000 0.966056 0.129353 -0.224028 0.000000 0.866000 0.500000 0.258706 -0.483028 0.836647 6091.dat
1 4 10.349020 -69.352000 235.466000 0.966056 0.129353 -0.224028 0.000000 0.866000 0.500000 0.258706 -0.483028 0.836647 3070b.dat
1 125 15.806000 -14.000000 164.446000 0.866558 -0.499989 0.000000 0.500000 0.866000 0.000000 -0.000399 0.000483 1.000237 3024.dat
1 0 19.805910 -20.928000 164.442100 0.866558 -0.499989 0.000000 0.500000 0.866000 0.000000 -0.000399 0.000483 1.000237 3024.dat
1 125 23.805820 -27.856000 164.438300 0.866558 -0.499989 0.000000 0.500000 0.866000 0.000000 -0.000399 0.000483 1.000237 3070b.dat
1 15 43.225000 -62.000000 193.335000 0.939603 0.279804 0.199689 0.035000 0.500000 -0.865000 -0.342006 0.819602 0.459004 3900.dat
1 31 31.472000 -42.000000 172.671000 0.671370 0.694554 0.259000 -0.719000 0.695000 0.000000 -0.180005 -0.186221 0.966000 33291.dat
1 29 31.472000 -42.000000 172.671000 0.671370 0.694554 0.259000 -0.719000 0.695000 0.000000 -0.180005 -0.186221 0.966000 15470.dat
1 19 24.339000 -35.000000 138.343000 0.962136 -0.014063 0.272412 0.087000 0.962000 -0.258000 -0.257964 0.271950 0.927199 11610.dat
1 70 24.339000 -35.000000 138.343000 0.962136 -0.014063 0.272412 0.087000 0.962000 -0.258000 -0.257964 0.271950 0.927199 15470.dat
1 84 13.000000 -28.309340 126.000000 1.000000 0.000000 0.000000 0.000000 1.000000 0.000000 0.000000 0.000000 1.000000 98138.dat
1 84 27.000000 -44.041770 163.000000 1.000000 0.000000 0.000000 0.000000 1.000000 0.000000 0.000000 0.000000 1.000000 98138.dat
1 15 40.986130 -65.996980 186.776700 0.939018 0.279858 0.199810 0.035269 0.499621 -0.865526 -0.342054 0.819792 0.459283 98138.dat
1 15 2.057470 -44.000000 -56.275420 1.000000 0.000000 0.000000 0.000000 0.000000 -1.000000 0.000000 1.000000 0.000000 18674.dat
1 297 -21.742000 -8.000000 124.812000 -0.258969 0.000000 0.965886 0.000000 1.000000 0.000000 -0.965886 0.000000 -0.258969 3024.dat
1 297 22.338000 -8.000000 265.282500 -0.500011 0.000000 0.866019 0.000000 1.000000 0.000000 -0.866019 0.000000 -0.500011 3024.dat
1 297 74.298020 -8.000000 235.282500 -0.500011 0.000000 0.866019 0.000000 1.000000 0.000000 -0.866019 0.000000 -0.500011 3024.dat
1 297 36.218000 -8.000000 109.272000 -0.258969 0.000000 0.965886 0.000000 1.000000 0.000000 -0.965886 0.000000 -0.258969 3024.dat
