0 40335-SpaceRocketRide.ldr
0 Name: 40335 - Space Rocket Ride
0 Author: Marc Giraudet [Mad_Marc]
0 Theme: Town
0 CustomBrick

1 0 0.000000 0.000000 0.000000 1.000000 0.000000 0.000000 0.000000 1.000000 0.000000 0.000000 0.000000 1.000000 3033.dat
1 71 0.000000 -8.000000 50.000000 1.000000 0.000000 0.000000 0.000000 1.000000 0.000000 0.000000 0.000000 1.000000 3666.dat
1 71 -90.000000 -8.000000 50.000000 0.000000 0.000000 1.000000 0.000000 1.000000 0.000000 -1.000000 0.000000 0.000000 2420.dat
1 71 -90.000000 -8.000000 -10.000000 1.000000 0.000000 0.000000 0.000000 1.000000 0.000000 0.000000 0.000000 1.000000 2420.dat
1 71 90.000000 -8.000000 50.000000 -1.000000 0.000000 0.000000 0.000000 1.000000 0.000000 0.000000 0.000000 -1.000000 2420.dat
1 71 90.000000 -8.000000 -10.000000 0.000000 0.000000 -1.000000 0.000000 1.000000 0.000000 1.000000 0.000000 0.000000 2420.dat
1 272 80.000000 -8.000000 -50.000000 0.000000 0.000000 -1.000000 0.000000 1.000000 0.000000 1.000000 0.000000 0.000000 3021.dat
1 0 80.000000 0.000000 -70.000000 1.000000 0.000000 0.000000 0.000000 1.000000 0.000000 0.000000 0.000000 1.000000 3023.dat
1 72 -20.000000 -8.000000 -30.000000 -1.000000 0.000000 0.000000 0.000000 1.000000 0.000000 0.000000 0.000000 -1.000000 4162.dat
1 72 -20.000000 -8.000000 -50.000000 -1.000000 0.000000 0.000000 0.000000 1.000000 0.000000 0.000000 0.000000 -1.000000 4162.dat
1 14 -90.000000 -32.000000 20.000000 0.000000 0.000000 -1.000000 0.000000 1.000000 0.000000 1.000000 0.000000 0.000000 3004.dat
1 14 90.000000 -32.000000 20.000000 0.000000 0.000000 -1.000000 0.000000 1.000000 0.000000 1.000000 0.000000 0.000000 3004.dat
1 14 0.000000 -32.000000 50.000000 1.000000 0.000000 0.000000 0.000000 1.000000 0.000000 0.000000 0.000000 1.000000 6111.dat
1 14 80.000000 -32.000000 -10.000000 1.000000 0.000000 0.000000 0.000000 1.000000 0.000000 0.000000 0.000000 1.000000 3004.dat
1 272 80.000000 -32.000000 -40.000000 1.000000 0.000000 0.000000 0.000000 1.000000 0.000000 0.000000 0.000000 1.000000 3003.dat
1 179 80.000000 -16.000000 -70.000000 1.000000 0.000000 0.000000 0.000000 1.000000 0.000000 0.000000 0.000000 1.000000 2412b.dat
1 14 90.000000 -56.000000 30.000000 1.000000 0.000000 0.000000 0.000000 1.000000 0.000000 0.000000 0.000000 1.000000 3005.dat
1 14 90.000000 -56.000000 -10.000000 0.000000 0.000000 -1.000000 0.000000 1.000000 0.000000 1.000000 0.000000 0.000000 2357.dat
1 14 40.000000 -56.000000 50.000000 1.000000 0.000000 0.000000 0.000000 1.000000 0.000000 0.000000 0.000000 1.000000 3009.dat
1 272 80.000000 -56.000000 -30.000000 1.000000 0.000000 0.000000 0.000000 1.000000 0.000000 0.000000 0.000000 1.000000 3004.dat
1 179 80.000000 -40.000000 -50.000000 1.000000 0.000000 0.000000 0.000000 1.000000 0.000000 0.000000 0.000000 1.000000 2412b.dat
1 14 -90.000000 -56.000000 10.000000 1.000000 0.000000 0.000000 0.000000 1.000000 0.000000 0.000000 0.000000 1.000000 3005.dat
1 14 -90.000000 -56.000000 50.000000 0.000000 0.000000 1.000000 0.000000 1.000000 0.000000 -1.000000 0.000000 0.000000 2357.dat
1 14 -20.000000 -80.000000 50.000000 1.000000 0.000000 0.000000 0.000000 1.000000 0.000000 0.000000 0.000000 1.000000 3010.dat
1 14 -70.000000 -88.000000 10.000000 1.000000 0.000000 0.000000 0.000000 1.000000 0.000000 0.000000 0.000000 1.000000 3070b.dat
1 14 70.000000 -88.000000 10.000000 1.000000 0.000000 0.000000 0.000000 1.000000 0.000000 0.000000 0.000000 1.000000 3070b.dat
1 14 0.000000 -88.000000 -10.000000 1.000000 0.000000 0.000000 0.000000 1.000000 0.000000 0.000000 0.000000 1.000000 4162.dat
1 14 -40.000000 -88.000000 40.000000 1.000000 0.000000 0.000000 0.000000 1.000000 0.000000 0.000000 0.000000 1.000000 87079.dat
1 14 40.000000 -88.000000 40.000000 1.000000 0.000000 0.000000 0.000000 1.000000 0.000000 0.000000 0.000000 1.000000 87079.dat
1 179 80.000000 -64.000000 -30.000000 1.000000 0.000000 0.000000 0.000000 1.000000 0.000000 0.000000 0.000000 1.000000 2412b.dat
1 71 0.000000 -8.000000 -10.000000 1.000000 0.000000 0.000000 0.000000 1.000000 0.000000 0.000000 0.000000 1.000000 3666.dat
1 14 -50.000000 -32.000000 -10.000000 1.000000 0.000000 0.000000 0.000000 1.000000 0.000000 0.000000 0.000000 1.000000 3062b.dat
1 14 50.000000 -32.000000 -10.000000 1.000000 0.000000 0.000000 0.000000 1.000000 0.000000 0.000000 0.000000 1.000000 3062b.dat
1 14 0.000000 -32.000000 -10.000000 1.000000 0.000000 0.000000 0.000000 1.000000 0.000000 0.000000 0.000000 1.000000 3010.dat
1 71 -40.000000 -56.000000 -10.000000 1.000000 0.000000 0.000000 0.000000 1.000000 0.000000 0.000000 0.000000 1.000000 11211.dat
1 71 0.000000 -56.000000 -10.000000 1.000000 0.000000 0.000000 0.000000 1.000000 0.000000 0.000000 0.000000 1.000000 11211.dat
1 71 40.000000 -56.000000 -10.000000 1.000000 0.000000 0.000000 0.000000 1.000000 0.000000 0.000000 0.000000 1.000000 11211.dat
1 14 0.000000 -80.000000 -10.000000 1.000000 0.000000 0.000000 0.000000 1.000000 0.000000 0.000000 0.000000 1.000000 3009.dat
1 14 -50.000000 -36.000000 -28.000000 0.000000 0.000000 1.000000 1.000000 0.000000 0.000000 0.000000 1.000000 0.000000 3023.dat
1 14 50.000000 -36.000000 -28.000000 0.000000 0.000000 1.000000 1.000000 0.000000 0.000000 0.000000 1.000000 0.000000 3023.dat
1 272 -30.000000 -36.000000 -28.000000 0.000000 0.000000 1.000000 1.000000 0.000000 0.000000 0.000000 1.000000 0.000000 3794b.dat
1 272 30.000000 -36.000000 -28.000000 0.000000 0.000000 1.000000 1.000000 0.000000 0.000000 0.000000 1.000000 0.000000 3794b.dat
1 272 0.000000 -36.000000 -28.000000 0.000000 0.000000 1.000000 1.000000 0.000000 0.000000 0.000000 1.000000 0.000000 87580.dat
1 179 -50.000000 -46.000000 -36.000000 0.000000 0.000000 1.000000 1.000000 0.000000 0.000000 0.000000 1.000000 0.000000 6141.dat
1 179 50.000000 -46.000000 -36.000000 0.000000 0.000000 1.000000 1.000000 0.000000 0.000000 0.000000 1.000000 0.000000 6141.dat
1 179 50.000000 -26.000000 -36.000000 0.000000 0.000000 1.000000 1.000000 0.000000 0.000000 0.000000 1.000000 0.000000 6141.dat
1 179 -50.000000 -26.000000 -36.000000 0.000000 0.000000 1.000000 1.000000 0.000000 0.000000 0.000000 1.000000 0.000000 6141.dat
1 191 0.000000 -36.000000 -28.000000 1.000000 0.000000 0.000000 0.000000 0.000000 -1.000000 0.000000 1.000000 0.000000 11609.dat
1 191 -30.000000 -36.000000 -28.000000 0.966000 0.000000 -0.259000 -0.259000 0.000000 -0.966000 0.000000 1.000000 0.000000 11609.dat
1 191 30.000000 -36.000000 -28.000000 0.966000 0.000000 0.259000 0.259000 0.000000 -0.966000 0.000000 1.000000 0.000000 11609.dat
1 308 -4.134000 -53.710000 10.000000 0.998000 0.000000 0.065000 0.065000 0.000000 -0.998000 0.000000 1.000000 0.000000 10288.dat
1 71 -1.534000 -93.630000 10.000000 -0.065000 0.000000 0.998000 0.998000 0.000000 0.065000 0.000000 1.000000 0.000000 4519.dat
1 71 -1.534000 -93.630000 10.000000 -0.998000 0.000000 -0.065000 -0.065000 0.000000 0.998000 0.000000 1.000000 0.000000 3713.dat
1 15 -40.005720 -36.001660 10.000000 0.896768 0.000000 -0.442710 -0.442710 0.000000 -0.896768 0.000000 1.000000 0.000000 22961.dat
1 15 29.137720 -31.498340 10.000000 -0.831768 0.000000 -0.555290 -0.555290 0.000000 0.831768 0.000000 1.000000 0.000000 22961.dat
1 1 29.136000 -31.504000 25.000000 0.962000 0.000000 0.272000 0.272000 0.000000 -0.962000 0.000000 1.000000 0.000000 6632.dat
1 1 29.136000 -31.504000 20.000000 0.000000 -0.962000 0.272000 0.000000 -0.272000 -0.962000 1.000000 0.000000 0.000000 43093.dat
1 71 29.136000 -31.504000 35.000000 0.962000 -0.272000 0.000000 0.272000 0.962000 0.000000 0.000000 0.000000 1.000000 32123a.dat
1 14 70.000000 -64.000000 20.000000 0.000000 0.000000 -1.000000 0.000000 1.000000 0.000000 1.000000 0.000000 0.000000 3710.dat
1 14 70.000000 -72.000000 20.000000 0.000000 0.000000 -1.000000 0.000000 1.000000 0.000000 1.000000 0.000000 0.000000 3710.dat
1 14 70.000000 -88.000000 20.000000 0.000000 0.000000 -1.000000 0.000000 1.000000 0.000000 1.000000 0.000000 0.000000 6081.dat
1 14 -70.000000 -64.000000 20.000000 0.000000 0.000000 1.000000 0.000000 1.000000 0.000000 -1.000000 0.000000 0.000000 3710.dat
1 14 -70.000000 -72.000000 20.000000 0.000000 0.000000 1.000000 0.000000 1.000000 0.000000 -1.000000 0.000000 0.000000 3710.dat
1 14 -70.000000 -88.000000 20.000000 0.000000 0.000000 1.000000 0.000000 1.000000 0.000000 -1.000000 0.000000 0.000000 6081.dat
1 4 -80.000000 -56.000000 -20.000000 1.000000 0.000000 0.000000 0.000000 1.000000 0.000000 0.000000 0.000000 1.000000 4345b.dat
1 4 -80.000000 -56.000000 -20.000000 1.000000 0.000000 0.000000 0.000000 1.000000 0.000000 0.000000 0.000000 1.000000 4346.dat
1 179 -80.000000 -24.000000 -20.000000 1.000000 0.000000 0.000000 0.000000 1.000000 0.000000 0.000000 0.000000 1.000000 98138p0i.dat
1 179 -80.000000 -40.000000 -20.000000 1.000000 0.000000 0.000000 0.000000 1.000000 0.000000 0.000000 0.000000 1.000000 98138p0i.dat
1 179 -80.000000 -48.000000 -20.000000 1.000000 0.000000 0.000000 0.000000 1.000000 0.000000 0.000000 0.000000 1.000000 98138p0i.dat
1 179 -80.000000 -32.000000 -20.000000 1.000000 0.000000 0.000000 0.000000 1.000000 0.000000 0.000000 0.000000 1.000000 98138p0i.dat
1 4 -80.000000 -64.000000 -30.000000 1.000000 0.000000 0.000000 0.000000 1.000000 0.000000 0.000000 0.000000 1.000000 2412b.dat
1 14 40.000000 -80.000000 50.000000 1.000000 0.000000 0.000000 0.000000 1.000000 0.000000 0.000000 0.000000 1.000000 3700.dat
1 19 40.000000 -70.000000 40.000000 0.000000 -0.272000 0.962000 0.000000 0.962000 0.272000 -1.000000 0.000000 0.000000 3749.dat
1 71 40.000000 -70.000000 35.000000 -0.962000 -0.272000 0.000000 -0.272000 0.962000 0.000000 0.000000 0.000000 -1.000000 32123a.dat
1 14 -40.000000 -36.000000 25.000000 1.000000 0.000000 0.000000 0.000000 1.000000 0.000000 0.000000 0.000000 1.000000 32123a.dat
1 19 -40.000000 -36.000000 20.000000 0.000000 0.000000 -1.000000 0.000000 1.000000 0.000000 1.000000 0.000000 0.000000 3749.dat
1 71 -40.000000 -36.000000 50.000000 0.000000 -1.000000 0.000000 1.000000 0.000000 0.000000 0.000000 0.000000 1.000000 2853.dat
1 14 -40.000000 -56.000000 50.000000 -1.000000 0.000000 0.000000 0.000000 1.000000 0.000000 0.000000 0.000000 -1.000000 3700.dat
1 4 -19.290000 -128.853000 10.000000 -0.998000 -0.065000 0.000000 -0.065000 0.998000 0.000000 0.000000 0.000000 -1.000000 3032.dat
1 15 -19.810000 -120.869000 10.000000 -0.998000 -0.065000 0.000000 -0.065000 0.998000 0.000000 0.000000 0.000000 -1.000000 3709b.dat
1 2 -69.710000 -124.119000 10.000000 0.000000 -0.065000 -0.998000 0.000000 0.998000 -0.065000 1.000000 0.000000 0.000000 3023.dat
1 4 0.150000 -119.569000 40.000000 -0.998000 -0.065000 0.000000 -0.065000 0.998000 0.000000 0.000000 0.000000 -1.000000 32028.dat
1 4 0.150000 -119.569000 -20.000000 0.998000 -0.065000 0.000000 0.065000 0.998000 0.000000 0.000000 0.000000 1.000000 32028.dat
1 4 40.070000 -116.969000 10.000000 0.998000 -0.065000 0.000000 0.065000 0.998000 0.000000 0.000000 0.000000 1.000000 3022.dat
1 4 60.550000 -123.653000 10.000000 0.000000 -0.065000 -0.998000 0.000000 0.998000 -0.065000 1.000000 0.000000 0.000000 51739.dat
1 4 -69.710000 -124.119000 40.000000 -0.998000 -0.065000 0.000000 -0.065000 0.998000 0.000000 0.000000 0.000000 -1.000000 24201.dat
1 4 -49.750000 -122.819000 40.000000 -0.998000 -0.065000 0.000000 -0.065000 0.998000 0.000000 0.000000 0.000000 -1.000000 24201.dat
1 4 -29.790000 -121.519000 40.000000 -0.998000 -0.065000 0.000000 -0.065000 0.998000 0.000000 0.000000 0.000000 -1.000000 24201.dat
1 4 -69.710000 -124.119000 -20.000000 0.998000 -0.065000 0.000000 0.065000 0.998000 0.000000 0.000000 0.000000 1.000000 24201.dat
1 4 -49.750000 -122.819000 -20.000000 0.998000 -0.065000 0.000000 0.065000 0.998000 0.000000 0.000000 0.000000 1.000000 24201.dat
1 4 -29.790000 -121.519000 -20.000000 0.998000 -0.065000 0.000000 0.065000 0.998000 0.000000 0.000000 0.000000 1.000000 24201.dat
1 4 -0.370000 -111.585000 10.000000 0.998000 -0.065000 0.000000 0.065000 0.998000 0.000000 0.000000 0.000000 1.000000 4032b.dat
1 4 30.090000 -117.619000 40.000000 -0.998000 -0.065000 0.000000 -0.065000 0.998000 0.000000 0.000000 0.000000 -1.000000 24201.dat
1 4 30.090000 -117.619000 -20.000000 0.998000 -0.065000 0.000000 0.065000 0.998000 0.000000 0.000000 0.000000 1.000000 24201.dat
1 4 70.009990 -115.019000 0.000000 0.000000 -0.065000 -0.998000 0.000000 0.998000 -0.065000 1.000000 0.000000 0.000000 24201.dat
1 4 70.009990 -115.019000 20.000000 0.000000 -0.065000 -0.998000 0.000000 0.998000 -0.065000 1.000000 0.000000 0.000000 24201.dat
1 15 61.070000 -131.637000 10.000000 0.000000 -0.065000 -0.998000 0.000000 0.998000 -0.065000 1.000000 0.000000 0.000000 51739.dat
1 2 31.130000 -133.587000 10.000000 0.000000 -0.065000 -0.998000 0.000000 0.998000 -0.065000 1.000000 0.000000 0.000000 3023.dat
1 179 11.170000 -134.887000 10.000000 0.000000 -0.065000 -0.998000 0.000000 0.998000 -0.065000 1.000000 0.000000 0.000000 2412b.dat
1 15 21.150000 -134.237000 40.000000 -0.998000 -0.065000 0.000000 -0.065000 0.998000 0.000000 0.000000 0.000000 -1.000000 99780.dat
1 15 -18.770000 -136.837000 40.000000 -0.998000 -0.065000 0.000000 -0.065000 0.998000 0.000000 0.000000 0.000000 -1.000000 99780.dat
1 15 -58.690000 -139.437000 40.000000 -0.998000 -0.065000 0.000000 -0.065000 0.998000 0.000000 0.000000 0.000000 -1.000000 99780.dat
1 15 -58.690000 -139.437000 -20.000000 0.998000 -0.065000 0.000000 0.065000 0.998000 0.000000 0.000000 0.000000 1.000000 99780.dat
1 15 -18.770000 -136.837000 -20.000000 0.998000 -0.065000 0.000000 0.065000 0.998000 0.000000 0.000000 0.000000 1.000000 99780.dat
1 15 21.150000 -134.237000 -20.000000 0.998000 -0.065000 0.000000 0.065000 0.998000 0.000000 0.000000 0.000000 1.000000 99780.dat
1 15 41.630000 -140.921000 10.000000 0.998000 -0.065000 0.000000 0.065000 0.998000 0.000000 0.000000 0.000000 1.000000 3022.dat
1 15 -47.670000 -154.755000 10.000000 0.000000 -0.065000 -0.998000 0.000000 0.998000 -0.065000 1.000000 0.000000 0.000000 93095.dat
1 14 -18.770000 -136.837000 10.000000 0.000000 -0.065000 0.998000 0.000000 0.998000 0.065000 -1.000000 0.000000 0.000000 4079.dat
1 14 -67.630000 -156.055000 10.000000 0.000000 -0.065000 0.998000 0.000000 0.998000 0.065000 -1.000000 0.000000 0.000000 3700.dat
1 71 71.570000 -138.971000 10.000000 0.000000 -0.065000 -0.998000 0.000000 0.998000 -0.065000 1.000000 0.000000 0.000000 99781.dat
1 4 42.150000 -148.905000 10.000000 0.000000 -0.065000 -0.998000 0.000000 0.998000 -0.065000 1.000000 0.000000 0.000000 3022.dat
1 4 72.090000 -146.955000 10.000000 0.000000 -0.065000 -0.998000 0.000000 0.998000 -0.065000 1.000000 0.000000 0.000000 32028.dat
1 179 108.844000 -126.521000 0.000000 0.000000 -0.998000 0.065000 0.000000 -0.065000 -0.998000 1.000000 0.000000 0.000000 4589.dat
1 179 108.844000 -126.521000 20.000000 0.000000 -0.998000 0.065000 0.000000 -0.065000 -0.998000 1.000000 0.000000 0.000000 4589.dat
1 36 116.828000 -126.001000 20.000000 0.000000 -0.998000 0.065000 0.000000 -0.065000 -0.998000 1.000000 0.000000 0.000000 6141.dat
1 36 124.812000 -125.481000 20.000000 0.000000 -0.998000 0.065000 0.000000 -0.065000 -0.998000 1.000000 0.000000 0.000000 6141.dat
1 36 116.828000 -126.001000 0.000000 0.000000 -0.998000 0.065000 0.000000 -0.065000 -0.998000 1.000000 0.000000 0.000000 6141.dat
1 36 124.812000 -125.481000 0.000000 0.000000 -0.998000 0.065000 0.000000 -0.065000 -0.998000 1.000000 0.000000 0.000000 6141.dat
1 71 52.650000 -156.239000 10.000000 0.000000 -0.065000 -0.998000 0.000000 0.998000 -0.065000 1.000000 0.000000 0.000000 3839b.dat
1 4 72.090000 -146.955000 10.000000 0.000000 -0.065000 -0.998000 0.000000 0.998000 -0.065000 1.000000 0.000000 0.000000 85984.dat
1 4 -16.690000 -168.773000 -20.000000 0.998000 -0.065000 0.000000 0.065000 0.998000 0.000000 0.000000 0.000000 1.000000 6191.dat
1 4 -16.690000 -168.773000 40.000000 -0.998000 -0.065000 0.000000 -0.065000 0.998000 0.000000 0.000000 0.000000 -1.000000 6191.dat
1 4 33.210000 -165.523000 20.000000 -0.998000 -0.065000 0.000000 -0.065000 0.998000 0.000000 0.000000 0.000000 -1.000000 6091.dat
1 4 -66.590000 -172.023000 20.000000 -0.998000 -0.065000 0.000000 -0.065000 0.998000 0.000000 0.000000 0.000000 -1.000000 6091.dat
1 4 -66.590000 -172.023000 0.000000 0.998000 -0.065000 0.000000 0.065000 0.998000 0.000000 0.000000 0.000000 1.000000 6091.dat
1 4 33.210000 -165.523000 0.000000 0.998000 -0.065000 0.000000 0.065000 0.998000 0.000000 0.000000 0.000000 1.000000 6091.dat
1 34 11.300000 -136.883000 -42.000000 0.998000 0.000000 0.065000 0.065000 0.000000 -0.998000 0.000000 1.000000 0.000000 6141.dat
1 34 -28.620000 -139.483000 -42.000000 0.998000 0.000000 0.065000 0.065000 0.000000 -0.998000 0.000000 1.000000 0.000000 6141.dat
1 34 -68.540000 -142.083000 -42.000000 0.998000 0.000000 0.065000 0.065000 0.000000 -0.998000 0.000000 1.000000 0.000000 6141.dat
1 33 31.260000 -135.583000 -42.000000 0.998000 0.000000 0.065000 0.065000 0.000000 -0.998000 0.000000 1.000000 0.000000 6141.dat
1 33 -8.660000 -138.183000 -42.000000 0.998000 0.000000 0.065000 0.065000 0.000000 -0.998000 0.000000 1.000000 0.000000 6141.dat
1 33 -48.580000 -140.783000 -42.000000 0.998000 0.000000 0.065000 0.065000 0.000000 -0.998000 0.000000 1.000000 0.000000 6141.dat
1 33 -48.580000 -140.783000 62.000000 -0.998000 0.000000 0.065000 -0.065000 0.000000 -0.998000 0.000000 -1.000000 0.000000 6141.dat
1 33 -8.660000 -138.183000 62.000000 -0.998000 0.000000 0.065000 -0.065000 0.000000 -0.998000 0.000000 -1.000000 0.000000 6141.dat
1 33 31.260000 -135.583000 62.000000 -0.998000 0.000000 0.065000 -0.065000 0.000000 -0.998000 0.000000 -1.000000 0.000000 6141.dat
1 34 11.300000 -136.883000 62.000000 -0.998000 0.000000 0.065000 -0.065000 0.000000 -0.998000 0.000000 -1.000000 0.000000 6141.dat
1 34 -28.620000 -139.483000 62.000000 -0.998000 0.000000 0.065000 -0.065000 0.000000 -0.998000 0.000000 -1.000000 0.000000 6141.dat
1 34 -68.540000 -142.083000 62.000000 -0.998000 0.000000 0.065000 -0.065000 0.000000 -0.998000 0.000000 -1.000000 0.000000 6141.dat
1 4 43.190000 -164.873000 10.000000 0.000000 -0.065000 -0.998000 0.000000 0.998000 -0.065000 1.000000 0.000000 0.000000 3022.dat
1 47 -65.550000 -187.991000 10.000000 0.000000 -0.065000 -0.998000 0.000000 0.998000 -0.065000 1.000000 0.000000 0.000000 23969.dat
1 0 -88.240000 -147.375000 10.000000 -0.998000 -0.065000 0.000000 -0.065000 0.998000 0.000000 0.000000 0.000000 -1.000000 18651.dat
1 272 42.280000 -150.901000 -16.000000 -0.065000 0.998000 0.000000 0.998000 0.065000 0.000000 0.000000 0.000000 -1.000000 44676.dat
1 272 42.280000 -150.901000 36.000000 0.065000 0.998000 0.000000 -0.998000 0.065000 0.000000 0.000000 0.000000 1.000000 44676.dat
1 272 -126.164000 -149.845000 10.000000 -0.065000 0.998000 0.000000 0.998000 0.065000 0.000000 0.000000 0.000000 -1.000000 3943b.dat
1 272 -134.148000 -150.365000 10.000000 -0.065000 0.998000 0.000000 0.998000 0.065000 0.000000 0.000000 0.000000 -1.000000 18674.dat
1 47 -142.132000 -150.885000 10.000000 -0.065000 0.998000 0.000000 0.998000 0.065000 0.000000 0.000000 0.000000 -1.000000 4740.dat
1 179 -150.116000 -151.405000 10.000000 -0.065000 0.998000 0.000000 0.998000 0.065000 0.000000 0.000000 0.000000 -1.000000 6141.dat
1 36 -158.100000 -151.925000 10.000000 -0.065000 0.998000 0.000000 0.998000 0.065000 0.000000 0.000000 0.000000 -1.000000 6141.dat
1 272 86.223950 -210.171900 9.999949 0.000000 -0.064993 0.997886 0.000000 0.997886 0.064993 -1.000000 0.000000 0.000000 3479.dat
1 15 -40.000000 -46.000000 80.259990 1.000000 0.000000 0.000000 0.000000 1.000000 0.000000 0.000000 0.000000 1.000000 6538b.dat
