0 6367-6-BuildersDepot.ldr
0 Name:  6367-6 - Builders Depot
0 Author: Nenufar
0 Theme: Town
0 Year: 1984
0 RRP: Unknown
0 Pieces: 107
0 CustomBrick

1 0 -279.540600 -38.999990 -85.864590 -0.987706 0.000000 0.156437 0.000000 1.000000 0.000000 -0.156437 0.000000 -0.987706 3795.dat
1 0 -200.523300 -38.999990 -73.349460 -0.987706 0.000000 0.156437 0.000000 1.000000 0.000000 -0.156437 0.000000 -0.987706 3022.dat
1 1 -238.468800 -47.000000 -89.484020 -0.987706 0.000000 0.156437 0.000000 1.000000 0.000000 -0.156437 0.000000 -0.987706 3460.dat
1 1 -241.597600 -47.000000 -69.729520 -0.987706 0.000000 0.156437 0.000000 1.000000 0.000000 -0.156437 0.000000 -0.987706 3460.dat
1 1 -348.680600 -47.000000 -96.815280 -0.987706 0.000000 0.156437 0.000000 1.000000 0.000000 -0.156437 0.000000 -0.987706 3021.dat
1 1 -368.434600 -55.000000 -99.944020 0.156437 0.000000 0.987706 0.000000 1.000000 0.000000 -0.987706 0.000000 0.156437 3710.dat
1 1 -348.680600 -55.000000 -96.815280 0.156437 0.000000 0.987706 0.000000 1.000000 0.000000 -0.987706 0.000000 0.156437 3710.dat
1 1 -323.743300 -63.000000 -62.490640 -0.987706 0.000000 0.156437 0.000000 1.000000 0.000000 -0.156437 0.000000 -0.987706 3666.dat
1 1 -314.357000 -63.000000 -121.753600 -0.987706 0.000000 0.156437 0.000000 1.000000 0.000000 -0.156437 0.000000 -0.987706 3666.dat
1 1 -279.540700 -55.000000 -85.864600 -0.156437 0.000000 -0.987706 0.000000 1.000000 0.000000 0.987706 0.000000 -0.156437 3709b.dat
1 1 -200.523300 -63.000000 -73.349460 -0.156437 0.000000 -0.987706 0.000000 1.000000 0.000000 0.987706 0.000000 -0.156437 4211.dat
1 1 -249.910000 -63.000000 -81.171550 0.156437 0.000000 0.987706 0.000000 1.000000 0.000000 -0.987706 0.000000 0.156437 3710.dat
1 1 -170.892500 -63.000000 -68.656440 0.156437 0.000000 0.987706 0.000000 1.000000 0.000000 -0.987706 0.000000 0.156437 3710.dat
1 1 -234.848600 -63.000000 -48.411100 -0.987706 0.000000 0.156437 0.000000 1.000000 0.000000 -0.156437 0.000000 -0.987706 3024.dat
1 1 -225.462200 -63.000000 -107.674100 -0.987706 0.000000 0.156437 0.000000 1.000000 0.000000 -0.156437 0.000000 -0.987706 3024.dat
1 14 -358.557500 -79.000000 -98.379630 -0.987706 0.000000 0.156437 0.000000 1.000000 0.000000 -0.156437 0.000000 -0.987706 3003.dat
1 14 -299.296100 -79.000000 -88.993540 -0.987706 0.000000 0.156437 0.000000 1.000000 0.000000 -0.156437 0.000000 -0.987706 3003.dat
1 15 -249.910900 -86.999980 -81.171190 0.156435 0.000000 0.987692 0.000000 1.000000 0.000000 -0.987692 0.000000 0.156435 3010.dat
1 15 -195.339300 -86.999980 -42.153440 -0.156437 0.000000 -0.987706 0.000000 1.000000 0.000000 0.987706 0.000000 -0.156437 3822.dat
1 15 -185.953000 -86.999980 -101.416400 -0.156437 0.000000 -0.987706 0.000000 1.000000 0.000000 0.987706 0.000000 -0.156437 3821.dat
1 1 -190.646200 -63.000000 -71.785090 -0.156437 0.000000 -0.987706 0.000000 1.000000 0.000000 0.987706 0.000000 -0.156437 3829c01.dat
1 15 -175.585700 -86.999980 -39.024780 -0.156437 0.000000 -0.987706 0.000000 1.000000 0.000000 0.987706 0.000000 -0.156437 4070.dat
1 15 -166.199400 -86.999980 -98.287780 -0.156437 0.000000 -0.987706 0.000000 1.000000 0.000000 0.987706 0.000000 -0.156437 4070.dat
1 46 -161.757800 -77.000000 -36.834680 0.156437 -0.987706 0.000000 0.000000 0.000000 1.000000 -0.987706 -0.156437 0.000000 3024.dat
1 46 -152.371600 -77.000000 -96.097640 0.156437 -0.987706 0.000000 0.000000 0.000000 1.000000 -0.987706 -0.156437 0.000000 3024.dat
1 15 -170.892500 -71.000000 -68.656420 -0.156437 0.000000 -0.987706 0.000000 1.000000 0.000000 0.987706 0.000000 -0.156437 3023.dat
1 15 -170.892500 -79.000000 -68.656420 -0.156438 0.000000 -0.987706 0.000000 1.000000 0.000000 0.987706 0.000000 -0.156438 3023.dat
1 15 -249.910000 -111.000000 -81.171550 0.156437 0.000000 0.987706 0.000000 1.000000 0.000000 -0.987706 0.000000 0.156437 3010.dat
1 15 -249.910000 -119.000000 -81.171550 -0.156438 0.000000 -0.987706 0.000000 1.000000 0.000000 0.987706 0.000000 -0.156438 3023.dat
1 15 -245.216800 -119.000000 -110.802900 0.156437 0.000000 0.987706 0.000000 1.000000 0.000000 -0.987706 0.000000 0.156437 4085a.dat
1 15 -254.603100 -119.000000 -51.539920 0.156437 0.000000 0.987706 0.000000 1.000000 0.000000 -0.987706 0.000000 0.156437 4085a.dat
1 1 -170.892500 -86.999980 -68.656440 -0.156437 0.000000 -0.987706 0.000000 1.000000 0.000000 0.987706 0.000000 -0.156437 4175.dat
1 15 -246.781300 -127.000000 -100.925200 -0.156438 0.000000 -0.987706 0.000000 1.000000 0.000000 0.987706 0.000000 -0.156438 3023.dat
1 15 -253.038800 -127.000000 -61.416740 -0.156438 0.000000 -0.987706 0.000000 1.000000 0.000000 0.987706 0.000000 -0.156438 3023.dat
1 47 -190.646100 -135.000000 -71.785090 -0.156437 0.000000 -0.987706 0.000000 1.000000 0.000000 0.987706 0.000000 -0.156437 4594.dat
1 1 -170.892500 -143.000000 -68.656420 0.156437 0.000000 0.987706 0.000000 1.000000 0.000000 -0.987706 0.000000 0.156437 3710.dat
1 1 -249.909900 -135.000000 -81.171550 -0.156437 0.000000 -0.987706 0.000000 1.000000 0.000000 0.987706 0.000000 -0.156437 4625.dat
1 1 -220.277400 -143.000000 -76.477000 -0.156435 0.000000 -0.987688 0.000000 1.000000 0.000000 0.987688 0.000000 -0.156435 4213.dat
1 14 -274.357900 -70.740000 -54.668780 -0.987706 0.000000 0.156437 0.000000 1.000000 0.000000 -0.156437 0.000000 -0.987706 3957.dat
1 14 -264.971500 -70.570000 -113.931700 -0.987706 0.000000 0.156437 0.000000 1.000000 0.000000 -0.156437 0.000000 -0.987706 3957.dat
1 0 -200.523300 -30.999990 -73.349460 -0.156437 0.000000 -0.987706 0.000000 1.000000 0.000000 0.987706 0.000000 -0.156437 122c01.dat
1 0 -319.050100 -30.999990 -92.122270 -0.156437 0.000000 -0.987706 0.000000 1.000000 0.000000 0.987706 0.000000 -0.156437 122c01.dat
1 256 -205.060000 -24.999990 -44.705510 -0.987706 0.000000 0.156437 0.000000 1.000000 0.000000 -0.156437 0.000000 -0.987706 4084.dat
1 256 -323.586900 -24.999990 -63.478340 -0.987706 0.000000 0.156437 0.000000 1.000000 0.000000 -0.156437 0.000000 -0.987706 4084.dat
1 256 -314.513500 -24.999990 -120.765400 0.987706 0.000000 -0.156437 0.000000 1.000000 0.000000 0.156437 0.000000 0.987706 4084.dat
1 256 -195.986600 -24.999990 -101.992600 0.987706 0.000000 -0.156437 0.000000 1.000000 0.000000 0.156437 0.000000 0.987706 4084.dat
1 1 189.090900 -8.000000 58.181820 -1.000000 0.000000 0.000000 0.000000 1.000000 0.000000 0.000000 0.000000 -1.000000 3029.dat
1 1 319.090900 -8.000000 58.181800 0.000001 0.000000 -1.000000 0.000000 1.000000 0.000000 1.000000 0.000000 0.000001 3710.dat
1 1 59.090930 -8.000000 58.181830 0.000001 0.000000 -1.000000 0.000000 1.000000 0.000000 1.000000 0.000000 0.000001 3710.dat
1 1 9.090890 -8.000000 58.181840 -1.000000 0.000000 0.000000 0.000000 1.000000 0.000000 0.000000 0.000000 -1.000000 3031.dat
1 1 -40.909100 -8.000000 58.181840 0.000001 0.000000 -1.000000 0.000000 1.000000 0.000000 1.000000 0.000000 0.000001 3710.dat
1 1 -60.909060 -8.000000 58.181840 0.000001 0.000000 -1.000000 0.000000 1.000000 0.000000 1.000000 0.000000 0.000001 3710.dat
1 1 -110.909100 -8.000000 58.181860 -1.000000 0.000000 0.000000 0.000000 1.000000 0.000000 0.000000 0.000000 -1.000000 3031.dat
1 15 289.090900 -80.000000 88.181800 -1.000000 0.000000 -0.000001 0.000000 1.000000 0.000000 0.000001 0.000000 -1.000000 4215a.dat
1 15 209.090900 -80.000000 88.181800 -1.000000 0.000000 -0.000001 0.000000 1.000000 0.000000 0.000001 0.000000 -1.000000 4215a.dat
1 15 129.090900 -80.000000 88.181810 -1.000000 0.000000 -0.000001 0.000000 1.000000 0.000000 0.000001 0.000000 -1.000000 4215a.dat
1 15 49.090880 -80.000000 88.181820 -1.000000 0.000000 -0.000001 0.000000 1.000000 0.000000 0.000001 0.000000 -1.000000 4215a.dat
1 15 -140.909100 -32.000000 58.181860 -0.000001 0.000000 1.000000 0.000000 1.000000 0.000000 -1.000000 0.000000 -0.000001 3010.dat
1 15 -0.909100 -32.000000 58.181840 -0.000001 0.000000 1.000000 0.000000 1.000000 0.000000 -1.000000 0.000000 -0.000001 3010.dat
1 15 -40.909130 -32.000000 28.181840 1.000000 0.000000 0.000000 0.000000 1.000000 0.000000 0.000000 0.000000 1.000000 3622.dat
1 15 -100.909100 -32.000000 28.181860 1.000000 0.000000 0.000000 0.000000 1.000000 0.000000 0.000000 0.000000 1.000000 3622.dat
1 15 -0.909110 -56.000000 68.181850 0.000000 0.000000 -1.000000 0.000000 1.000000 0.000000 1.000000 0.000000 0.000000 3622.dat
1 15 -140.909100 -56.000000 68.181870 0.000000 0.000000 -1.000000 0.000000 1.000000 0.000000 1.000000 0.000000 0.000000 3622.dat
1 15 -70.909140 -56.000000 28.181840 1.000000 0.000000 0.000000 0.000000 1.000000 0.000000 0.000000 0.000000 1.000000 3008.dat
1 15 -140.909300 -80.000000 58.181800 -0.000001 0.000000 1.000000 0.000000 1.000000 0.000000 -1.000000 0.000000 -0.000001 3010.dat
1 15 -0.909070 -80.000000 58.181850 -0.000001 0.000000 1.000003 0.000000 1.000000 0.000000 -1.000003 0.000000 -0.000001 3010.dat
1 1 -110.909100 -64.000000 28.181850 0.000000 0.000000 1.000000 0.000000 1.000000 0.000000 -1.000000 0.000000 0.000000 3021.dat
1 1 -70.909140 -64.000000 28.181850 0.000000 0.000000 1.000000 0.000000 1.000000 0.000000 -1.000000 0.000000 0.000000 3021.dat
1 1 -30.909140 -64.000000 28.181850 0.000000 0.000000 1.000000 0.000000 1.000000 0.000000 -1.000000 0.000000 0.000000 3021.dat
1 14 -110.909100 -88.000000 18.181850 1.000000 0.000000 0.000000 0.000000 1.000000 0.000000 0.000000 0.000000 1.000000 3062b.dat
1 14 -30.909140 -88.000000 18.181850 1.000000 0.000000 0.000000 0.000000 1.000000 0.000000 0.000000 0.000000 1.000000 3062b.dat
1 36 -110.909100 -96.000000 18.181850 1.000000 0.000000 0.000000 0.000000 1.000000 0.000000 0.000000 0.000000 1.000000 6141.dat
1 36 -30.909140 -96.000000 18.181850 1.000000 0.000000 0.000000 0.000000 1.000000 0.000000 0.000000 0.000000 1.000000 6141.dat
1 15 -140.908300 -104.000000 58.181680 -0.000001 0.000000 0.999997 0.000000 1.000000 0.000000 -0.999997 0.000000 -0.000001 3010.dat
1 15 -0.908600 -104.000000 58.181750 -0.000001 0.000000 1.000001 0.000000 1.000000 0.000000 -1.000001 0.000000 -0.000001 3010.dat
1 1 -140.908300 -112.000000 58.181780 -0.000001 0.000000 1.000000 0.000000 1.000000 0.000000 -1.000000 0.000000 -0.000001 3710.dat
1 1 -0.908600 -112.000000 58.181740 -0.000001 0.000000 1.000000 0.000000 1.000000 0.000000 -1.000000 0.000000 -0.000001 3710.dat
1 15 -140.908200 -136.000000 58.181820 -0.000001 0.000000 0.999995 0.000000 1.000000 0.000000 -0.999995 0.000000 -0.000001 3010.dat
1 15 -0.908440 -136.000000 58.181730 -0.000001 0.000000 1.000000 0.000000 1.000000 0.000000 -1.000000 0.000000 -0.000001 3010.dat
1 0 -70.908450 -144.000000 18.181730 1.000000 0.000000 0.000000 0.000000 1.000000 0.000000 0.000000 0.000000 1.000000 3832.dat
1 0 -70.908450 -144.000000 58.181730 1.000000 0.000000 0.000000 0.000000 1.000000 0.000000 0.000000 0.000000 1.000000 3832.dat
1 0 -70.908450 -144.000000 98.181720 1.000000 0.000000 0.000000 0.000000 1.000000 0.000000 0.000000 0.000000 1.000000 3832.dat
1 0 -70.908450 -152.000000 58.181740 0.000000 0.000000 -1.000000 0.000000 1.000000 0.000000 1.000000 0.000000 0.000000 3020.dat
1 0 -130.908500 -152.000000 38.181730 1.000000 0.000000 0.000000 0.000000 1.000000 0.000000 0.000000 0.000000 1.000000 3022.dat
1 0 -10.908460 -152.000000 38.181730 1.000000 0.000000 0.000000 0.000000 1.000000 0.000000 0.000000 0.000000 1.000000 3022.dat
1 15 -70.908450 -176.000000 28.181730 1.000000 0.000000 0.000000 0.000000 1.000000 0.000000 0.000000 0.000000 1.000000 3008.dat
1 1 89.090880 -88.000000 88.181800 1.000000 0.000000 0.000000 0.000000 1.000000 0.000000 0.000000 0.000000 1.000000 3460.dat
1 1 249.090900 -88.000000 88.181780 1.000000 0.000000 0.000000 0.000000 1.000000 0.000000 0.000000 0.000000 1.000000 3460.dat
1 14 309.090800 -32.000000 38.181800 -1.000000 0.000000 0.000000 0.000000 1.000000 0.000000 0.000000 0.000000 -1.000000 3003.dat
1 14 229.090900 -56.000000 38.181830 -1.000000 0.000000 0.000000 0.000000 1.000000 0.000000 0.000000 0.000000 -1.000000 3003.dat
1 14 229.090900 -32.000000 48.181830 -1.000000 0.000000 -0.000001 0.000000 1.000000 0.000000 0.000001 0.000000 -1.000000 3010.dat
1 14 229.090900 -32.000000 28.181840 1.000000 0.000000 0.000001 0.000000 1.000000 0.000000 -0.000001 0.000000 1.000000 3010.dat
1 14 49.090900 -32.000000 38.181830 -1.000000 0.000000 0.000000 0.000000 1.000000 0.000000 0.000000 0.000000 -1.000000 3003.dat
1 0 89.090880 -16.000000 38.181820 1.000000 0.000000 0.000000 0.000000 1.000000 0.000000 0.000000 0.000000 1.000000 3068b.dat
1 14 129.090900 -16.000000 38.181820 1.000000 0.000000 0.000000 0.000000 1.000000 0.000000 0.000000 0.000000 1.000000 3068b.dat
1 0 89.090880 -24.000000 38.181820 1.000000 0.000000 0.000000 0.000000 1.000000 0.000000 0.000000 0.000000 1.000000 3068b.dat
1 14 129.090900 -24.000000 38.181820 1.000000 0.000000 0.000000 0.000000 1.000000 0.000000 0.000000 0.000000 1.000000 3068b.dat
1 4 -70.909100 -36.000000 69.431850 1.000000 0.000000 0.000000 0.000000 1.000000 0.000000 0.000000 0.000000 1.000000 971.dat
1 4 -70.909150 -48.000000 69.431860 1.000000 0.000000 0.000000 0.000000 1.000000 0.000000 0.000000 0.000000 1.000000 970.dat
1 4 -70.909150 -36.000000 69.431860 1.000000 0.000000 0.000000 0.000000 1.000000 0.000000 0.000000 0.000000 1.000000 972.dat
1 4 -70.909150 -80.000000 69.431860 1.000000 0.000000 0.000000 0.000000 1.000000 0.000000 0.000000 0.000000 1.000000 973.dat
1 4 -55.343820 -71.090670 69.431860 0.985328 0.090442 0.144737 -0.170671 0.522144 0.835606 0.000000 -0.848048 0.529920 3819.dat
1 4 -86.483760 -71.092830 69.431860 0.985495 -0.071720 -0.153803 0.169703 0.416489 0.893162 0.000000 -0.906308 0.422618 3818.dat
1 14 -91.312760 -72.513080 48.197140 0.998263 0.010086 -0.058042 0.010086 0.941430 0.337058 0.058042 -0.337058 0.939692 3820.dat
1 14 -50.146170 -70.379350 48.019750 0.999254 -0.004310 0.038393 -0.004310 0.975116 0.221650 -0.038393 -0.221650 0.974370 3820.dat
1 14 -70.909150 -105.750000 69.431850 1.000000 0.000000 0.000000 0.000000 1.000000 0.000000 0.000000 0.000000 1.000000 3626ap01.dat
1 0 -70.909150 -105.750000 69.431850 1.000000 0.000000 0.000000 0.000000 1.000000 0.000000 0.000000 0.000000 1.000000 3901.dat
