0 6604-4-DrinksCart.ldr
0 Name: 6604-4 - Drinks Cart
0 Author: Nenufar
0 Theme: Town
0 CustomBrick

1 15 -1.000040 -44.753270 -30.134100 0.000000 0.000000 -1.000000 -0.202787 0.979223 0.000000 0.979223 0.202787 0.000000 3020.dat
1 0 -11.000020 -74.338190 -5.624260 1.000000 0.000000 0.000000 0.000000 0.979223 -0.202786 0.000000 0.202787 0.979223 3062b.dat
1 0 -1.000030 -43.003010 0.864900 -1.000000 0.000000 0.000000 0.000000 0.979223 0.202786 0.000000 0.202787 -0.979223 3839b.dat
1 0 8.999949 -66.226710 -44.793180 -1.000000 0.000000 0.000000 0.000000 0.979223 0.202786 0.000000 0.202787 -0.979223 4589.dat
1 0 -11.000030 -62.171050 -64.377700 0.000000 0.000000 -1.000000 -0.202786 0.979223 0.000000 0.979223 0.202787 0.000000 4589.dat
1 36 8.999949 -74.060500 -46.415460 1.000000 0.000000 0.000000 0.000000 0.979223 -0.202786 0.000000 0.202787 0.979223 6141.dat
1 36 -11.000000 -70.004890 -66.000000 0.000000 0.000000 1.000000 0.202787 0.979223 0.000000 -0.979223 0.202787 0.000000 6141.dat
1 0 -1.000040 -29.085680 -26.889420 1.000000 0.000000 0.000000 0.000000 0.979220 -0.202786 0.000000 0.202787 0.979220 4600.dat
1 7 28.999980 -24.189550 -25.875630 0.000000 0.000000 -1.000000 -0.202786 0.979223 0.000000 0.979222 0.202787 0.000000 4624.dat
1 7 -31.000010 -24.189580 -25.875530 0.000000 0.000000 1.000000 0.202786 0.979220 0.000000 -0.979220 0.202787 0.000000 4624.dat
1 256 -31.000010 -24.189590 -25.875500 0.000000 0.000000 1.000000 0.451690 -0.892172 0.000000 0.892171 0.451690 0.000000 3641.dat
1 256 28.999980 -24.189580 -25.875520 0.000000 0.000000 1.000000 0.892172 0.451691 0.000000 -0.451691 0.892171 0.000000 3641.dat
1 15 -1.000040 -36.919420 -28.511800 1.000000 0.000000 0.000000 0.000000 0.979223 -0.202786 0.000000 0.202787 0.979223 3022.dat
1 15 -1.000040 -62.448640 -23.586450 1.000000 0.000000 0.000000 0.000000 0.979223 -0.202786 0.000000 0.202787 0.979223 3710.dat
1 15 -1.000040 -54.614860 -21.964150 1.000000 0.000000 0.000000 0.000000 0.979223 -0.202786 0.000000 0.202787 0.979223 3023.dat
1 0 -0.711980 -35.992930 29.237860 0.998320 -0.030850 -0.049073 0.001154 0.857041 -0.515252 0.057959 0.514323 0.855631 3817.dat
1 0 -0.711970 -35.992910 29.237860 0.998320 0.039416 -0.042500 0.001154 0.719511 0.694482 0.057959 -0.693357 0.718254 3816.dat
1 0 -0.685800 -47.991050 29.026670 0.998320 -0.002181 -0.057923 0.001154 0.999845 -0.017696 0.057959 0.017601 0.998162 3815.dat
1 0 -0.616050 -79.986110 28.463370 0.998320 -0.002181 -0.057921 0.001154 0.999841 -0.017701 0.057959 0.017598 0.998176 973.dat
1 0 14.810400 -71.093990 29.516300 0.984044 0.090051 -0.153456 -0.169503 0.736692 -0.654640 0.054099 0.670205 0.740202 3819.dat
1 0 -16.183860 -71.098280 27.717520 0.983470 -0.168660 0.065908 0.170813 0.743292 -0.646794 0.060107 0.647355 0.759809 3818.dat
1 14 -24.931880 -51.685200 32.498530 0.983170 -0.076592 0.165867 0.171085 0.067553 -0.982941 0.064093 0.994769 0.079520 3820.dat
1 14 22.976160 -51.397920 35.118710 0.984078 0.044075 -0.172187 -0.174046 0.042505 -0.983820 -0.036043 0.998124 0.049499 3820.dat
1 14 -0.563670 -103.982500 28.041060 0.998320 -0.002181 -0.057923 0.001154 0.999846 -0.017697 0.057959 0.017601 0.998163 3626ap01.dat
1 15 -0.563670 -103.982500 28.041060 0.998320 -0.002181 -0.057923 0.001154 0.999846 -0.017697 0.057959 0.017601 0.998163 3842b.dat
0 STEP
