0 7875-JCB.ldr
0 Name: 7875 - JCB
0 Author: Ken Drew [Ken]
0 Theme: Town
0 CustomBrick

1 7 0.000000 0.000000 0.000000 1.000000 0.000000 0.000000 0.000000 1.000000 0.000000 0.000000 0.000000 1.000000 4600.dat
1 14 0.000000 0.000000 50.000000 0.000000 0.000000 1.000000 0.000000 1.000000 0.000000 -1.000000 0.000000 0.000000 3021.dat
1 7 0.000000 -8.000000 80.000000 1.000000 0.000000 0.000000 0.000000 1.000000 0.000000 0.000000 0.000000 1.000000 4600.dat
1 14 0.000000 -8.000000 20.000000 0.000000 0.000000 1.000000 0.000000 1.000000 0.000000 -1.000000 0.000000 0.000000 3020.dat
1 7 -10.000000 -16.000000 -10.000000 1.000000 0.000000 0.000000 0.000000 1.000000 0.000000 0.000000 0.000000 1.000000 6019.dat
1 7 10.000000 -16.000000 -10.000000 1.000000 0.000000 0.000000 0.000000 1.000000 0.000000 0.000000 0.000000 1.000000 6019.dat
1 14 0.000000 -16.000000 40.000000 0.000000 0.000000 1.000000 0.000000 1.000000 0.000000 -1.000000 0.000000 0.000000 3020.dat
1 0 0.000000 -16.000000 90.000000 -1.000000 0.000000 0.000000 0.000000 1.000000 0.000000 0.000000 0.000000 -1.000000 48336.dat
1 14 0.000000 -24.000000 20.000000 0.000000 0.000000 1.000000 0.000000 1.000000 0.000000 -1.000000 0.000000 0.000000 3020.dat
1 14 -10.000000 -24.000000 80.000000 0.000000 0.000000 1.000000 0.000000 1.000000 0.000000 -1.000000 0.000000 0.000000 3023.dat
1 14 10.000000 -24.000000 80.000000 0.000000 0.000000 1.000000 0.000000 1.000000 0.000000 -1.000000 0.000000 0.000000 3023.dat
1 14 0.000000 -32.000000 80.000000 1.000000 0.000000 0.000000 0.000000 1.000000 0.000000 0.000000 0.000000 1.000000 44674.dat
1 14 0.000000 -32.000000 50.000000 -1.000000 0.000000 0.000000 0.000000 1.000000 0.000000 0.000000 0.000000 -1.000000 3023.dat
1 14 0.000000 -40.000000 30.000000 1.000000 0.000000 0.000000 0.000000 1.000000 0.000000 0.000000 0.000000 1.000000 47457.dat
1 14 12.000000 -54.293590 144.045200 0.000000 1.000000 0.000000 -0.500000 0.000000 -0.866025 -0.866025 0.000000 0.500000 2429.dat
1 14 12.000000 -54.293590 144.045200 0.000000 1.000000 0.000000 0.866025 0.000000 -0.500000 -0.500000 0.000000 -0.866025 2430.dat
1 0 4.000000 -57.953840 157.705400 0.000000 1.000000 0.000000 0.866025 0.000000 -0.500000 -0.500000 0.000000 -0.866025 3024.dat
1 0 4.000000 -50.633340 130.384900 0.000000 1.000000 0.000000 0.866025 0.000000 -0.500000 -0.500000 0.000000 -0.866025 3024.dat
1 0 4.000000 -47.953840 175.025900 0.000000 1.000000 0.000000 0.866025 0.000000 -0.500000 -0.500000 0.000000 -0.866025 4085c.dat
1 0 4.000000 -33.312840 120.384900 0.000000 1.000000 0.000000 -0.500000 0.000000 -0.866025 -0.866025 0.000000 0.500000 4085c.dat
1 14 -4.000000 -54.293590 144.045200 0.000000 1.000000 0.000000 -0.500000 0.000000 -0.866025 -0.866025 0.000000 0.500000 2429.dat
1 14 -4.000000 -54.293590 144.045200 0.000000 1.000000 0.000000 0.866025 0.000000 -0.500000 -0.500000 0.000000 -0.866025 2430.dat
1 0 -12.000000 -47.953840 175.025900 0.000000 1.000000 0.000000 0.866025 0.000000 -0.500000 -0.500000 0.000000 -0.866025 4085c.dat
1 0 -12.000000 -33.312840 120.384900 0.000000 1.000000 0.000000 -0.500000 0.000000 -0.866025 -0.866025 0.000000 0.500000 4085c.dat
1 0 0.000000 -17.535900 195.569200 -1.000000 0.000000 0.000000 0.000000 -0.258819 0.965926 0.000000 0.965926 0.258819 48336.dat
1 14 10.000000 -11.324250 172.387000 -1.000000 0.000000 0.000000 0.000000 -0.258819 0.965926 0.000000 0.965926 0.258819 6231.dat
1 14 -10.000000 -11.324250 172.387000 0.000000 0.000000 -1.000000 -0.965926 -0.258819 0.000000 -0.258819 0.965926 0.000000 6231.dat
1 40 10.000000 -80.000000 80.000000 0.000000 0.000000 1.000000 0.000000 1.000000 0.000000 -1.000000 0.000000 0.000000 4864b.dat
1 40 -10.000000 -80.000000 80.000000 0.000000 0.000000 -1.000000 0.000000 1.000000 0.000000 1.000000 0.000000 0.000000 4864b.dat
1 40 0.000000 -80.000000 50.000000 -1.000000 0.000000 0.000000 0.000000 1.000000 0.000000 0.000000 0.000000 -1.000000 4864b.dat
1 14 0.000000 -88.000000 70.000000 0.000000 0.000000 -1.000000 0.000000 1.000000 0.000000 1.000000 0.000000 0.000000 3021.dat
1 0 0.000000 -1.000000 -46.000000 -1.000000 0.000000 0.000000 0.000000 0.707107 0.707107 0.000000 0.707107 -0.707107 48336.dat
1 14 0.000000 -17.970570 -62.970570 -1.000000 0.000000 0.000000 0.000000 0.707107 0.707107 0.000000 0.707107 -0.707107 30413.dat
1 7 32.000000 5.000000 0.000000 0.000000 0.000000 -1.000000 0.000000 1.000000 0.000000 1.000000 0.000000 0.000000 4624.dat
1 7 -32.000000 5.000000 0.000000 0.000000 0.000000 1.000000 0.000000 1.000000 0.000000 -1.000000 0.000000 0.000000 4624.dat
1 7 -32.000000 -3.000000 80.000000 0.000000 0.000000 1.000000 0.000000 1.000000 0.000000 -1.000000 0.000000 0.000000 6014.dat
1 7 31.000000 -3.000000 80.000000 0.000000 0.000000 -1.000000 0.000000 1.000000 0.000000 1.000000 0.000000 0.000000 6014.dat
1 0 32.000000 5.000000 0.000000 0.000000 0.000000 -1.000000 0.000000 1.000000 0.000000 1.000000 0.000000 0.000000 3641.dat
1 0 -32.000000 5.000000 0.000000 0.000000 0.000000 1.000000 0.000000 1.000000 0.000000 -1.000000 0.000000 0.000000 3641.dat
1 0 37.000000 -3.000000 80.000000 0.000000 0.000000 -1.000000 0.000000 1.000000 0.000000 1.000000 0.000000 0.000000 6015.dat
1 0 -38.000000 -3.000000 80.000000 0.000000 0.000000 1.000000 0.000000 1.000000 0.000000 -1.000000 0.000000 0.000000 6015.dat
