0 1557-SpaceScooter.ldr
0 Name: 1557 - Space Scooter
0 Author: Willy Tschager [Holly-Wood]
0 Theme: Space
0 CustomBrick

1 1 0 0 0 0 0 -1 0 1 0 1 0 0 3020.dat
1 1 -40 -8 0 1 0 0 0 1 0 0 0 1 3935.dat
1 1 40 -8 0 1 0 0 0 1 0 0 0 1 3936.dat
1 7 0 8 -20 1 0 0 0 1 0 0 0 1 4032a.dat
1 7 0 8 20 1 0 0 0 1 0 0 0 1 4032a.dat
1 7 50 0 20 -1 0 0 0 1 0 0 0 -1 4595.dat
1 7 -50 0 20 -1 0 0 0 1 0 0 0 -1 4595.dat
1 1 30 -16 -10 1 0 0 0 1 0 0 0 1 3024.dat
1 1 -30 -16 -10 1 0 0 0 1 0 0 0 1 3024.dat
1 15 0 -16 10 1 0 0 0 1 0 0 0 1 4598.dat
1 1 30 -24 -10 0.839 0 0.545 0 1 0 -0.545 0 0.839 4592.dat
1 7 30 -24 -10 0.839 0.247 0.485 0 0.891 -0.454 -0.545 0.381 0.747 4593.dat
1 1 -30 -24 -10 0.839 0 -0.545 0 1 0 0.545 0 0.839 4592.dat
1 7 -30 -24 -10 0.839 -0.256 -0.481 0 0.883 -0.469 0.545 0.394 0.741 4593.dat
1 0 30 -22 30 0 -1 0 -1 0 0 0 0 -1 4349.dat
1 0 -30 -22 30 0 1 0 1 0 0 0 0 -1 4349.dat
1 7 0 -32 -30 1 0 0 0 1 0 0 0 1 3937.dat
1 7 0 -22 -40 1 0 0 0 0 -1 0 1 0 3938.dat
1 0 0 -37 48 1 0 0 0 0 -1 0 1 0 4588.dat
1 36 0 -37 72 1 0 0 0 0 -1 0 1 0 4589.dat
1 7 0 -12 -48 1 0 0 0 0 -1 0 1 0 3022.dat
1 7 0 -12 -96 1 0 0 0 0 -1 0 1 0 3942c.dat
1 36 0 -12 -120 1 0 0 0 0 -1 0 1 0 4589.dat



