0 3365-MoonBuggy.ldr
0 Name: 3365 - Moon Buggy
0 Author: Nenufar
0 Theme: Space
0 CustomBrick

1 14 39.999990 -100.625000 -51.874990 0.809017 0.000000 -0.587785 0.000000 1.000000 0.000000 0.587785 0.000000 0.809017 3626ap01.dat
1 15 39.999990 -32.000000 -89.999980 1.000000 0.000000 0.000001 0.000000 1.000000 0.000000 -0.000001 0.000000 1.000000 3829c01.dat
1 4 40.000000 -16.000000 -100.000000 1.000000 0.000000 0.000000 0.000000 1.000000 0.000000 0.000000 0.000000 1.000000 30157.dat
1 71 39.999990 -24.000000 -39.999990 0.000000 0.000000 1.000000 0.000000 1.000000 0.000000 -1.000000 0.000000 0.000000 3034.dat
1 4 40.000000 -16.000000 -40.000000 1.000000 0.000000 0.000000 0.000000 1.000000 0.000000 0.000000 0.000000 1.000000 30157.dat
1 4 40.000000 -16.000000 20.000000 1.000000 0.000000 0.000000 0.000000 1.000000 0.000000 0.000000 0.000000 1.000000 30157.dat
1 4 39.999990 -56.000000 -110.000000 1.000000 0.000000 0.000000 0.000000 1.000000 0.000000 0.000000 0.000000 1.000000 2432.dat
1 72 70.000010 -16.000000 -100.000000 1.000000 0.000000 0.000000 0.000000 1.000000 0.000000 0.000000 0.000000 1.000000 61409.dat
1 72 10.000000 -16.000000 -100.000000 1.000000 0.000000 0.000000 0.000000 1.000000 0.000000 0.000000 0.000000 1.000000 61409.dat
1 15 39.999980 -48.000000 0.000000 0.000001 0.000000 -1.000000 0.000000 1.000000 0.000000 1.000000 0.000000 0.000001 4854.dat
1 71 40.000000 -40.000000 30.000010 -1.000000 0.000000 0.000000 0.000000 1.000000 0.000000 0.000000 0.000000 -1.000000 4623.dat
1 71 40.000000 -40.000000 10.000000 1.000000 0.000000 0.000000 0.000000 1.000000 0.000000 0.000000 0.000000 1.000000 3023.dat
1 71 40.000000 -48.000000 20.000000 1.000000 0.000000 0.000000 0.000000 1.000000 0.000000 0.000000 0.000000 1.000000 3022.dat
1 15 40.000000 -95.999980 -10.000000 1.000000 0.000000 0.000000 0.000000 1.000000 0.000000 0.000000 0.000000 1.000000 87754.dat
1 15 40.499990 -32.750000 -52.000000 1.000000 0.000000 0.000000 0.000000 0.000000 1.000000 0.000000 -1.000000 0.000000 3816.dat
1 15 40.000000 -44.625000 -51.874990 1.000000 0.000000 0.000000 0.000000 1.000000 0.000000 0.000000 0.000000 1.000000 3815.dat
1 15 40.000000 -76.625000 -51.874990 1.000000 0.000000 0.000000 0.000000 1.000000 0.000000 0.000000 0.000000 1.000000 973.dat
1 15 55.499990 -67.375000 -51.875000 0.946658 0.277419 0.163943 -0.317825 0.887752 0.332993 -0.053163 -0.367336 0.928568 3819.dat
1 72 63.033710 -55.487160 -65.975830 0.984730 0.164730 -0.056313 -0.174068 0.936686 -0.303842 0.002696 0.309005 0.951057 3820.dat
1 15 24.499990 -67.375000 -51.874980 0.944709 -0.198930 -0.260675 0.326740 0.503983 0.799527 -0.027675 -0.840493 0.541116 3818.dat
1 72 18.930590 -66.086140 -70.961360 0.984730 -0.164729 -0.056314 0.174068 0.936686 0.303843 0.002696 -0.309005 0.951057 3820.dat
1 1 40.000000 -100.625000 -51.874990 0.809017 0.000000 -0.587785 0.000000 1.000000 0.000000 0.587785 0.000000 0.809017 86035.dat
1 189 40.000000 -94.033450 -12.000000 1.000000 0.000000 0.000000 0.000000 1.000000 0.000000 0.000000 0.000000 1.000000 769.dat
1 15 9.999980 -150.750000 30.000010 -1.000000 0.000000 -0.000001 0.000000 -1.000000 0.000000 -0.000001 0.000000 1.000000 63965.dat
1 71 90.000000 -6.500000 -100.000000 0.000000 0.000000 1.000000 0.000000 1.000000 0.000000 -1.000000 0.000000 0.000000 42610.dat
1 0 90.000000 -6.500000 -100.000000 0.000002 0.000000 -1.000000 0.000000 1.000000 0.000000 1.000000 0.000000 0.000002 92409.dat
1 33 32.199980 -158.000000 30.000010 0.000000 1.000000 0.000000 0.000000 0.000000 1.000000 1.000000 0.000000 0.000000 4740.dat
1 15 24.199990 -158.000000 30.000000 0.000000 1.000000 0.000000 0.000000 0.000000 1.000000 1.000000 0.000000 0.000000 43898.dat
1 15 16.199980 -158.000000 30.000010 0.000000 1.000000 0.000000 0.000000 0.000000 1.000000 1.000000 0.000000 0.000000 2555.dat
1 72 56.529370 -82.150000 46.404300 0.000000 -0.951056 0.309017 1.000000 0.000000 0.000000 0.000000 0.309017 0.951057 53989.dat
1 72 79.278580 -100.959100 37.172570 -0.309017 0.769421 -0.559017 0.000000 -0.587785 -0.809017 -0.951057 -0.250000 0.181635 30375.dat
1 72 78.278660 -100.136200 37.760330 0.559017 0.769421 -0.309017 0.809017 -0.587785 0.000000 -0.181636 -0.250000 -0.951056 53989.dat
1 72 109.058400 -71.549580 27.759390 0.309016 0.769421 0.559018 0.000000 -0.587786 0.809017 0.951057 -0.249999 -0.181635 6117.dat
1 71 -10.000000 -6.500000 -99.999980 0.000000 0.000000 1.000000 0.000000 1.000000 0.000000 -1.000000 0.000000 0.000000 42610.dat
1 0 -10.000000 -6.500000 -100.000000 0.000002 0.000000 -1.000000 0.000000 1.000000 0.000000 1.000000 0.000000 0.000002 92409.dat
1 71 -10.000000 -6.500000 -40.000000 0.000000 0.000000 1.000000 0.000000 1.000000 0.000000 -1.000000 0.000000 0.000000 42610.dat
1 0 -10.000000 -6.500000 -40.000020 0.000002 0.000000 -1.000000 0.000000 1.000000 0.000000 1.000000 0.000000 0.000002 92409.dat
1 71 -10.000000 -6.500000 20.000000 0.000000 0.000000 1.000000 0.000000 1.000000 0.000000 -1.000000 0.000000 0.000000 42610.dat
1 0 -10.000000 -6.500000 19.999980 0.000002 0.000000 -1.000000 0.000000 1.000000 0.000000 1.000000 0.000000 0.000002 92409.dat
1 71 90.000000 -6.500000 20.000000 0.000000 0.000000 1.000000 0.000000 1.000000 0.000000 -1.000000 0.000000 0.000000 42610.dat
1 0 90.000000 -6.500000 20.000000 0.000002 0.000000 -1.000000 0.000000 1.000000 0.000000 1.000000 0.000000 0.000002 92409.dat
1 71 90.000000 -6.500000 -40.000000 0.000000 0.000000 1.000000 0.000000 1.000000 0.000000 -1.000000 0.000000 0.000000 42610.dat
1 0 90.000000 -6.500000 -40.000010 0.000002 0.000000 -1.000000 0.000000 1.000000 0.000000 1.000000 0.000000 0.000002 92409.dat
1 15 40.000000 -32.625000 -51.874990 1.000000 0.000000 0.000000 0.000000 0.000004 1.000000 0.000000 -1.000000 0.000004 3817.dat
