0 462-RocketLauncher.ldr
0 Name: 462 - Rocket Launcher
0 Author: marco9999
0 Theme: Space
0 CustomBrick

1 7 17.749460 -239.937900 203.559600 -1.000000 0.000000 0.000000 0.000000 0.573578 0.819147 0.000000 0.819151 -0.573575 3957.dat
1 7 20.000000 -24.000100 -50.000000 1.000000 0.000000 0.000001 0.000000 1.000000 0.000000 -0.000001 0.000000 1.000000 3829c01.dat
1 7 19.999970 -23.999890 160.000000 1.000000 0.000000 0.000000 0.000000 1.000000 0.000000 0.000000 0.000000 1.000000 3794b.dat
1 7 20.000000 -8.000000 -70.000010 1.000000 0.000000 0.000000 0.000000 1.000000 0.000000 0.000000 0.000000 1.000000 3023.dat
1 7 20.000000 -0.000100 -60.000000 1.000000 0.000000 0.000000 0.000000 1.000000 0.000000 0.000000 0.000000 1.000000 4600.dat
1 7 20.000000 -8.000000 0.000000 0.000000 0.000000 -1.000000 0.000000 1.000000 0.000000 1.000000 0.000000 0.000000 3795.dat
1 7 20.000000 0.000100 60.000000 1.000000 0.000000 0.000000 0.000000 1.000000 0.000000 0.000000 0.000000 1.000000 4600.dat
1 7 20.000000 0.000100 20.000000 1.000000 0.000000 0.000000 0.000000 1.000000 0.000000 0.000000 0.000000 1.000000 4600.dat
1 7 20.000000 -8.000000 80.000010 -1.000000 0.000000 0.000000 0.000000 1.000000 0.000000 0.000000 0.000000 -1.000000 3731.dat
1 7 19.999990 0.000100 -20.000000 1.000000 0.000000 0.000000 0.000000 1.000000 0.000000 0.000000 0.000000 1.000000 3020.dat
1 7 20.000000 -24.000100 -60.000000 1.000000 0.000000 0.000000 0.000000 1.000000 0.000000 0.000000 0.000000 1.000000 3787.dat
1 7 20.000000 -23.999900 20.000000 1.000000 0.000000 0.000000 0.000000 1.000000 0.000000 0.000000 0.000000 1.000000 3787.dat
1 7 20.000000 -23.999900 60.000000 1.000000 0.000000 0.000000 0.000000 1.000000 0.000000 0.000000 0.000000 1.000000 3787.dat
1 7 20.000000 -24.000100 -70.000010 1.000000 0.000000 0.000000 0.000000 1.000000 0.000000 0.000000 0.000000 1.000000 3794b.dat
1 7 20.000000 -23.999900 60.000000 1.000000 0.000000 0.000000 0.000000 1.000000 0.000000 0.000000 0.000000 1.000000 3680.dat
1 7 20.000000 -23.999900 60.000020 0.584841 0.000000 0.811148 0.000000 1.000000 0.000000 -0.811148 0.000000 0.584841 3679.dat
1 7 8.303180 -31.999900 76.223000 0.584841 0.000000 0.811148 0.000000 1.000000 0.000000 -0.811148 0.000000 0.584841 3020.dat
1 7 20.000000 -39.999900 60.000020 0.811148 0.000000 -0.584841 0.000000 1.000000 0.000000 0.584841 0.000000 0.811148 3020.dat
1 7 36.222970 -47.999900 71.696840 0.584841 0.000000 0.811148 0.000000 1.000000 0.000000 -0.811148 0.000000 0.584841 3022.dat
1 7 44.334450 -71.999900 77.545250 0.584841 0.000000 0.811148 0.000000 1.000000 0.000000 -0.811148 0.000000 0.584841 3039.dat
1 7 -3.393630 -39.999900 92.445960 -0.584841 0.000000 -0.811148 0.000000 1.000000 0.000000 0.811148 0.000000 -0.584841 3956.dat
1 7 12.829330 -99.999900 104.142800 0.000000 -0.811148 0.584841 -1.000000 0.000000 0.000000 0.000000 -0.584841 -0.811148 3795.dat
1 7 6.340140 -149.999900 99.464050 0.584841 -0.811148 0.000000 0.000000 0.000000 1.000000 -0.811148 -0.584841 0.000000 3938.dat
1 7 6.340150 -149.999900 99.464050 0.584841 -0.811148 0.000000 0.000000 0.000000 1.000000 -0.811148 -0.584841 0.000000 3937.dat
1 7 -18.975810 -149.999900 93.539340 0.584841 -0.811148 0.000000 0.000000 0.000000 1.000000 -0.811148 -0.584841 0.000000 3960.dat
1 34 -31.954190 -149.999900 84.181880 0.584841 -0.811148 0.000000 0.000000 0.000000 1.000000 -0.811148 -0.584841 0.000000 3062b.dat
1 4 50.750000 5.499900 -60.000020 0.000001 0.000000 -1.000000 0.707106 0.707107 0.000000 0.707107 -0.707106 0.000001 4624.dat
1 256 50.250000 5.499900 -60.000000 0.000000 0.000000 -1.000000 0.112261 0.993679 0.000000 0.993679 -0.112261 0.000000 3641.dat
1 4 50.750000 5.500090 19.999990 0.000001 0.000000 -1.000000 0.707106 0.707107 0.000000 0.707107 -0.707106 0.000001 4624.dat
1 256 50.250000 5.500100 19.999990 0.000000 0.000000 -1.000000 0.112261 0.993679 0.000000 0.993679 -0.112261 0.000000 3641.dat
1 4 50.750000 5.500090 59.999990 0.000001 0.000000 -1.000000 0.707106 0.707107 0.000000 0.707107 -0.707106 0.000001 4624.dat
1 256 50.250000 5.500100 59.999990 0.000000 0.000000 -1.000000 0.112261 0.993679 0.000000 0.993679 -0.112261 0.000000 3641.dat
1 4 -10.750000 5.500090 60.000000 -0.000001 0.000000 1.000000 0.707106 0.707107 0.000000 -0.707107 0.707106 -0.000001 4624.dat
1 256 -10.250000 5.500100 60.000000 0.000000 0.000000 -1.000000 0.112261 0.993679 0.000000 0.993679 -0.112261 0.000000 3641.dat
1 4 -10.750000 5.500090 20.000000 -0.000001 0.000000 1.000000 0.707106 0.707107 0.000000 -0.707107 0.707106 -0.000001 4624.dat
1 256 -10.250000 5.500100 19.999990 0.000000 0.000000 -1.000000 0.112261 0.993679 0.000000 0.993679 -0.112261 0.000000 3641.dat
1 4 -10.750000 5.499900 -60.000000 -0.000001 0.000000 1.000000 0.707106 0.707107 0.000000 -0.707107 0.707106 -0.000001 4624.dat
1 256 -10.250000 5.499900 -60.000000 0.000000 0.000000 -1.000000 0.112261 0.993679 0.000000 0.993679 -0.112261 0.000000 3641.dat
1 7 20.000000 -24.000100 -70.000010 -1.000000 0.000000 0.000000 0.000000 1.000000 0.000000 0.000000 0.000000 -1.000000 3838.dat
1 7 19.999960 -63.999880 230.000000 -1.000000 0.000000 0.000000 0.000000 1.000000 0.000000 0.000000 0.000000 -1.000000 3479.dat
1 7 20.000000 -15.999890 250.000000 0.000000 0.000000 -1.000000 0.000000 1.000000 0.000000 1.000000 0.000000 0.000000 3795.dat
1 7 20.000000 -8.000000 250.000000 0.000000 0.000000 -1.000000 0.000000 1.000000 0.000000 1.000000 0.000000 0.000000 3034.dat
1 7 19.999970 -23.999890 170.000000 1.000000 0.000000 0.000000 0.000000 1.000000 0.000000 0.000000 0.000000 1.000000 3787.dat
1 7 19.999970 -8.000000 150.000000 1.000000 0.000000 0.000000 0.000000 1.000000 0.000000 0.000000 0.000000 1.000000 3730.dat
1 7 19.999970 0.000110 170.000000 1.000000 0.000000 0.000000 0.000000 1.000000 0.000000 0.000000 0.000000 1.000000 4600.dat
1 7 19.999970 -23.999880 330.000000 1.000000 0.000000 0.000000 0.000000 1.000000 0.000000 0.000000 0.000000 1.000000 3787.dat
1 7 19.999970 -8.000000 340.000000 1.000000 0.000000 0.000000 0.000000 1.000000 0.000000 0.000000 0.000000 1.000000 3023.dat
1 7 19.999970 0.000120 330.000000 1.000000 0.000000 0.000000 0.000000 1.000000 0.000000 0.000000 0.000000 1.000000 4600.dat
1 7 19.999970 -63.999880 350.000000 1.000000 0.000000 0.000000 0.000000 1.000000 0.000000 0.000000 0.000000 1.000000 3479.dat
1 256 50.249980 5.500110 170.000000 0.000000 0.000000 -1.000000 0.112261 0.993679 0.000000 0.993679 -0.112261 0.000000 3641.dat
1 4 50.749970 5.500100 170.000000 0.000001 0.000000 -1.000000 0.707106 0.707107 0.000000 0.707107 -0.707106 0.000001 4624.dat
1 4 -10.749920 5.500100 170.000000 -0.000001 0.000000 1.000000 0.707106 0.707107 0.000000 -0.707107 0.707106 -0.000001 4624.dat
1 256 -10.249930 5.500110 170.000000 0.000000 0.000000 1.000000 0.112261 0.993679 0.000000 -0.993679 0.112261 0.000000 3641.dat
1 4 -10.749960 5.500120 330.000000 -0.000001 0.000000 1.000000 0.707106 0.707107 0.000000 -0.707107 0.707106 -0.000001 4624.dat
1 256 -10.249930 5.500120 330.000000 0.000000 0.000000 1.000000 0.112261 0.993679 0.000000 -0.993679 0.112261 0.000000 3641.dat
1 7 17.999410 -101.957600 365.746500 1.000000 0.000000 0.000000 0.000000 0.819147 0.573578 0.000000 -0.573575 0.819151 3956.dat
1 15 17.999420 -129.811900 360.834600 1.000000 0.000000 0.000000 0.000000 0.573578 -0.819147 0.000000 0.819151 0.573575 3941.dat
1 0 17.999420 -116.046200 380.494400 1.000000 0.000000 0.000000 0.000000 0.573578 -0.819147 0.000000 0.819151 0.573575 3941.dat
1 15 17.999410 -102.280200 400.154100 1.000000 0.000000 0.000000 0.000000 0.573578 -0.819147 0.000000 0.819151 0.573575 3941.dat
1 15 17.999400 -88.514480 419.813700 1.000000 0.000000 0.000000 0.000000 0.573578 -0.819147 0.000000 0.819151 0.573575 3941.dat
1 15 17.999420 -148.166500 334.622000 1.000000 0.000000 0.000000 0.000000 0.573578 -0.819147 0.000000 0.819151 0.573575 3941.dat
1 15 17.999430 -161.932700 314.962000 1.000000 0.000000 0.000000 0.000000 0.573578 -0.819147 0.000000 0.819151 0.573575 3941.dat
1 0 17.999430 -175.696900 295.304800 1.000000 0.000000 0.000000 0.000000 0.573578 -0.819147 0.000000 0.819151 0.573575 3941.dat
1 15 17.999440 -189.462900 275.645400 1.000000 0.000000 0.000000 0.000000 0.573578 -0.819147 0.000000 0.819151 0.573575 3941.dat
1 15 17.999450 -216.994600 236.325800 -1.000000 0.000000 0.000000 0.000000 0.573578 0.819147 0.000000 0.819151 -0.573575 3942c.dat
1 0 17.999400 -74.748520 439.473000 -1.000000 0.000000 0.000000 0.000000 0.573579 0.819147 0.000000 0.819151 -0.573575 3942c.dat
1 36 17.999450 -214.377700 205.194300 -1.000000 0.000000 0.000000 0.000000 0.573578 0.819147 0.000000 0.819151 -0.573575 3024.dat
1 7 17.999450 -209.789100 211.747600 -1.000000 0.000000 0.000000 0.000000 0.573578 0.819147 0.000000 0.819151 -0.573575 3024.dat
1 7 17.999460 -235.564300 209.805700 -1.000000 0.000000 0.000000 0.000000 0.573578 0.819147 0.000000 0.819151 -0.573575 3963.dat
1 7 17.999450 -213.391500 224.037100 0.000000 0.000000 1.000000 0.819147 0.573578 0.000000 -0.573575 0.819151 0.000000 3023.dat
1 4 -12.000540 -229.900200 217.894500 0.000000 -1.000000 0.000000 -0.573579 0.000000 0.819147 -0.819151 0.000000 -0.573575 3794b.dat
1 4 47.999460 -229.900400 217.894700 0.000000 1.000000 0.000000 -0.573578 0.000000 -0.819147 -0.819151 0.000000 0.573575 3794b.dat
1 4 50.750020 5.500120 330.000000 0.000001 0.000000 -1.000000 0.707106 0.707107 0.000000 0.707107 -0.707106 0.000001 4624.dat
1 256 50.250030 5.500120 330.000000 0.000000 0.000000 1.000000 0.112261 0.993679 0.000000 -0.993679 0.112261 0.000000 3641.dat
1 7 19.999970 -69.999880 380.000000 1.000000 0.000000 0.000000 0.000000 1.000000 0.000000 0.000000 0.000000 1.000000 3149e.dat
1 7 17.999970 -69.999880 380.000000 1.000000 0.000000 0.000000 0.000000 0.819151 0.573578 0.000000 -0.573578 0.819151 314e.dat
1 0 17.999970 -69.999880 380.000000 1.000000 0.000000 0.000000 0.000000 1.000000 0.000000 0.000000 0.000000 1.000000 313.dat
1 7 19.999950 -71.999880 250.000000 0.000000 0.000000 -1.000000 0.000000 1.000000 0.000000 1.000000 0.000000 0.000000 3020.dat
