0 483-Alpha-1RocketBase.ldr
0 Name: 483 - Alpha-1 Rocket Base
0 Author: Damien Roux [Darats]
0 Theme: Space
0 CustomBrick

1 15 30.000000 -400.000000 -200.000000 0.000000 0.000000 -1.000000 0.000000 1.000000 0.000000 1.000000 0.000000 0.000000 3942c.dat
1 0 30.000000 -112.000000 -200.000000 0.000000 0.000000 -1.000000 0.000000 1.000000 0.000000 1.000000 0.000000 0.000000 3942c.dat
1 7 449.970500 -44.000000 -91.428730 0.984808 0.000000 -0.173649 0.000000 1.000000 0.000000 0.173649 0.000000 0.984808 3794b.dat
1 7 21.338750 -248.000000 45.000000 -0.500000 0.000000 0.866025 0.000000 1.000000 0.000000 -0.866025 0.000000 -0.500000 3794b.dat
1 7 38.659250 -248.000000 35.000000 -0.500000 0.000000 0.866025 0.000000 1.000000 0.000000 -0.866025 0.000000 -0.500000 3794b.dat
1 7 180.000000 -72.000000 -250.000000 0.000000 0.000000 1.000000 0.000000 1.000000 0.000000 -1.000000 0.000000 0.000000 4599a.dat
1 7 20.000010 -356.000000 -312.000000 -1.000000 0.000000 0.000000 0.000000 0.000000 1.000000 0.000000 1.000000 0.000000 4599a.dat
1 1 -20.000000 -200.000000 0.000000 0.000000 0.000000 -1.000000 0.000000 1.000000 0.000000 1.000000 0.000000 0.000000 3660.dat
1 1 -20.000000 -200.000000 40.000000 0.000000 0.000000 -1.000000 0.000000 1.000000 0.000000 1.000000 0.000000 0.000000 3660.dat
1 1 -20.000000 -200.000000 80.000000 0.000000 0.000000 -1.000000 0.000000 1.000000 0.000000 1.000000 0.000000 0.000000 3660.dat
1 1 -20.000000 -104.000000 40.000000 0.000000 0.000000 -1.000000 0.000000 1.000000 0.000000 1.000000 0.000000 0.000000 3039.dat
1 1 -20.000000 -104.000000 0.000000 0.000000 0.000000 -1.000000 0.000000 1.000000 0.000000 1.000000 0.000000 0.000000 3039.dat
1 1 -20.000000 -104.000000 80.000000 0.000000 0.000000 -1.000000 0.000000 1.000000 0.000000 1.000000 0.000000 0.000000 3039.dat
1 7 432.605600 -60.000000 7.052080 0.984808 0.000000 -0.173649 0.000000 1.000000 0.000000 0.173649 0.000000 0.984808 3039.dat
1 7 436.476600 -94.000000 112.917700 0.976297 -0.216439 0.000000 0.000000 0.000000 1.000000 -0.216439 -0.976297 0.000000 3839b.dat
1 7 56.161960 -277.556200 85.315540 0.866025 -0.353554 -0.353554 0.000000 -0.707107 0.707107 -0.500000 -0.612372 -0.612372 3839b.dat
1 7 49.090890 -263.414100 73.068110 -0.866025 -0.353554 0.353554 0.000000 -0.707107 -0.707107 0.500000 -0.612372 0.612372 3839b.dat
1 7 30.000000 -146.000000 -234.000000 -1.000000 0.000000 0.000000 0.000000 1.000000 0.000000 0.000000 0.000000 -1.000000 3839b.dat
1 7 30.000000 -258.000000 -234.000000 -1.000000 0.000000 0.000000 0.000000 1.000000 0.000000 0.000000 0.000000 -1.000000 3839b.dat
1 7 30.000000 -378.000000 -234.000000 -1.000000 0.000000 0.000000 0.000000 1.000000 0.000000 0.000000 0.000000 -1.000000 3839b.dat
1 7 30.000000 -432.000000 -210.000000 1.000000 0.000000 0.000000 0.000000 1.000000 0.000000 0.000000 0.000000 1.000000 3839b.dat
1 7 30.000000 -432.000000 -190.000000 -1.000000 0.000000 0.000000 0.000000 1.000000 0.000000 0.000000 0.000000 -1.000000 3839b.dat
1 7 10.000000 0.000000 40.000000 0.000000 0.000000 -1.000000 0.000000 1.000000 0.000000 1.000000 0.000000 0.000000 3811.dat
1 7 448.233900 -20.000000 -81.580640 0.984808 0.000000 -0.173649 0.000000 1.000000 0.000000 0.173649 0.000000 0.984808 122c01.dat
1 7 434.342000 -20.000000 -2.796000 0.984808 0.000000 -0.173649 0.000000 1.000000 0.000000 0.173649 0.000000 0.984808 122c01.dat
1 7 441.288000 -20.000000 -42.188320 0.984808 0.000000 -0.173649 0.000000 1.000000 0.000000 0.173649 0.000000 0.984808 3020.dat
1 7 441.288000 -28.000000 -42.188320 0.173649 0.000000 0.984808 0.000000 1.000000 0.000000 -0.984808 0.000000 0.173649 3020.dat
1 7 449.970500 -28.000000 -91.428730 -0.984808 0.000000 0.173649 0.000000 1.000000 0.000000 -0.173649 0.000000 -0.984808 3023.dat
1 7 430.869000 -28.000000 16.900160 -0.984808 0.000000 0.173649 0.000000 1.000000 0.000000 -0.173649 0.000000 -0.984808 3731.dat
1 256 477.778200 -14.000000 -76.371170 -0.173649 0.000000 -0.984808 0.000000 1.000000 0.000000 0.984808 0.000000 -0.173649 3641.dat
1 256 463.886300 -14.000000 2.413470 -0.173649 0.000000 -0.984808 0.000000 1.000000 0.000000 0.984808 0.000000 -0.173649 3641.dat
1 256 404.797800 -14.000000 -8.005469 0.173649 0.000000 0.984808 0.000000 1.000000 0.000000 -0.984808 0.000000 0.173649 3641.dat
1 256 418.689700 -14.000000 -86.790130 0.173649 0.000000 0.984808 0.000000 1.000000 0.000000 -0.984808 0.000000 0.173649 3641.dat
1 7 448.233900 -44.000000 -81.580640 0.984808 0.000000 -0.173649 0.000000 1.000000 0.000000 0.173649 0.000000 0.984808 3787.dat
1 7 434.342000 -44.000000 -2.796000 0.984808 0.000000 -0.173649 0.000000 1.000000 0.000000 0.173649 0.000000 0.984808 3787.dat
1 7 446.497500 -44.000000 -71.732560 0.984808 0.000000 -0.173649 0.000000 1.000000 0.000000 0.173649 0.000000 0.984808 3829c01.dat
1 7 422.757500 -68.000000 5.315590 0.984808 0.000000 -0.173649 0.000000 1.000000 0.000000 0.173649 0.000000 0.984808 3957.dat
1 7 449.970500 -46.000000 -91.428730 -0.984808 0.000000 0.173649 0.000000 1.000000 0.000000 -0.173649 0.000000 -0.984808 3838.dat
1 7 447.731500 -28.000000 163.684400 -0.216439 0.000000 0.976297 0.000000 1.000000 0.000000 -0.976297 0.000000 -0.216439 3795.dat
1 7 456.388900 -20.000000 202.737000 -0.976297 0.000000 -0.216439 0.000000 1.000000 0.000000 0.216439 0.000000 -0.976297 122c01.dat
1 7 434.745200 -20.000000 105.107400 -0.976297 0.000000 -0.216439 0.000000 1.000000 0.000000 0.216439 0.000000 -0.976297 122c01.dat
1 7 430.416400 -28.000000 85.581110 0.976297 0.000000 0.216439 0.000000 1.000000 0.000000 -0.216439 0.000000 0.976297 3730.dat
1 256 464.034100 -14.000000 98.613910 0.216439 0.000000 -0.976297 0.000000 1.000000 0.000000 0.976297 0.000000 0.216439 3641.dat
1 256 485.677900 -14.000000 196.243400 0.216439 0.000000 -0.976297 0.000000 1.000000 0.000000 0.976297 0.000000 0.216439 3641.dat
1 256 427.100100 -14.000000 209.229700 -0.216439 0.000000 0.976297 0.000000 1.000000 0.000000 -0.976297 0.000000 -0.216439 3641.dat
1 256 405.456300 -14.000000 111.600000 -0.216439 0.000000 0.976297 0.000000 1.000000 0.000000 -0.976297 0.000000 -0.216439 3641.dat
1 34 466.198500 -52.000000 108.376900 -0.216439 0.000000 0.976297 0.000000 1.000000 0.000000 -0.976297 0.000000 -0.216439 3024.dat
1 34 407.620600 -52.000000 121.363200 -0.216439 0.000000 0.976297 0.000000 1.000000 0.000000 -0.976297 0.000000 -0.216439 3024.dat
1 7 434.745200 -44.000000 105.107400 -0.976297 0.000000 -0.216439 0.000000 1.000000 0.000000 0.216439 0.000000 -0.976297 3788.dat
1 7 456.388900 -44.000000 202.737000 -0.976297 0.000000 -0.216439 0.000000 1.000000 0.000000 0.216439 0.000000 -0.976297 3788.dat
1 7 428.252000 -36.000000 75.818140 -0.976297 0.000000 -0.216439 0.000000 1.000000 0.000000 0.216439 0.000000 -0.976297 3023.dat
1 7 430.416400 -44.000000 85.581110 -0.976297 0.000000 -0.216439 0.000000 1.000000 0.000000 0.216439 0.000000 -0.976297 3956.dat
1 7 456.388900 -44.000000 202.737000 -0.976297 0.000000 -0.216439 0.000000 1.000000 0.000000 0.216439 0.000000 -0.976297 3956.dat
1 7 432.580800 -52.000000 95.344100 -0.976297 0.000000 -0.216439 0.000000 1.000000 0.000000 0.216439 0.000000 -0.976297 3710.dat
1 7 438.208200 -84.000000 120.728000 0.000000 -0.216439 -0.976297 1.000000 0.000000 0.000000 0.000000 -0.976297 0.216439 3020.dat
1 7 460.717800 -84.000000 222.262400 0.000000 -0.216439 -0.976297 1.000000 0.000000 0.000000 0.000000 -0.976297 0.216439 3020.dat
1 7 458.986300 -104.000000 214.452000 0.000000 -0.216439 -0.976297 1.000000 0.000000 0.000000 0.000000 -0.976297 0.216439 3941.dat
1 7 453.791800 -104.000000 191.021000 0.000000 -0.216439 -0.976297 1.000000 0.000000 0.000000 0.000000 -0.976297 0.216439 3941.dat
1 7 448.597300 -104.000000 167.590100 0.000000 -0.216439 -0.976297 1.000000 0.000000 0.000000 0.000000 -0.976297 0.216439 3941.dat
1 7 443.402700 -104.000000 144.159000 0.000000 -0.216439 -0.976297 1.000000 0.000000 0.000000 0.000000 -0.976297 0.216439 3941.dat
1 7 458.986300 -64.000000 214.452000 0.000000 -0.216439 -0.976297 1.000000 0.000000 0.000000 0.000000 -0.976297 0.216439 3941.dat
1 7 453.791800 -64.000000 191.021000 0.000000 -0.216439 -0.976297 1.000000 0.000000 0.000000 0.000000 -0.976297 0.216439 3941.dat
1 7 448.597300 -64.000000 167.590100 0.000000 -0.216439 -0.976297 1.000000 0.000000 0.000000 0.000000 -0.976297 0.216439 3941.dat
1 7 443.402700 -64.000000 144.159000 0.000000 -0.216439 -0.976297 1.000000 0.000000 0.000000 0.000000 -0.976297 0.216439 3941.dat
1 7 432.580800 -60.000000 95.344100 -0.976297 0.000000 -0.216439 0.000000 1.000000 0.000000 0.216439 0.000000 -0.976297 3829c01.dat
1 1 170.000000 -24.000000 -240.000000 0.000000 0.000000 -1.000000 0.000000 1.000000 0.000000 1.000000 0.000000 0.000000 3941.dat
1 1 30.000000 -24.000000 -200.000000 0.000000 0.000000 -1.000000 0.000000 1.000000 0.000000 1.000000 0.000000 0.000000 3941.dat
1 1 170.000000 -24.000000 -140.000000 0.000000 0.000000 -1.000000 0.000000 1.000000 0.000000 1.000000 0.000000 0.000000 3941.dat
1 1 30.000000 -24.000000 -250.000000 1.000000 0.000000 0.000000 0.000000 1.000000 0.000000 0.000000 0.000000 1.000000 3010.dat
1 1 170.000000 -48.000000 -240.000000 0.000000 0.000000 -1.000000 0.000000 1.000000 0.000000 1.000000 0.000000 0.000000 3941.dat
1 1 30.000000 -48.000000 -200.000000 0.000000 0.000000 -1.000000 0.000000 1.000000 0.000000 1.000000 0.000000 0.000000 3941.dat
1 1 170.000000 -48.000000 -140.000000 0.000000 0.000000 -1.000000 0.000000 1.000000 0.000000 1.000000 0.000000 0.000000 3941.dat
1 1 30.000000 -48.000000 -250.000000 1.000000 0.000000 0.000000 0.000000 1.000000 0.000000 0.000000 0.000000 1.000000 3010.dat
1 1 100.000000 -24.000000 40.000000 1.000000 0.000000 0.000000 0.000000 1.000000 0.000000 0.000000 0.000000 1.000000 3002.dat
1 1 90.000000 -48.000000 40.000000 1.000000 0.000000 0.000000 0.000000 1.000000 0.000000 0.000000 0.000000 1.000000 3003.dat
1 1 70.000000 -48.000000 100.000000 -1.000000 0.000000 0.000000 0.000000 1.000000 0.000000 0.000000 0.000000 -1.000000 3479.dat
1 1 70.000000 -48.000000 -20.000000 1.000000 0.000000 0.000000 0.000000 1.000000 0.000000 0.000000 0.000000 1.000000 3479.dat
1 1 -10.000000 -48.000000 -20.000000 1.000000 0.000000 0.000000 0.000000 1.000000 0.000000 0.000000 0.000000 1.000000 3479.dat
1 1 -10.000000 -48.000000 100.000000 -1.000000 0.000000 0.000000 0.000000 1.000000 0.000000 0.000000 0.000000 -1.000000 3479.dat
1 1 0.000000 -56.000000 -250.000000 -1.000000 0.000000 0.000000 0.000000 1.000000 0.000000 0.000000 0.000000 -1.000000 3024.dat
1 1 30.000000 -56.000000 40.000000 0.000000 0.000000 -1.000000 0.000000 1.000000 0.000000 1.000000 0.000000 0.000000 3036.dat
1 1 200.000000 -8.000000 -240.000000 0.000000 0.000000 1.000000 0.000000 1.000000 0.000000 -1.000000 0.000000 0.000000 3829c01.dat
1 1 200.000000 -8.000000 -140.000000 0.000000 0.000000 1.000000 0.000000 1.000000 0.000000 -1.000000 0.000000 0.000000 3829c01.dat
1 1 160.000000 -56.000000 -180.000000 0.000000 0.000000 1.000000 0.000000 1.000000 0.000000 -1.000000 0.000000 0.000000 3666.dat
1 1 30.000000 -56.000000 -270.000000 -1.000000 0.000000 0.000000 0.000000 1.000000 0.000000 0.000000 0.000000 -1.000000 3149e.dat
1 4 30.000000 -56.000000 -270.000000 -1.000000 0.000000 0.000000 0.000000 1.000000 0.000000 0.000000 0.000000 -1.000000 313.dat
1 1 30.000000 -56.000000 -270.000000 -1.000000 0.000000 0.000000 0.000000 0.000000 1.000000 0.000000 1.000000 0.000000 314e.dat
1 1 110.000000 -56.000000 -250.000000 -1.000000 0.000000 0.000000 0.000000 1.000000 0.000000 0.000000 0.000000 -1.000000 3666.dat
1 1 30.000000 -64.000000 -140.000000 0.000000 0.000000 -1.000000 0.000000 1.000000 0.000000 1.000000 0.000000 0.000000 3029.dat
1 1 30.000000 -72.000000 -30.000000 1.000000 0.000000 0.000000 0.000000 1.000000 0.000000 0.000000 0.000000 1.000000 3710.dat
1 1 30.000000 -80.000000 -30.000000 1.000000 0.000000 0.000000 0.000000 1.000000 0.000000 0.000000 0.000000 1.000000 3710.dat
1 1 80.000000 -80.000000 -30.000000 1.000000 0.000000 0.000000 0.000000 1.000000 0.000000 0.000000 0.000000 1.000000 3005.dat
1 1 -20.000000 -80.000000 40.000000 0.000000 0.000000 1.000000 0.000000 1.000000 0.000000 -1.000000 0.000000 0.000000 3008.dat
1 1 20.000000 -80.000000 110.000000 -1.000000 0.000000 0.000000 0.000000 1.000000 0.000000 0.000000 0.000000 -1.000000 3622.dat
1 1 70.000000 -80.000000 110.000000 -1.000000 0.000000 0.000000 0.000000 1.000000 0.000000 0.000000 0.000000 -1.000000 3004.dat
1 1 30.000000 -104.000000 110.000000 -1.000000 0.000000 0.000000 0.000000 1.000000 0.000000 0.000000 0.000000 -1.000000 3009.dat
1 1 30.000000 -104.000000 -30.000000 -1.000000 0.000000 0.000000 0.000000 1.000000 0.000000 0.000000 0.000000 -1.000000 3009.dat
1 14 30.000000 -72.000000 -230.000000 1.000000 0.000000 0.000000 0.000000 1.000000 0.000000 0.000000 0.000000 1.000000 3710.dat
1 14 30.000000 -72.000000 -170.000000 1.000000 0.000000 0.000000 0.000000 1.000000 0.000000 0.000000 0.000000 1.000000 3710.dat
1 14 0.000000 -72.000000 -200.000000 0.000000 0.000000 1.000000 0.000000 1.000000 0.000000 -1.000000 0.000000 0.000000 3023.dat
1 14 60.000000 -72.000000 -200.000000 0.000000 0.000000 1.000000 0.000000 1.000000 0.000000 -1.000000 0.000000 0.000000 3023.dat
1 1 30.000000 -166.000000 -288.000000 0.000000 0.000000 -1.000000 -1.000000 0.000000 0.000000 0.000000 1.000000 0.000000 3832.dat
1 1 30.000000 -246.000000 -280.000000 0.000000 0.000000 -1.000000 -1.000000 0.000000 0.000000 0.000000 1.000000 0.000000 3832.dat
1 1 30.000000 -346.000000 -288.000000 0.000000 0.000000 -1.000000 -1.000000 0.000000 0.000000 0.000000 1.000000 0.000000 3034.dat
1 1 30.000000 -386.000000 -296.000000 -1.000000 0.000000 0.000000 0.000000 0.000000 1.000000 0.000000 1.000000 0.000000 3956.dat
1 1 30.000000 -386.000000 -244.000000 1.000000 0.000000 0.000000 0.000000 1.000000 0.000000 0.000000 0.000000 1.000000 3956.dat
1 1 30.000000 -266.000000 -244.000000 1.000000 0.000000 0.000000 0.000000 1.000000 0.000000 0.000000 0.000000 1.000000 3956.dat
1 1 30.000000 -154.000000 -244.000000 1.000000 0.000000 0.000000 0.000000 1.000000 0.000000 0.000000 0.000000 1.000000 3956.dat
1 1 30.000000 -386.000000 -280.000000 0.000000 0.000000 -1.000000 -1.000000 0.000000 0.000000 0.000000 1.000000 0.000000 3020.dat
1 1 80.000000 -128.000000 -30.000000 -1.000000 0.000000 0.000000 0.000000 1.000000 0.000000 0.000000 0.000000 -1.000000 3005.dat
1 1 80.000000 -128.000000 110.000000 -1.000000 0.000000 0.000000 0.000000 1.000000 0.000000 0.000000 0.000000 -1.000000 3005.dat
1 1 -20.000000 -128.000000 100.000000 0.000000 0.000000 -1.000000 0.000000 1.000000 0.000000 1.000000 0.000000 0.000000 3004.dat
1 1 -20.000000 -128.000000 -20.000000 0.000000 0.000000 -1.000000 0.000000 1.000000 0.000000 1.000000 0.000000 0.000000 3004.dat
1 46 -20.000000 -128.000000 40.000000 0.000000 0.000000 -1.000000 0.000000 1.000000 0.000000 1.000000 0.000000 0.000000 3066.dat
1 46 30.000000 -128.000000 110.000000 1.000000 0.000000 0.000000 0.000000 1.000000 0.000000 0.000000 0.000000 1.000000 3066.dat
1 46 30.000000 -128.000000 -30.000000 -1.000000 0.000000 0.000000 0.000000 1.000000 0.000000 0.000000 0.000000 -1.000000 3066.dat
1 1 80.000000 -152.000000 -30.000000 -1.000000 0.000000 0.000000 0.000000 1.000000 0.000000 0.000000 0.000000 -1.000000 3005.dat
1 1 80.000000 -152.000000 110.000000 -1.000000 0.000000 0.000000 0.000000 1.000000 0.000000 0.000000 0.000000 -1.000000 3005.dat
1 1 -20.000000 -152.000000 100.000000 0.000000 0.000000 -1.000000 0.000000 1.000000 0.000000 1.000000 0.000000 0.000000 3004.dat
1 1 -20.000000 -152.000000 -20.000000 0.000000 0.000000 -1.000000 0.000000 1.000000 0.000000 1.000000 0.000000 0.000000 3004.dat
1 46 -20.000000 -152.000000 40.000000 0.000000 0.000000 -1.000000 0.000000 1.000000 0.000000 1.000000 0.000000 0.000000 3066.dat
1 46 30.000000 -152.000000 110.000000 1.000000 0.000000 0.000000 0.000000 1.000000 0.000000 0.000000 0.000000 1.000000 3066.dat
1 46 30.000000 -152.000000 -30.000000 -1.000000 0.000000 0.000000 0.000000 1.000000 0.000000 0.000000 0.000000 -1.000000 3066.dat
1 1 80.000000 -176.000000 -30.000000 -1.000000 0.000000 0.000000 0.000000 1.000000 0.000000 0.000000 0.000000 -1.000000 3005.dat
1 1 80.000000 -176.000000 110.000000 -1.000000 0.000000 0.000000 0.000000 1.000000 0.000000 0.000000 0.000000 -1.000000 3005.dat
1 1 -20.000000 -176.000000 100.000000 0.000000 0.000000 -1.000000 0.000000 1.000000 0.000000 1.000000 0.000000 0.000000 3004.dat
1 1 -20.000000 -176.000000 -20.000000 0.000000 0.000000 -1.000000 0.000000 1.000000 0.000000 1.000000 0.000000 0.000000 3004.dat
1 46 -20.000000 -176.000000 40.000000 0.000000 0.000000 -1.000000 0.000000 1.000000 0.000000 1.000000 0.000000 0.000000 3066.dat
1 46 30.000000 -176.000000 110.000000 1.000000 0.000000 0.000000 0.000000 1.000000 0.000000 0.000000 0.000000 1.000000 3066.dat
1 46 30.000000 -176.000000 -30.000000 -1.000000 0.000000 0.000000 0.000000 1.000000 0.000000 0.000000 0.000000 -1.000000 3066.dat
1 1 30.000000 -200.000000 -30.000000 -1.000000 0.000000 0.000000 0.000000 1.000000 0.000000 0.000000 0.000000 -1.000000 3009.dat
1 1 30.000000 -200.000000 110.000000 -1.000000 0.000000 0.000000 0.000000 1.000000 0.000000 0.000000 0.000000 -1.000000 3009.dat
1 46 30.000000 -208.000000 40.000000 0.000000 0.000000 -1.000000 0.000000 1.000000 0.000000 1.000000 0.000000 0.000000 3036.dat
1 36 80.000000 -232.000000 110.000000 0.000000 0.000000 -1.000000 0.000000 1.000000 0.000000 1.000000 0.000000 0.000000 3062a.dat
1 36 80.000000 -232.000000 -30.000000 0.000000 0.000000 -1.000000 0.000000 1.000000 0.000000 1.000000 0.000000 0.000000 3062a.dat
1 7 -10.000000 -216.000000 100.000000 0.000000 0.000000 -1.000000 0.000000 1.000000 0.000000 1.000000 0.000000 0.000000 3957.dat
1 36 30.000000 -438.000000 -316.000000 0.000000 0.000000 -1.000000 0.000000 1.000000 0.000000 1.000000 0.000000 0.000000 3062a.dat
1 34 30.000000 -462.000000 -316.000000 0.000000 0.000000 -1.000000 0.000000 1.000000 0.000000 1.000000 0.000000 0.000000 3062a.dat
1 15 30.000000 -136.000000 -200.000000 0.000000 0.000000 -1.000000 0.000000 1.000000 0.000000 1.000000 0.000000 0.000000 3941.dat
1 15 30.000000 -160.000000 -200.000000 0.000000 0.000000 -1.000000 0.000000 1.000000 0.000000 1.000000 0.000000 0.000000 3941.dat
1 0 30.000000 -184.000000 -200.000000 0.000000 0.000000 -1.000000 0.000000 1.000000 0.000000 1.000000 0.000000 0.000000 3941.dat
1 15 30.000000 -208.000000 -200.000000 0.000000 0.000000 -1.000000 0.000000 1.000000 0.000000 1.000000 0.000000 0.000000 3941.dat
1 15 30.000000 -232.000000 -200.000000 0.000000 0.000000 -1.000000 0.000000 1.000000 0.000000 1.000000 0.000000 0.000000 3941.dat
1 15 30.000000 -256.000000 -200.000000 0.000000 0.000000 -1.000000 0.000000 1.000000 0.000000 1.000000 0.000000 0.000000 3941.dat
1 15 30.000000 -280.000000 -200.000000 0.000000 0.000000 -1.000000 0.000000 1.000000 0.000000 1.000000 0.000000 0.000000 3941.dat
1 0 30.000000 -304.000000 -200.000000 0.000000 0.000000 -1.000000 0.000000 1.000000 0.000000 1.000000 0.000000 0.000000 3941.dat
1 15 30.000000 -328.000000 -200.000000 0.000000 0.000000 -1.000000 0.000000 1.000000 0.000000 1.000000 0.000000 0.000000 3941.dat
1 15 30.000000 -352.000000 -200.000000 0.000000 0.000000 -1.000000 0.000000 1.000000 0.000000 1.000000 0.000000 0.000000 3941.dat
1 7 30.000000 -424.000000 -200.000000 0.000000 0.000000 -1.000000 0.000000 1.000000 0.000000 1.000000 0.000000 0.000000 3941.dat
1 36 40.000000 -440.000000 -210.000000 -1.000000 0.000000 0.000000 0.000000 1.000000 0.000000 0.000000 0.000000 -1.000000 3024.dat
1 36 20.000000 -440.000000 -190.000000 -1.000000 0.000000 0.000000 0.000000 1.000000 0.000000 0.000000 0.000000 -1.000000 3024.dat
1 34 20.000000 -440.000000 -210.000000 -1.000000 0.000000 0.000000 0.000000 1.000000 0.000000 0.000000 0.000000 -1.000000 3024.dat
1 34 40.000000 -440.000000 -190.000000 -1.000000 0.000000 0.000000 0.000000 1.000000 0.000000 0.000000 0.000000 -1.000000 3024.dat
1 7 30.000000 -448.000000 -200.000000 -1.000000 0.000000 0.000000 0.000000 1.000000 0.000000 0.000000 0.000000 -1.000000 3022.dat
1 7 30.000000 -456.000000 -200.000000 -1.000000 0.000000 0.000000 0.000000 1.000000 0.000000 0.000000 0.000000 -1.000000 3957.dat
1 7 30.000000 -216.000000 40.000000 -1.000000 0.000000 0.000000 0.000000 1.000000 0.000000 0.000000 0.000000 -1.000000 3680.dat
1 7 29.999000 -216.000000 40.000000 0.866025 0.000000 0.500000 0.000000 1.000000 0.000000 -0.500000 0.000000 0.866025 3679.dat
1 7 29.999000 -240.000000 40.000000 0.866025 0.000000 0.500000 0.000000 1.000000 0.000000 -0.500000 0.000000 0.866025 3941.dat
1 7 29.999000 -272.000000 40.000000 -0.866025 0.000000 -0.500000 0.000000 1.000000 0.000000 0.500000 0.000000 -0.866025 3937.dat
1 7 33.534540 -269.070900 46.123720 0.866025 -0.353554 0.353554 0.000000 0.707107 0.707107 -0.500000 -0.612372 0.612372 3938.dat
1 7 32.827430 -281.798900 44.898980 -0.866025 -0.353554 -0.353554 0.000000 0.707107 -0.707107 0.500000 -0.612372 -0.612372 3956.dat
1 7 46.969570 -281.798900 69.393880 -0.866025 -0.353554 0.353554 0.000000 -0.707107 -0.707107 0.500000 -0.612372 0.612372 3941.dat
1 7 38.484280 -298.769400 54.696940 -0.866025 -0.353554 0.353554 0.000000 -0.707107 -0.707107 0.500000 -0.612372 0.612372 3062a.dat
1 7 29.999000 -315.740000 40.000000 -0.866025 -0.353554 0.353554 0.000000 -0.707107 -0.707107 0.500000 -0.612372 0.612372 3062a.dat
1 34 15.856860 -344.024300 15.505110 -0.866025 -0.353554 0.353554 0.000000 -0.707107 -0.707107 0.500000 -0.612372 0.612372 3062a.dat
1 7 21.513720 -332.710600 25.303060 -0.866025 -0.353554 0.353554 0.000000 -0.707107 -0.707107 0.500000 -0.612372 0.612372 3960.dat
1 7 40.000000 -356.000000 -312.000000 -1.000000 0.000000 0.000000 0.000000 0.000000 1.000000 0.000000 1.000000 0.000000 4599a.dat
1 7 20.000000 -95.999980 -312.000000 1.000000 0.000000 0.000000 0.000000 0.000000 -1.000000 0.000000 1.000000 0.000000 4599a.dat
1 7 40.000000 -96.000000 -312.000000 1.000000 0.000000 0.000000 0.000000 0.000000 -1.000000 0.000000 1.000000 0.000000 4599a.dat
1 7 180.000000 -72.000000 -230.000000 0.000000 0.000000 1.000000 0.000000 1.000000 0.000000 -1.000000 0.000000 0.000000 4599a.dat
1 7 180.000000 -72.000000 -150.000000 0.000000 0.000000 1.000000 0.000000 1.000000 0.000000 -1.000000 0.000000 0.000000 4599a.dat
1 7 180.000000 -72.000000 -130.000000 0.000000 0.000000 1.000000 0.000000 1.000000 0.000000 -1.000000 0.000000 0.000000 4599a.dat
