0 6821-LunarRockCollector.ldr
0 Name: 6821 - Lunar Rock Collector
0 Author: Willy Tschager [Holly-Wood]
0 Theme: Space
0 CustomBrick

1 7 0.000000 0.000000 0.000000 0.000000 0.000000 1.000000 0.000000 1.000000 0.000000 -1.000000 0.000000 0.000000 3795.dat
1 14 -8.000000 26.000000 -196.000000 1.000000 0.000000 0.000000 0.000000 0.998204 -0.059904 0.000000 0.059904 0.998204 3024.dat
1 7 0.000000 8.000000 50.000000 -1.000000 0.000000 0.000000 0.000000 1.000000 0.000000 0.000000 0.000000 -1.000000 3004.dat
1 7 0.000000 8.000000 30.000000 1.000000 0.000000 0.000000 0.000000 1.000000 0.000000 0.000000 0.000000 1.000000 3747a.dat
1 7 0.000000 32.000000 40.000000 1.000000 0.000000 0.000000 0.000000 1.000000 0.000000 0.000000 0.000000 1.000000 122c01.dat
1 7 0.000000 31.908700 -42.091760 1.000000 0.000000 0.000000 0.000000 1.000001 0.000000 0.000000 0.000000 1.000001 122c01.dat
1 256 -30.000000 38.000000 40.000000 0.000000 0.000000 1.000000 0.000000 1.000000 0.000000 -1.000000 0.000000 0.000000 3641.dat
1 256 30.000000 38.000000 40.000000 0.000000 0.000000 1.000000 0.000000 1.000000 0.000000 -1.000000 0.000000 0.000000 3641.dat
1 256 -29.999990 37.908720 -42.091380 0.000000 0.000000 1.000000 0.000001 0.999995 0.000000 -0.999995 0.000000 0.000000 3641.dat
1 256 30.000600 37.908720 -42.091400 0.000000 0.000000 1.000000 0.000001 0.999995 0.000000 -0.999995 0.000000 0.000000 3641.dat
1 7 0.000000 -24.000000 50.000000 1.000000 0.000000 0.000000 0.000000 1.000000 0.000000 0.000000 0.000000 1.000000 3039p34.dat
1 7 10.000000 -32.000000 50.000000 0.000000 0.000000 -1.000000 0.000000 1.000000 0.000000 1.000000 0.000000 0.000000 4085a.dat
1 7 -30.000000 -8.000000 -50.000000 0.000000 0.000000 1.000000 0.000000 1.000000 0.000000 -1.000000 0.000000 0.000000 3963.dat
1 7 30.000000 -8.000000 -50.000000 0.000000 0.000000 -1.000000 0.000000 1.000000 0.000000 1.000000 0.000000 0.000000 3963.dat
1 7 0.000000 -8.000000 -30.000000 1.000000 0.000000 0.000000 0.000000 1.000000 0.000000 0.000000 0.000000 1.000000 3829c01.dat
1 14 40.000000 48.000000 -201.000000 1.000000 0.000000 0.000000 0.000000 1.000000 0.000000 0.000000 0.000000 1.000000 3024.dat
1 15 0.000000 -79.956580 10.477790 0.965926 0.000000 0.258820 -0.004517 0.999847 0.016857 -0.258780 -0.017452 0.965778 3842b.dat
1 14 0.000010 -79.956540 10.477800 0.965920 0.000000 0.258818 -0.004517 0.999845 0.016857 -0.258779 -0.017452 0.965784 3626bp01.dat
1 15 0.000010 -52.960760 10.006600 0.999994 0.000000 0.000000 0.000000 0.999845 0.017452 0.000003 -0.017452 0.999853 3838.dat
1 15 0.000010 -52.960760 10.006600 0.999994 0.000000 0.000000 0.000000 0.999845 0.017452 0.000003 -0.017452 0.999853 973p90.dat
1 15 0.000010 -20.965680 9.448130 0.999994 0.000000 0.000000 0.000000 0.999845 0.017452 0.000003 -0.017452 0.999853 970.dat
1 15 -15.551940 -43.962150 9.849480 0.984994 -0.169999 0.000000 0.169973 0.984847 0.017452 -0.002964 -0.017191 0.999853 3818.dat
1 15 15.551910 -43.962140 9.849569 0.984995 0.124329 0.115940 -0.169973 0.708368 0.684426 0.002970 -0.694469 0.719524 3819.dat
1 15 -23.863280 -26.549380 -0.777100 0.984994 -0.120189 0.120190 0.169973 0.708625 -0.683948 -0.002964 0.694742 0.719049 3820.dat
1 15 21.809770 -38.620240 -10.590160 0.984995 0.169870 -0.005932 -0.169973 0.984707 -0.016927 0.002970 0.017712 0.999693 3820.dat
1 15 0.000000 -8.967549 9.238709 0.999994 0.000000 0.000000 0.000000 0.000000 0.999997 0.000003 -1.000006 0.000000 3816.dat
1 15 0.000000 -8.967549 9.238709 0.999994 0.000000 0.000000 0.000000 0.000000 0.999997 0.000003 -1.000006 0.000000 3817.dat
1 7 0.000010 13.752360 -201.095600 0.000000 0.000000 1.000005 -0.087156 0.996195 0.000000 -0.996221 -0.087158 0.000000 4626.dat
1 7 0.000020 -16.806420 -150.308200 0.000000 0.000000 1.000005 0.766045 0.642788 0.000000 -0.642800 0.766071 0.000000 4275b.dat
1 7 0.000000 -11.664130 -144.179700 0.000000 0.000000 -1.000005 -0.766045 0.642788 0.000000 0.642800 0.766071 0.000000 44302.dat
1 7 0.000000 -26.519450 -104.568500 1.000005 0.000000 0.000000 0.000000 0.939693 0.342020 0.000000 -0.342026 0.939720 30554a.dat
1 7 -0.000030 -0.885200 -78.934090 1.000005 0.000000 0.000000 0.000000 0.342021 0.939693 0.000000 -0.939720 0.342026 30554a.dat
1 7 0.000010 7.908690 -42.091760 0.000000 0.000000 1.000000 0.000000 1.000000 0.000000 -1.000000 0.000000 0.000000 30389a.dat
1 7 -10.000000 -32.000000 50.000000 1.000000 0.000000 0.000000 0.000000 1.000000 0.000000 0.000000 0.000000 1.000000 3957.dat
