0 6822-SpaceGrab.ldr
0 Name: 6822 - Space Grab
0 Author: Willy Tschager [Holly-Wood]
0 Theme: Space
0 CustomBrick

1 7 0.000000 0.000000 0.000000 0.000000 0.000000 1.000000 0.000000 1.000000 0.000000 -1.000000 0.000000 0.000000 3795.dat
1 7 -20.000000 8.000000 40.000000 1.000000 0.000000 0.000000 0.000000 1.000000 0.000000 0.000000 0.000000 1.000000 4229.dat
1 7 20.000000 8.000000 40.000000 1.000000 0.000000 0.000000 0.000000 1.000000 0.000000 0.000000 0.000000 1.000000 4229.dat
1 7 -20.000000 8.000000 -40.000000 1.000000 0.000000 0.000000 0.000000 1.000000 0.000000 0.000000 0.000000 1.000000 4229.dat
1 7 20.000000 8.000000 -40.000000 1.000000 0.000000 0.000000 0.000000 1.000000 0.000000 0.000000 0.000000 1.000000 4229.dat
1 7 -30.000000 0.000000 50.000000 1.000000 0.000000 0.000000 0.000000 1.000000 0.000000 0.000000 0.000000 1.000000 3024.dat
1 7 30.000000 0.000000 50.000000 1.000000 0.000000 0.000000 0.000000 1.000000 0.000000 0.000000 0.000000 1.000000 3024.dat
1 7 -30.000000 0.000000 -50.000000 0.000000 0.000000 1.000000 0.000000 1.000000 0.000000 -1.000000 0.000000 0.000000 4081a.dat
1 7 30.000000 0.000000 -50.000000 0.000000 0.000000 -1.000000 0.000000 1.000000 0.000000 1.000000 0.000000 0.000000 4081a.dat
1 36 -30.000000 -8.000000 50.000000 1.000000 0.000000 0.000000 0.000000 1.000000 0.000000 0.000000 0.000000 1.000000 3024.dat
1 36 30.000000 -8.000000 50.000000 1.000000 0.000000 0.000000 0.000000 1.000000 0.000000 0.000000 0.000000 1.000000 3024.dat
1 7 0.000000 -8.000000 -50.000000 1.000000 0.000000 0.000000 0.000000 1.000000 0.000000 0.000000 0.000000 1.000000 3710.dat
1 36 -50.000000 2.000000 -60.000000 1.000000 0.000000 0.000000 0.000000 0.000000 -1.000000 0.000000 1.000000 0.000000 3024.dat
1 36 50.000000 2.000000 -60.000000 1.000000 0.000000 0.000000 0.000000 0.000000 -1.000000 0.000000 1.000000 0.000000 3024.dat
1 7 0.000000 -24.000000 40.000000 1.000000 0.000000 0.000000 0.000000 1.000000 0.000000 0.000000 0.000000 1.000000 792.dat
1 7 0.000000 -24.000000 40.000000 1.000000 0.000000 0.000000 0.000000 1.000000 0.000000 0.000000 0.000000 1.000000 793.dat
1 7 0.000000 -16.000000 -50.000000 1.000000 0.000000 0.000000 0.000000 1.000000 0.000000 0.000000 0.000000 1.000000 3829c01.dat
1 7 0.000000 -14.000000 62.000000 0.000000 1.000000 0.000000 -1.000000 0.000000 0.000000 0.000000 0.000000 1.000000 6048.dat
1 7 0.000000 -26.000000 74.000000 0.000000 1.000000 0.000000 0.000000 0.000000 1.000000 1.000000 0.000000 0.000000 3612.dat
1 7 0.000000 -48.391700 80.000000 0.000000 1.000000 0.000000 0.500000 0.000000 0.866025 0.866025 0.000000 -0.500000 3612.dat
1 7 0.000000 -61.889620 97.590320 0.000000 1.000000 0.000000 0.965926 0.000000 0.258819 0.258819 0.000000 -0.965926 3612.dat
1 7 0.000000 -59.819190 128.500400 -1.000000 0.000000 0.000000 0.000000 0.965925 -0.258819 0.000000 -0.258819 -0.965925 4220.dat
1 7 0.000000 -59.112100 129.207500 1.000000 0.000000 0.000000 0.000000 -0.777145 -0.629321 0.000000 0.629321 -0.777145 4221.dat
1 7 0.000000 -59.112100 129.207500 -1.000000 0.000000 0.000000 0.000000 0.707106 -0.707107 0.000000 -0.707107 -0.707106 4221.dat
1 0 -30.000000 -32.000000 50.000000 0.000000 0.000000 1.000000 0.000000 1.000000 0.000000 -1.000000 0.000000 0.000000 3963.dat
1 0 30.000000 -32.000000 50.000000 0.000000 0.000000 -1.000000 0.000000 1.000000 0.000000 1.000000 0.000000 0.000000 3963.dat
1 0 0.000000 -32.000000 30.000000 1.000000 0.000000 0.000000 0.000000 1.000000 0.000000 0.000000 0.000000 1.000000 3794a.dat
1 7 0.000000 -40.000000 30.000000 1.000000 0.000000 0.000000 0.000000 1.000000 0.000000 0.000000 0.000000 1.000000 3957a.dat
1 0 0.000000 -30.141000 161.515000 1.000000 0.000000 0.000000 0.000000 0.707107 -0.707107 0.000000 0.707107 0.707107 3794b.dat
1 4 -0.000060 -79.956430 -9.522160 1.000000 0.000000 0.000000 0.000000 0.999847 0.017452 0.000000 -0.017452 0.999847 3842b.dat
1 14 -0.000050 -79.956320 -9.522210 1.000000 0.000001 0.000001 0.000000 0.999843 0.017454 0.000000 -0.017452 0.999842 3626bp01.dat
1 4 -0.000020 -52.960580 -9.993400 1.000000 0.000001 0.000001 0.000000 0.999843 0.017454 0.000000 -0.017452 0.999842 3838.dat
1 4 -0.000020 -52.960580 -9.993400 1.000000 0.000001 0.000001 0.000000 0.999843 0.017454 0.000000 -0.017452 0.999842 973p90.dat
1 4 0.000000 -20.965630 -10.551870 1.000000 0.000001 0.000001 0.000000 0.999843 0.017454 0.000000 -0.017452 0.999842 970.dat
1 4 -15.552050 -43.962000 -10.150460 0.985001 -0.159749 -0.058142 0.169973 0.919480 0.353239 -0.002967 -0.358118 0.933665 3818.dat
1 4 15.552020 -43.962010 -10.150500 0.985001 0.159749 0.058144 -0.169973 0.919480 0.353238 0.002967 -0.358118 0.933664 3819.dat
1 4 -23.070960 -31.241240 -26.490050 0.985001 -0.154048 0.071835 0.169973 0.899812 -0.400333 -0.002967 0.406910 0.913291 3820.dat
1 4 23.070920 -31.241230 -26.490070 0.985001 0.154050 -0.071833 -0.169973 0.899812 -0.400333 0.002967 0.406910 0.913291 3820.dat
1 4 0.000000 -8.967549 -10.761300 1.000000 -0.000001 0.000001 0.000000 -0.000002 0.999995 0.000000 -0.999993 0.000000 3816.dat
1 4 0.000000 -8.967549 -10.761300 1.000000 -0.000001 0.000001 0.000000 -0.000002 0.999995 0.000000 -0.999993 0.000000 3817.dat
1 0 23.555260 -28.613710 -36.757980 -0.990249 0.131480 0.046053 0.131480 0.772757 0.620935 0.046053 0.620935 -0.782508 3962b.dat
