0 6822-SpaceGrab.ldr
0 Name: 6822 - Space Grab
0 Author: Willy Tschager [Holly-Wood]
0 Theme: Space
0 CustomBrick

1 7 -30.000000 0.000000 -50.000000 0.000000 0.000000 1.000000 0.000000 1.000000 0.000000 -1.000000 0.000000 0.000000 4081b.dat
1 7 30.000000 0.000000 -50.000000 0.000000 0.000000 -1.000000 0.000000 1.000000 0.000000 1.000000 0.000000 0.000000 4081b.dat
1 7 0.000000 0.000000 0.000000 0.000000 0.000000 1.000000 0.000000 1.000000 0.000000 -1.000000 0.000000 0.000000 3795.dat
1 7 -20.000000 8.000000 40.000000 1.000000 0.000000 0.000000 0.000000 1.000000 0.000000 0.000000 0.000000 1.000000 4229.dat
1 7 20.000000 8.000000 40.000000 1.000000 0.000000 0.000000 0.000000 1.000000 0.000000 0.000000 0.000000 1.000000 4229.dat
1 7 -20.000000 8.000000 -40.000000 1.000000 0.000000 0.000000 0.000000 1.000000 0.000000 0.000000 0.000000 1.000000 4229.dat
1 7 20.000000 8.000000 -40.000000 1.000000 0.000000 0.000000 0.000000 1.000000 0.000000 0.000000 0.000000 1.000000 4229.dat
1 7 -30.000000 0.000000 50.000000 1.000000 0.000000 0.000000 0.000000 1.000000 0.000000 0.000000 0.000000 1.000000 3024.dat
1 7 30.000000 0.000000 50.000000 1.000000 0.000000 0.000000 0.000000 1.000000 0.000000 0.000000 0.000000 1.000000 3024.dat
1 36 -30.000000 -8.000000 50.000000 1.000000 0.000000 0.000000 0.000000 1.000000 0.000000 0.000000 0.000000 1.000000 3024.dat
1 36 30.000000 -8.000000 50.000000 1.000000 0.000000 0.000000 0.000000 1.000000 0.000000 0.000000 0.000000 1.000000 3024.dat
1 7 0.000000 -8.000000 -50.000000 1.000000 0.000000 0.000000 0.000000 1.000000 0.000000 0.000000 0.000000 1.000000 3710.dat
1 36 -50.000000 2.000000 -62.000000 1.000000 0.000000 0.000000 0.000000 0.000000 -1.000000 0.000000 1.000000 0.000000 3024.dat
1 36 50.000000 2.000000 -62.000000 1.000000 0.000000 0.000000 0.000000 0.000000 -1.000000 0.000000 1.000000 0.000000 3024.dat
1 7 0.000000 -16.000000 -50.000000 1.000000 0.000000 0.000000 0.000000 1.000000 0.000000 0.000000 0.000000 1.000000 3829c01.dat
1 0 -30.000000 -32.000000 50.000000 0.000000 0.000000 1.000000 0.000000 1.000000 0.000000 -1.000000 0.000000 0.000000 3963.dat
1 0 30.000000 -32.000000 50.000000 0.000000 0.000000 -1.000000 0.000000 1.000000 0.000000 1.000000 0.000000 0.000000 3963.dat
1 0 0.000000 -32.000000 30.000000 1.000000 0.000000 0.000000 0.000000 1.000000 0.000000 0.000000 0.000000 1.000000 3794a.dat
1 0 0.000000 -35.071660 208.377100 1.000000 0.000000 0.000000 0.000000 0.707107 -0.707107 0.000000 0.707098 0.707107 3794b.dat
1 4 -0.000060 -79.956430 -9.522160 1.000000 0.000000 0.000000 0.000000 0.999847 0.017452 0.000000 -0.017452 0.999847 3842b.dat
1 14 -0.000050 -79.956320 -9.522210 1.000000 0.000001 0.000001 0.000000 0.999843 0.017454 0.000000 -0.017452 0.999842 3626bp01.dat
1 4 -0.000020 -52.960580 -9.993400 1.000000 0.000001 0.000001 0.000000 0.999843 0.017454 0.000000 -0.017452 0.999842 3838.dat
1 4 -0.000020 -52.960580 -9.993400 1.000000 0.000001 0.000001 0.000000 0.999843 0.017454 0.000000 -0.017452 0.999842 973p90.dat
1 4 0.000000 -20.965630 -10.551870 1.000000 0.000001 0.000001 0.000000 0.999843 0.017454 0.000000 -0.017452 0.999842 970.dat
1 4 -15.552050 -43.962000 -10.150460 0.985001 -0.159749 -0.058142 0.169973 0.919480 0.353239 -0.002967 -0.358118 0.933665 3818.dat
1 4 15.552020 -43.962010 -10.150500 0.985001 0.159749 0.058144 -0.169973 0.919480 0.353238 0.002967 -0.358118 0.933664 3819.dat
1 4 -23.070960 -31.241240 -26.490050 0.985001 -0.154048 0.071835 0.169973 0.899812 -0.400333 -0.002967 0.406910 0.913291 3820.dat
1 4 23.070920 -31.241230 -26.490070 0.985001 0.154050 -0.071833 -0.169973 0.899812 -0.400333 0.002967 0.406910 0.913291 3820.dat
1 4 0.000000 -8.967549 -10.761300 1.000000 -0.000001 0.000001 0.000000 -0.000002 0.999995 0.000000 -0.999993 0.000000 3816.dat
1 4 0.000000 -8.967549 -10.761300 1.000000 -0.000001 0.000001 0.000000 -0.000002 0.999995 0.000000 -0.999993 0.000000 3817.dat
1 7 0.000000 -61.929280 174.000000 -1.000000 0.000000 0.000000 0.000000 0.965926 -0.258819 0.000000 -0.258819 -0.965926 16770.dat
1 7 0.000000 -61.520990 173.765300 1.000000 0.000000 0.000000 0.000000 -0.500001 -0.866025 0.000000 0.866016 -0.499992 16770.dat
1 7 -10.000000 -40.000000 50.000000 1.000000 0.000000 0.000000 0.000000 1.000000 0.000000 0.000000 0.000000 1.000000 3957.dat
1 7 0.000060 -34.000010 70.001510 1.000025 0.000000 0.000000 0.000000 0.000000 -1.000000 0.000000 1.000025 0.000000 30554a.dat
1 7 0.000070 -68.142140 84.143970 1.000025 0.000000 0.000000 0.000000 0.707107 -0.707107 0.000000 0.707119 0.707119 30554a.dat
1 7 0.000080 -82.284290 118.287400 1.000025 0.000000 0.000000 0.000000 1.000000 -0.000001 0.000000 0.000001 1.000025 30554a.dat
1 7 0.000100 -72.284310 155.608100 1.000025 0.000000 0.000000 0.000000 0.866025 0.500000 0.000000 -0.500013 0.866051 30554a.dat
1 7 0.000000 -24.000000 40.000000 0.000000 0.000000 -1.000000 0.000000 1.000000 0.000000 1.000000 0.000000 0.000000 40902.dat
1 0 23.807700 -27.130010 -35.565790 -0.990249 0.131481 0.046053 0.131480 0.772757 0.620935 0.046053 0.620935 -0.782508 3962b.dat
