0 6824-SpaceDartI.ldr
0 Name: 6824 - Space Dart I
0 Author: Nenufar
0 Theme: Space
0 CustomBrick

1 7 -9.999980 -56.000000 9.999990 0.000000 0.000000 1.000000 0.000000 1.000000 0.000000 -1.000000 0.000000 0.000000 4085c.dat
1 7 50.000000 -56.000000 10.000050 0.000000 0.000000 -1.000000 0.000000 1.000000 0.000000 1.000000 0.000000 0.000000 4085c.dat
1 36 20.000000 -38.000000 -144.250000 -1.000000 0.000000 0.000000 0.000000 0.000000 1.000000 0.000000 1.000000 0.000000 3957.dat
1 7 -29.999980 -38.900000 9.999990 1.000000 0.000000 0.000000 0.000000 1.000000 0.000000 0.000000 0.000000 1.000000 3957.dat
1 7 70.000000 -41.140000 10.000050 1.000000 0.000000 0.000000 0.000000 1.000000 0.000000 0.000000 0.000000 1.000000 3957.dat
1 7 20.000000 -24.000000 -30.000010 -1.000000 0.000000 0.000000 0.000000 1.000000 0.000000 0.000000 0.000000 -1.000000 4590.dat
1 7 20.000000 -24.000000 30.000000 1.000000 0.000000 0.000000 0.000000 1.000000 0.000000 0.000000 0.000000 1.000000 4590.dat
1 7 -10.000000 -16.000000 0.000000 0.000000 0.000000 -1.000000 0.000000 1.000000 0.000000 1.000000 0.000000 0.000000 4590.dat
1 7 50.000000 -16.000000 0.000000 0.000000 0.000000 1.000000 0.000000 1.000000 0.000000 -1.000000 0.000000 0.000000 4590.dat
1 14 20.000000 -109.000000 8.000000 1.000000 0.000000 0.000000 0.000000 1.000000 0.000000 0.000000 0.000000 1.000000 3626ap01.dat
1 0 0.000000 -8.000000 0.000000 1.000000 0.000000 0.000000 0.000000 1.000000 0.000000 0.000000 0.000000 1.000000 4032b.dat
1 7 20.000000 -16.000000 0.000000 0.000000 0.000000 1.000000 0.000000 1.000000 0.000000 -1.000000 0.000000 0.000000 3020.dat
1 0 40.000000 -8.000000 0.000000 1.000000 0.000000 0.000000 0.000000 1.000000 0.000000 0.000000 0.000000 1.000000 4032b.dat
1 7 20.000000 -24.000000 0.000000 1.000000 0.000000 0.000000 0.000000 1.000000 0.000000 0.000000 0.000000 1.000000 3795.dat
1 7 70.000000 -16.000000 0.000000 0.000000 0.000000 -1.000000 0.000000 1.000000 0.000000 1.000000 0.000000 0.000000 4596.dat
1 7 -29.999980 -16.000000 -0.000020 0.000000 0.000000 1.000000 0.000000 1.000000 0.000000 -1.000000 0.000000 0.000000 4596.dat
1 7 -30.000000 -32.000000 0.000000 0.000000 0.000000 1.000000 0.000000 1.000000 0.000000 -1.000000 0.000000 0.000000 4596.dat
1 7 69.999980 -32.000000 0.000000 0.000000 0.000000 -1.000000 0.000000 1.000000 0.000000 1.000000 0.000000 0.000000 4596.dat
1 7 -10.000000 -48.000000 9.999990 1.000000 0.000000 0.000000 0.000000 1.000000 0.000000 0.000000 0.000000 1.000000 4070.dat
1 7 50.000000 -48.000000 9.999990 1.000000 0.000000 0.000000 0.000000 1.000000 0.000000 0.000000 0.000000 1.000000 4070.dat
1 34 -9.999969 -38.000000 -4.296540 -1.000000 0.000000 0.000000 0.000000 0.000000 1.000000 0.000000 1.000000 0.000000 3024.dat
1 34 50.000000 -37.999990 -4.296500 -1.000000 0.000000 0.000000 0.000000 0.000000 1.000000 0.000000 1.000000 0.000000 3024.dat
1 36 -10.000000 -32.000000 -40.000010 1.000000 0.000000 0.000000 0.000000 1.000000 0.000000 0.000000 0.000000 1.000000 6141.dat
1 36 50.000000 -32.000000 -40.000010 1.000000 0.000000 0.000000 0.000000 1.000000 0.000000 0.000000 0.000000 1.000000 6141.dat
1 7 20.000000 -48.000000 -30.000010 1.000000 0.000000 0.000000 0.000000 1.000000 0.000000 0.000000 0.000000 1.000000 3700.dat
1 7 20.000000 -32.000000 9.999990 1.000000 0.000000 0.000000 0.000000 1.000000 0.000000 0.000000 0.000000 1.000000 4598.dat
1 0 19.999980 -52.000000 48.000000 1.000000 0.000000 0.000001 0.000001 0.000000 -1.000000 0.000000 1.000000 0.000000 4591.dat
1 36 19.999980 -52.000020 95.999980 -1.000000 0.000000 0.000000 0.000000 0.000000 1.000000 0.000000 1.000000 0.000000 3062b.dat
1 1 20.000000 -41.000000 8.000000 1.000000 0.000000 0.000000 0.000000 0.000000 1.000000 0.000000 -1.000000 0.000000 3816.dat
1 1 20.000000 -41.000020 7.999990 1.000000 0.000000 0.000000 0.000000 0.000000 1.000000 0.000000 -1.000000 0.000000 3817.dat
1 1 20.000000 -53.000000 8.000000 1.000000 0.000000 0.000000 0.000000 1.000000 0.000000 0.000000 0.000000 1.000000 3815.dat
1 0 -10.000000 -37.570000 40.000000 -1.000000 0.000000 0.000000 0.000000 1.000000 0.000000 0.000000 0.000000 -1.000000 4349.dat
1 0 50.000000 -37.600000 40.000000 -1.000000 0.000000 0.000000 0.000000 1.000000 0.000000 0.000000 0.000000 -1.000000 4349.dat
1 7 20.000020 -37.999980 -39.999990 0.000001 -1.000000 0.000001 0.000001 0.000001 1.000000 -1.000000 -0.000001 0.000001 3749.dat
1 7 20.000020 -37.999980 -64.250010 -1.000000 0.000000 0.000001 0.000001 0.000000 1.000000 0.000000 1.000000 0.000000 3941.dat
1 0 20.000000 -37.999990 -88.250000 -1.000000 0.000000 0.000000 0.000000 0.000000 1.000000 0.000000 1.000000 0.000000 3941.dat
1 7 20.000000 -38.000000 -136.250000 -1.000000 0.000000 0.000000 0.000000 0.000000 1.000000 0.000000 1.000000 0.000000 3942c.dat
1 0 148.880000 -29.999990 0.000000 0.000000 -1.000000 0.000000 -1.000000 0.000000 0.000000 0.000000 0.000000 -1.000000 4349.dat
1 0 148.880000 -29.999990 21.999980 -1.000000 0.000000 0.000000 0.000000 0.000000 1.000000 0.000000 1.000000 0.000000 4588.dat
1 36 148.880000 -30.000000 46.000000 -1.000000 0.000000 0.000000 0.000000 0.000000 1.000000 0.000000 1.000000 0.000000 6141.dat
1 46 148.880000 -29.999990 -26.000010 -1.000000 0.000000 0.000000 0.000000 0.000000 1.000000 0.000000 1.000000 0.000000 6141.dat
1 0 -108.960000 -29.999990 0.000000 0.000000 1.000000 0.000000 1.000000 0.000000 0.000000 0.000000 0.000000 -1.000000 4349.dat
1 0 -108.960000 -29.999990 21.999980 -1.000000 0.000000 0.000000 0.000000 0.000000 1.000000 0.000000 1.000000 0.000000 4588.dat
1 36 -108.960000 -30.000000 46.000000 -1.000000 0.000000 0.000000 0.000000 0.000000 1.000000 0.000000 1.000000 0.000000 6141.dat
1 46 -108.960000 -29.999990 -26.000010 -1.000000 0.000000 0.000000 0.000000 0.000000 1.000000 0.000000 1.000000 0.000000 6141.dat
1 1 20.000000 -85.000010 8.000000 1.000000 0.000000 0.000000 0.000000 1.000000 0.000000 0.000000 0.000000 1.000000 973.dat
1 1 4.425380 -76.092850 8.000000 0.985495 -0.091542 -0.142896 0.169703 0.531602 0.829820 0.000000 -0.842033 0.539426 3818.dat
1 1 -0.883900 -74.724220 -13.123180 0.989007 0.143340 -0.036312 -0.132622 0.968475 0.210872 0.065394 -0.203738 0.976839 3820.dat
1 1 35.471770 -76.124340 8.000000 0.985328 0.131947 0.108252 -0.170671 0.761764 0.624969 0.000000 -0.634275 0.773107 3819.dat
1 1 41.822860 -68.753860 -11.782310 0.984810 0.172824 -0.016754 -0.173634 0.980048 -0.096729 -0.000297 0.098169 0.995170 3820.dat
1 1 20.000000 -85.000010 8.000000 1.000000 0.000000 0.000000 0.000000 1.000000 0.000000 0.000000 0.000000 1.000000 3838.dat
1 0 -0.627880 -77.661420 -22.952170 0.797332 0.129858 -0.589406 -0.131211 0.990517 0.040733 0.589106 0.044859 0.806810 3962b.dat
1 1 20.000000 -109.000000 8.000000 1.000000 0.000000 0.000000 0.000000 1.000000 0.000000 0.000000 0.000000 1.000000 3842b.dat
1 7 20.000000 -56.000000 -30.000010 1.000000 0.000000 0.000000 0.000000 1.000000 0.000000 0.000000 0.000000 1.000000 3829c01.dat
