0 6827-StrataScooter.ldr
0 Name: 6827 - Strata Scooter
0 Author: Ignacio Fernandez Galvan [jellby]
0 Theme: Space
0 CustomBrick

1 15 0.000000 -55.000000 10.000000 0.000000 0.000000 -1.000000 0.000000 1.000000 0.000000 1.000000 0.000000 0.000000 3001.dat
1 256 29.000000 -25.000000 -30.000000 0.000000 0.000000 -1.000000 0.000000 1.000000 0.000000 1.000000 0.000000 0.000000 4084.dat
1 256 -29.000000 -25.000000 -30.000000 0.000000 0.000000 1.000000 0.000000 1.000000 0.000000 -1.000000 0.000000 0.000000 4084.dat
1 15 0.000000 -55.000000 -40.000000 1.000000 0.000000 0.000000 0.000000 1.000000 0.000000 0.000000 0.000000 1.000000 3747a.dat
1 15 0.000000 -63.000000 30.000000 1.000000 0.000000 0.000000 0.000000 1.000000 0.000000 0.000000 0.000000 1.000000 3020.dat
1 15 -40.000000 -71.000000 50.000000 -1.000000 0.000000 0.000000 0.000000 1.000000 0.000000 0.000000 0.000000 -1.000000 2429.dat
1 15 40.000000 -71.000000 50.000000 -1.000000 0.000000 0.000000 0.000000 1.000000 0.000000 0.000000 0.000000 -1.000000 2429.dat
1 15 40.000000 -71.000000 50.000000 -1.000000 0.000000 0.000000 0.000000 1.000000 0.000000 0.000000 0.000000 -1.000000 2430.dat
1 15 -40.000000 -71.000000 50.000000 -1.000000 0.000000 0.000000 0.000000 1.000000 0.000000 0.000000 0.000000 -1.000000 2430.dat
1 15 60.000000 -63.000000 40.000000 1.000000 0.000000 0.000000 0.000000 1.000000 0.000000 0.000000 0.000000 1.000000 4596.dat
1 15 -60.000000 -63.000000 40.000000 1.000000 0.000000 0.000000 0.000000 1.000000 0.000000 0.000000 0.000000 1.000000 4596.dat
1 0 -30.000000 -71.000000 20.000000 -0.961300 0.000000 0.275600 0.000000 1.000000 0.000000 -0.275600 0.000000 -0.961300 4592.dat
1 0 30.000000 -71.000000 20.000000 -0.961300 0.000000 -0.275600 0.000000 1.000000 0.000000 0.275600 0.000000 -0.961300 4592.dat
1 0 30.000000 -71.000000 20.000000 -0.961300 0.154100 -0.228500 0.000000 0.829000 0.559200 0.275600 0.537500 -0.796900 4593.dat
1 0 -30.000000 -71.000000 20.000000 -0.961300 -0.154100 0.228500 0.000000 0.829000 0.559200 -0.275600 0.537500 -0.796900 4593.dat
1 36 60.000000 -61.000000 -30.000000 1.000000 0.000000 0.000000 0.000000 0.000000 1.000000 0.000000 -1.000000 0.000000 4073.dat
1 36 -60.000000 -61.000000 -30.000000 1.000000 0.000000 0.000000 0.000000 0.000000 1.000000 0.000000 -1.000000 0.000000 4073.dat
1 15 0.000000 -79.000000 -30.000000 1.000000 0.000000 0.000000 0.000000 1.000000 0.000000 0.000000 0.000000 1.000000 2336p90.dat
1 15 0.000000 -79.000000 20.000000 1.000000 0.000000 0.000000 0.000000 1.000000 0.000000 0.000000 0.000000 1.000000 4598.dat
1 15 28.000000 -69.000000 -70.000000 0.000000 -1.000000 0.000000 0.000000 0.000000 1.000000 -1.000000 0.000000 0.000000 4276b.dat
1 15 49.204600 -69.000000 -125.204600 0.707100 -0.707100 0.000000 0.000000 0.000000 -1.000000 0.707100 0.707100 0.000000 2433.dat
1 15 -28.000000 -69.000000 -70.000000 0.000000 1.000000 0.000000 0.000000 0.000000 -1.000000 -1.000000 0.000000 0.000000 4276b.dat
1 15 -49.455800 -69.000000 -125.455800 0.707100 0.707100 0.000000 0.000000 0.000000 -1.000000 -0.707100 0.707100 0.000000 2433.dat
1 15 0.000000 -87.000000 -20.000000 1.000000 0.000000 0.000000 0.000000 1.000000 0.000000 0.000000 0.000000 1.000000 3023.dat
1 0 0.000000 -95.000000 -20.000000 1.000000 0.000000 0.000000 0.000000 1.000000 0.000000 0.000000 0.000000 1.000000 3023.dat
1 15 0.000000 -127.000000 -20.000000 1.000000 0.000000 0.000000 0.000000 1.000000 0.000000 0.000000 0.000000 1.000000 2432.dat
1 0 0.000000 -99.000000 60.000000 1.000000 0.000000 0.000000 0.000000 0.000000 -1.000000 0.000000 1.000000 0.000000 4032a.dat
1 34 54.861400 -69.000000 -130.861400 0.707100 -0.707100 0.000000 0.000000 0.000000 -1.000000 0.707100 0.707100 0.000000 4740.dat
1 34 -55.112700 -69.000000 -131.112700 0.707100 0.707100 0.000000 0.000000 0.000000 -1.000000 -0.707100 0.707100 0.000000 4740.dat
1 36 0.000000 -99.000000 68.000000 1.000000 0.000000 0.000000 0.000000 0.000000 -1.000000 0.000000 1.000000 0.000000 4589.dat
1 1 0.000000 -88.000190 17.999980 1.000000 0.000000 0.000000 0.000000 0.000000 1.000000 0.000000 -1.000000 0.000000 3816.dat
1 1 0.000000 -88.000000 18.000000 1.000000 0.000000 0.000000 0.000000 0.000000 1.000000 0.000000 -1.000000 0.000000 3817.dat
1 1 0.000000 -100.000000 18.000000 1.000000 0.000000 0.000000 0.000000 1.000000 0.000000 0.000000 0.000000 1.000000 970.dat
1 1 0.000000 -132.000000 18.000010 1.000000 0.000000 0.000000 0.000000 1.000000 0.000000 0.000000 0.000000 1.000000 973p90.dat
1 1 0.000000 -132.000000 18.000010 1.000000 0.000000 0.000000 0.000000 1.000000 0.000000 0.000000 0.000000 1.000000 3838.dat
1 14 0.000000 -157.000100 18.000010 0.866000 0.000000 -0.500000 0.000000 1.000000 0.000000 0.500000 0.000000 0.866000 3626ap01.dat
1 1 0.000000 -157.000100 18.000010 0.866000 0.000000 -0.500000 0.000000 1.000000 0.000000 0.500000 0.000000 0.866000 3842b.dat
1 1 -15.552000 -123.000000 18.000000 0.985500 -0.169900 0.000000 0.169900 0.985500 0.000000 0.000000 0.000000 1.000000 3818.dat
1 1 -23.690610 -105.223300 8.101009 0.992200 -0.033800 0.120100 0.108500 0.709000 -0.696800 -0.061600 0.704400 0.707100 3820.dat
1 1 15.552000 -123.000000 18.000010 0.985500 0.169900 0.000000 -0.169900 0.985500 0.000000 0.000000 0.000000 1.000000 3819.dat
1 1 23.690610 -105.223300 8.101009 0.992200 0.033800 -0.120100 -0.108500 0.709000 -0.696800 0.061600 0.704400 0.707100 3820.dat
1 0 0.000000 -31.000000 -30.000000 1.000000 0.000000 0.000000 0.000000 1.000000 0.000000 0.000000 0.000000 1.000000 122c02.dat
1 256 29.000000 -25.000000 29.999990 0.000000 0.000000 -1.000000 0.000000 1.000000 0.000000 1.000000 0.000000 0.000000 4084.dat
1 256 -29.000000 -25.000000 30.000000 0.000000 0.000000 1.000000 0.000000 1.000000 0.000000 -1.000000 0.000000 0.000000 4084.dat
1 0 0.000000 -31.000000 30.000000 1.000000 0.000000 0.000000 0.000000 1.000000 0.000000 0.000000 0.000000 1.000000 122c02.dat
