0 6831-MessageDecoder.ldr
0 Name: 6831 - Message Decoder
0 Author: Damien Roux [Darats]
0 Theme: Space
0 CustomBrick

1 0 50.000000 -45.497160 -78.075260 1.000000 0.000000 0.000000 0.000000 -0.039276 0.999296 0.000000 -0.999296 -0.039276 3957.dat
1 0 -50.000000 -45.497160 -78.075260 1.000000 0.000000 0.000000 0.000000 -0.039276 0.999296 0.000000 -0.999296 -0.039276 3957.dat
1 0 0.000000 2.114500 -2.103500 0.000000 0.000000 -1.000000 -0.100200 0.995000 0.000000 0.995000 0.100200 0.000000 3832.dat
1 0 0.000000 2.170500 -82.505100 0.000000 0.000000 -1.000000 -0.100200 0.995000 0.000000 0.995000 0.100200 0.000000 3020.dat
1 0 0.000000 -15.809500 16.193300 1.000000 0.000000 0.000000 0.000000 0.995000 -0.100200 0.000000 0.100200 0.995000 3787.dat
1 1 0.000000 -28.779500 65.141700 -1.000000 0.000000 0.000000 0.000000 0.995000 0.100200 0.000000 0.100200 -0.995000 3039.dat
1 0 0.000000 -15.753500 -64.208300 -1.000000 0.000000 0.000000 0.000000 0.995000 0.100200 0.000000 0.100200 -0.995000 3787.dat
1 1 -10.000000 -52.659500 62.736900 -1.000000 0.000000 0.000000 0.000000 0.995000 0.100200 0.000000 0.100200 -0.995000 4070.dat
1 1 10.000000 -52.659500 62.736900 -1.000000 0.000000 0.000000 0.000000 0.995000 0.100200 0.000000 0.100200 -0.995000 4070.dat
1 0 0.000000 -41.707500 53.788900 -1.000000 0.000000 0.000000 0.000000 0.100200 -0.995000 0.000000 -0.995000 -0.100200 3938.dat
1 1 0.000000 -1.781500 -123.106700 1.000000 0.000000 0.000000 0.000000 0.995000 -0.100200 0.000000 0.100200 0.995000 4859.dat
1 0 -10.000000 -16.755500 -54.258300 0.866000 0.000000 -0.500000 -0.050100 0.995000 -0.086773 0.497500 0.100200 0.861670 4592c01.dat
1 0 10.000000 -16.755500 -54.258300 0.866000 0.000000 0.500000 0.050100 0.995000 -0.086773 -0.497500 0.100200 0.861670 4592c01.dat
1 0 0.000000 -30.671500 -75.761500 1.000000 0.000000 0.000000 0.000000 0.995000 -0.100200 0.000000 0.100200 0.995000 3298p53.dat
1 0 0.000000 8.070499 18.598100 1.000000 0.000000 0.000000 0.000000 0.995000 -0.100200 0.000000 0.100200 0.995000 3022.dat
1 0 0.000000 16.030500 19.399700 1.000000 0.000000 0.000000 0.000000 0.995000 -0.100200 0.000000 0.100200 0.995000 122c01.dat
1 256 -41.000000 22.000500 20.000900 0.000000 0.000000 1.000000 0.100200 0.995000 0.000000 -0.995000 0.100200 0.000000 4288.dat
1 256 40.000000 22.000500 20.000900 0.000000 0.000000 -1.000000 0.100200 -0.995000 0.000000 -0.995000 -0.100200 0.000000 4288.dat
1 0 0.000000 16.086500 -61.001900 1.000000 0.000000 0.000000 0.000000 0.995000 -0.100200 0.000000 0.100200 0.995000 122c01.dat
1 256 -41.000000 22.056500 -60.400700 0.000000 0.000000 1.000000 0.100200 0.995000 0.000000 -0.995000 0.100200 0.000000 4288.dat
1 256 40.000000 22.056500 -60.400700 0.000000 0.000000 -1.000000 0.100200 -0.995000 0.000000 -0.995000 -0.100200 0.000000 4288.dat
1 0 0.000000 -44.112300 77.668900 -1.000000 0.000000 0.000000 0.000000 0.100200 -0.995000 0.000000 -0.995000 -0.100200 4590.dat
1 36 -30.000000 -52.459100 60.746900 -1.000000 0.000000 0.000000 0.000000 0.100200 -0.995000 0.000000 -0.995000 -0.100200 6141.dat
1 36 30.000000 -52.459100 60.746900 -1.000000 0.000000 0.000000 0.000000 0.100200 -0.995000 0.000000 -0.995000 -0.100200 6141.dat
1 1 0.000000 -40.312740 53.831860 1.000000 0.000000 0.000000 0.000000 -0.039276 0.999296 0.000000 -0.999296 -0.039276 3937.dat
1 0 0.000000 -41.255360 29.848750 1.000000 0.000000 0.000000 0.000000 -0.039276 0.999296 0.000000 -0.999296 -0.039276 4873.dat
1 36 50.000000 -42.197990 5.865640 1.000000 0.000000 0.000000 0.000000 -0.039276 0.999296 0.000000 -0.999296 -0.039276 4740.dat
1 36 -50.000000 -42.197990 5.865640 1.000000 0.000000 0.000000 0.000000 -0.039276 0.999296 0.000000 -0.999296 -0.039276 4740.dat
