0 6844-SeismologicVehicle.ldr
0 Name: 6844 - Seismologic Vehicle
0 Author: Willy Tschager [Holly-Wood]
0 Theme: Space
0 CustomBrick

1 7 35.500160 -52.198280 26.000270 1.000011 0.000000 0.000000 0.000000 1.000000 0.000000 0.000000 0.000000 1.000011 3023.dat
1 7 35.500160 -76.198280 -4.000090 1.000011 0.000000 0.000000 0.000000 1.000000 0.000000 0.000000 0.000000 1.000011 3062b.dat
1 1 55.500340 -100.198300 -44.000590 0.000000 0.000000 -1.000011 0.000000 1.000000 0.000000 1.000011 0.000000 0.000000 4345a.dat
1 1 15.499890 -100.198300 -44.000600 0.000000 0.000000 1.000011 0.000000 1.000000 0.000000 -1.000011 0.000000 0.000000 4345a.dat
1 1 101.383600 -102.341300 -44.000580 0.000000 -0.819011 -0.574006 0.000000 0.574000 -0.819000 1.000011 0.000000 0.000000 4346.dat
1 1 15.499890 -100.198300 -44.000600 0.000000 0.000000 1.000011 0.000000 1.000000 0.000000 -1.000011 0.000000 0.000000 4346.dat
1 7 35.500160 -100.198300 -4.000090 1.000011 0.000000 0.000000 0.000000 1.000000 0.000000 0.000000 0.000000 1.000011 3062b.dat
1 1 35.500160 -76.198280 26.000270 -1.000011 0.000000 0.000000 0.000000 1.000000 0.000000 0.000000 0.000000 -1.000011 3747a.dat
1 1 35.500160 -100.198300 26.000270 1.000011 0.000000 0.000000 0.000000 1.000000 0.000000 0.000000 0.000000 1.000011 3004.dat
1 1 35.500160 -100.198300 66.000700 1.000011 0.000000 0.000000 0.000000 1.000000 0.000000 0.000000 0.000000 1.000011 3004.dat
1 1 35.500160 -108.198300 16.000140 0.000000 0.000000 1.000011 0.000000 1.000000 0.000000 -1.000011 0.000000 0.000000 3795.dat
1 1 35.500160 -116.198300 66.000700 1.000011 0.000000 0.000000 0.000000 1.000000 0.000000 0.000000 0.000000 1.000011 3794a.dat
1 1 35.500160 -116.198300 46.000440 1.000011 0.000000 0.000000 0.000000 1.000000 0.000000 0.000000 0.000000 1.000011 3794a.dat
1 1 35.500160 -108.198300 -54.000680 1.000011 0.000000 0.000000 0.000000 1.000000 0.000000 0.000000 0.000000 1.000011 3794a.dat
1 1 35.500160 -228.198300 36.000400 1.000011 0.000000 0.000000 0.000000 1.000000 0.000000 0.000000 0.000000 1.000011 4476.dat
1 7 35.500160 -116.198300 -54.000680 1.000011 0.000000 0.000000 0.000000 1.000000 0.000000 0.000000 0.000000 1.000011 3957.dat
1 1 35.500150 -62.224280 127.007400 -1.000011 0.000000 0.000000 0.000000 0.707000 -0.707000 0.000000 -0.707005 -0.707005 3022.dat
1 7 45.500200 -60.810280 139.733400 0.000000 0.000000 -1.000011 0.707000 0.707000 0.000000 0.707005 -0.707005 0.000000 4085b.dat
1 7 25.499900 -60.810280 139.733400 0.000000 0.000000 1.000011 -0.707000 0.707000 0.000000 -0.707005 -0.707005 0.000000 4085b.dat
1 1 35.500150 -74.950280 125.593400 -1.000011 0.000000 0.000000 0.000000 0.707000 -0.707000 0.000000 -0.707005 -0.707005 3794a.dat
1 1 35.500150 -66.466270 145.389400 -1.000011 0.000000 0.000000 0.000000 0.707000 -0.707000 0.000000 -0.707005 -0.707005 3794a.dat
1 1 35.500150 -80.606280 131.249400 -1.000011 0.000000 0.000000 0.000000 0.707000 -0.707000 0.000000 -0.707005 -0.707005 3024.dat
1 1 35.500150 -93.332290 129.835400 0.000000 0.000000 -1.000011 0.707000 0.707000 0.000000 0.707005 -0.707005 0.000000 3710.dat
1 7 -3.448620 -60.198280 -154.599900 0.808920 0.000000 0.587940 0.000000 1.000000 0.000000 -0.587948 0.000000 0.808918 3829c01.dat
1 36 -44.511040 -62.198280 -166.873300 0.808909 -0.587934 0.000000 0.000000 0.000000 1.000000 -0.587935 -0.808909 0.000000 3062b.dat
1 36 -2.694700 -62.198280 -197.785600 0.808909 -0.587934 0.000000 0.000000 0.000000 1.000000 -0.587935 -0.808909 0.000000 3062b.dat
1 15 126.474400 -109.209500 -106.524800 -0.499932 -0.017449 0.865906 -0.008727 0.999849 0.015112 -0.866040 -0.000002 -0.500006 3842b.dat
1 14 126.474500 -109.209400 -106.524600 -0.499932 -0.017449 0.865907 -0.008727 0.999845 0.015112 -0.866038 -0.000002 -0.500006 3626bp01.dat
1 15 126.003300 -82.213610 -106.524700 -0.707008 -0.017449 0.707008 -0.012341 0.999845 0.012338 -0.707112 -0.000002 -0.707114 3838.dat
1 15 126.003300 -82.213610 -106.524700 -0.707008 -0.017449 0.707008 -0.012341 0.999845 0.012338 -0.707112 -0.000002 -0.707114 973p90.dat
1 15 125.445000 -50.218530 -106.524700 -0.707008 -0.017449 0.707008 -0.012341 0.999845 0.012338 -0.707112 -0.000002 -0.707114 970.dat
1 15 136.841900 -73.023020 -95.527580 -0.699369 0.103004 0.707008 0.157818 0.986946 0.012338 -0.696506 0.120207 -0.707114 3818.dat
1 15 114.850500 -73.406900 -117.521600 -0.693437 -0.582650 0.423382 -0.182129 0.710321 0.679255 -0.696506 0.394335 -0.599135 3819.dat
1 15 135.114000 -55.454960 -82.351920 -0.699369 0.572678 0.427032 0.157818 0.706492 -0.689046 -0.696506 -0.414944 -0.584917 3820.dat
1 15 95.944100 -68.038220 -107.561600 -0.693437 -0.112604 0.711264 -0.182129 0.982433 -0.021964 -0.696506 -0.144794 -0.702382 3820.dat
1 15 125.235600 -38.220370 -106.524700 -0.707007 -0.005108 0.707203 -0.012339 0.999910 -0.005114 -0.707113 -0.012342 -0.707005 3816.dat
1 15 125.235800 -38.220200 -106.524700 -0.707001 -0.005107 0.707197 -0.012340 0.999911 -0.005111 -0.707109 -0.012342 -0.707000 3817.dat
1 7 65.500380 -41.012130 134.077400 1.000011 0.000000 0.000000 0.000000 -0.707107 -0.707107 0.000000 0.707112 -0.707112 30035.dat
1 7 5.499610 -55.154280 119.935300 -1.000011 0.000000 0.000000 0.000000 -0.707107 0.707107 0.000000 0.707112 0.707112 30035.dat
1 1 35.500150 -101.815200 110.040500 0.000000 0.000000 1.000011 -0.707107 0.707107 0.000000 -0.707112 -0.707112 0.000000 4276b.dat
1 1 35.500150 -124.200000 55.998060 0.000000 0.000000 -1.000011 0.000000 1.000000 0.000000 1.000011 0.000000 0.000000 4275b.dat
1 7 35.500180 -52.198280 -64.000700 1.000011 0.000000 0.000000 0.000000 1.000000 0.000000 0.000000 0.000000 1.000011 3731.dat
1 7 14.189890 -52.198280 -130.331400 -0.808920 0.000000 -0.587939 0.000000 1.000000 0.000000 0.587939 0.000000 -0.808920 3730.dat
1 7 35.500180 -52.198280 -14.000200 0.000000 0.000000 1.000011 0.000000 1.000000 0.000000 -1.000011 0.000000 0.000000 3021.dat
1 4 -22.241150 -39.198270 -128.578900 -0.587939 0.000000 0.808920 0.000000 1.000000 0.000000 -0.808920 0.000000 -0.587939 6014.dat
1 4 27.102730 -39.198270 -164.443000 0.587941 0.000000 -0.808919 0.000000 1.000000 0.000000 0.808920 0.000000 0.587941 6014.dat
1 7 2.430750 -44.198280 -146.510900 0.808920 0.000000 0.587940 0.000000 1.000000 0.000000 -0.587940 0.000000 0.808920 4600.dat
1 256 -27.094650 -39.198270 -125.051300 -0.587939 0.000000 0.808920 0.000000 1.000000 0.000000 -0.808920 0.000000 -0.587939 56890.dat
1 256 31.956260 -39.198270 -167.970500 0.587940 0.000000 -0.808920 0.000000 1.000000 0.000000 0.808920 0.000000 0.587940 56890.dat
1 4 5.000930 -39.198270 16.000600 0.000003 0.000000 1.000009 0.000000 1.000000 0.000000 -1.000004 0.000000 0.000004 6014.dat
1 4 66.000320 -39.198270 16.000030 0.000000 0.000000 -1.000011 0.000000 1.000000 0.000000 1.000012 0.000000 0.000000 6014.dat
1 7 35.500160 -44.198280 16.000130 1.000011 0.000000 -0.000001 0.000000 1.000000 0.000000 0.000001 0.000000 1.000011 4600.dat
1 256 -1.000160 -39.198270 16.000010 0.000001 0.000000 1.000011 0.000000 1.000000 0.000000 -1.000011 0.000000 0.000001 56890.dat
1 256 72.000000 -39.198270 16.000000 -0.000001 0.000000 -1.000000 0.000000 1.000000 0.000000 1.000000 0.000000 -0.000001 56890.dat
1 7 -15.207190 -68.198280 -170.778200 0.808909 0.000000 0.587934 0.000000 1.000000 0.000000 -0.587934 0.000000 0.808909 3839b.dat
1 7 -9.327849 -52.198280 -162.689100 0.808909 0.000000 0.587934 0.000000 1.000000 0.000000 -0.587934 0.000000 0.808909 3022.dat
1 7 -15.207180 -60.198280 -170.778200 0.808909 0.000000 0.587934 0.000000 1.000000 0.000000 -0.587934 0.000000 0.808909 3023.dat
1 7 35.500270 -236.198300 36.000290 1.000000 0.000000 0.000000 0.000000 1.000000 0.000000 0.000000 0.000000 1.000000 4285b.dat
