0 6844-SeismologicVehicle.ldr
0 Name: 6844 - Seismologic Vehicle
0 Author: Willy Tschager [Holly-Wood]
0 Theme: Space
0 CustomBrick

1 7 81.000000 -47.816840 -25.000010 1.000000 0.000000 0.000000 0.000000 1.000000 0.000000 0.000000 0.000000 1.000000 3639.dat
1 7 81.000000 -39.816840 15.000000 1.000000 0.000000 0.000000 0.000000 1.000000 0.000000 0.000000 0.000000 1.000000 122c01.dat
1 256 121.000000 -37.816840 15.000000 0.000000 0.000000 -1.000000 0.000000 1.000000 0.000000 1.000000 0.000000 0.000000 4288.dat
1 256 41.000080 -37.816840 14.999990 0.000000 0.000000 1.000000 0.000000 1.000000 0.000000 -1.000000 0.000000 0.000000 4288.dat
1 7 81.000000 -47.816840 25.000000 1.000000 0.000000 0.000000 0.000000 1.000000 0.000000 0.000000 0.000000 1.000000 3023.dat
1 7 81.000000 -71.816840 -5.000010 1.000000 0.000000 0.000000 0.000000 1.000000 0.000000 0.000000 0.000000 1.000000 3062b.dat
1 1 101.000000 -95.816840 -45.000010 0.000000 0.000000 -1.000000 0.000000 1.000000 0.000000 1.000000 0.000000 0.000000 4345a.dat
1 1 61.000090 -95.816840 -45.000020 0.000000 0.000000 1.000000 0.000000 1.000000 0.000000 -1.000000 0.000000 0.000000 4345a.dat
1 1 146.883000 -97.959850 -45.000000 0.000000 -0.819000 -0.574000 0.000000 0.574000 -0.819000 1.000000 0.000000 0.000000 4346.dat
1 1 61.000090 -95.816840 -45.000020 0.000000 0.000000 1.000000 0.000000 1.000000 0.000000 -1.000000 0.000000 0.000000 4346.dat
1 7 81.000000 -95.816840 -5.000010 1.000000 0.000000 0.000000 0.000000 1.000000 0.000000 0.000000 0.000000 1.000000 3062b.dat
1 1 81.000000 -71.816840 25.000000 -1.000000 0.000000 0.000000 0.000000 1.000000 0.000000 0.000000 0.000000 -1.000000 3747a.dat
1 1 81.000000 -95.816840 25.000000 1.000000 0.000000 0.000000 0.000000 1.000000 0.000000 0.000000 0.000000 1.000000 3004.dat
1 1 81.000000 -95.816840 65.000000 1.000000 0.000000 0.000000 0.000000 1.000000 0.000000 0.000000 0.000000 1.000000 3004.dat
1 1 81.000000 -103.816800 15.000000 0.000000 0.000000 1.000000 0.000000 1.000000 0.000000 -1.000000 0.000000 0.000000 3795.dat
1 1 81.000000 -111.816800 65.000000 1.000000 0.000000 0.000000 0.000000 1.000000 0.000000 0.000000 0.000000 1.000000 3794a.dat
1 1 81.000000 -111.816800 45.000000 1.000000 0.000000 0.000000 0.000000 1.000000 0.000000 0.000000 0.000000 1.000000 3794a.dat
1 1 81.000000 -103.816800 -55.000020 1.000000 0.000000 0.000000 0.000000 1.000000 0.000000 0.000000 0.000000 1.000000 3794a.dat
1 1 81.000000 -223.816800 35.000000 1.000000 0.000000 0.000000 0.000000 1.000000 0.000000 0.000000 0.000000 1.000000 4476.dat
1 1 81.000000 -119.816800 55.000000 0.000000 0.000000 -1.000000 0.000000 1.000000 0.000000 1.000000 0.000000 0.000000 u1126.dat
1 7 81.000000 -231.816800 35.000000 1.000000 0.000000 0.000000 0.000000 1.000000 0.000000 0.000000 0.000000 1.000000 4285a.dat
1 7 81.000000 -111.816800 -55.000020 1.000000 0.000000 0.000000 0.000000 1.000000 0.000000 0.000000 0.000000 1.000000 3957a.dat
1 1 80.999980 -57.842840 126.006000 -1.000000 0.000000 0.000000 0.000000 0.707000 -0.707000 0.000000 -0.707000 -0.707000 3022.dat
1 7 90.999980 -56.428840 138.732000 0.000000 0.000000 -1.000000 0.707000 0.707000 0.000000 0.707000 -0.707000 0.000000 4085b.dat
1 7 70.999980 -56.428840 138.732000 0.000000 0.000000 1.000000 -0.707000 0.707000 0.000000 -0.707000 -0.707000 0.000000 4085b.dat
1 1 80.999980 -70.568840 124.592000 -1.000000 0.000000 0.000000 0.000000 0.707000 -0.707000 0.000000 -0.707000 -0.707000 3794a.dat
1 1 80.999980 -62.084840 144.388000 -1.000000 0.000000 0.000000 0.000000 0.707000 -0.707000 0.000000 -0.707000 -0.707000 3794a.dat
1 1 80.999980 -76.224850 130.248000 -1.000000 0.000000 0.000000 0.000000 0.707000 -0.707000 0.000000 -0.707000 -0.707000 3024.dat
1 1 80.999980 -88.950850 128.834000 0.000000 0.000000 -1.000000 0.707000 0.707000 0.000000 0.707000 -0.707000 0.000000 3710.dat
1 7 51.000060 -67.740840 150.044000 0.000000 0.000000 1.000000 -0.707000 0.707000 0.000000 -0.707000 -0.707000 0.000000 4479.dat
1 7 111.000000 -67.740840 150.044000 0.000000 0.000000 1.000000 -0.707000 0.707000 0.000000 -0.707000 -0.707000 0.000000 4479.dat
1 1 80.999980 -97.434840 109.038000 0.000000 0.000000 1.000000 -0.707000 0.707000 0.000000 -0.707000 -0.707000 0.000000 u1125.dat
1 7 45.720100 -47.816840 -133.540000 -0.809000 0.000000 -0.588000 0.000000 1.000000 0.000000 0.588000 0.000000 -0.809000 3640.dat
1 7 45.720100 -39.816840 -133.540000 0.809000 0.000000 0.588000 0.000000 1.000000 0.000000 -0.588000 0.000000 0.809000 122c01.dat
1 256 13.360070 -33.816840 -110.020000 -0.588000 0.000000 0.809000 0.000000 1.000000 0.000000 -0.809000 0.000000 -0.588000 4288.dat
1 256 78.080020 -33.816840 -157.060000 0.588000 0.000000 -0.809000 0.000000 1.000000 0.000000 0.809000 0.000000 0.588000 4288.dat
1 7 28.080060 -55.816840 -157.810000 0.809000 0.000000 0.588000 0.000000 1.000000 0.000000 -0.588000 0.000000 0.809000 3023.dat
1 7 28.080060 -63.816840 -157.810000 0.809000 0.000000 0.588000 0.000000 1.000000 0.000000 -0.588000 0.000000 0.809000 3839a.dat
1 7 39.840100 -55.816840 -141.630000 0.809000 0.000000 0.588000 0.000000 1.000000 0.000000 -0.588000 0.000000 0.809000 3829c01.dat
1 36 -2.361930 -59.816840 -155.466000 0.809000 -0.588000 0.000000 0.000000 0.000000 1.000000 -0.588000 -0.809000 0.000000 3062b.dat
1 36 39.706100 -59.816840 -186.042000 0.809000 -0.588000 0.000000 0.000000 0.000000 1.000000 -0.588000 -0.809000 0.000000 3062b.dat
1 15 171.973300 -108.828000 -107.523400 -0.499926 -0.017449 0.865895 -0.008727 0.999849 0.015112 -0.866029 -0.000002 -0.500000 3842b.dat
1 14 171.973300 -108.828000 -107.523300 -0.499927 -0.017449 0.865896 -0.008727 0.999845 0.015112 -0.866027 -0.000002 -0.500001 3626bp01.dat
1 15 171.502200 -81.832180 -107.523300 -0.707002 -0.017449 0.707002 -0.012341 0.999845 0.012338 -0.707107 -0.000002 -0.707108 3838.dat
1 15 171.502200 -81.832180 -107.523300 -0.707002 -0.017449 0.707002 -0.012341 0.999845 0.012338 -0.707107 -0.000002 -0.707108 973p90.dat
1 15 170.943800 -49.837100 -107.523300 -0.707002 -0.017449 0.707002 -0.012341 0.999845 0.012338 -0.707107 -0.000002 -0.707108 970.dat
1 15 182.340400 -72.641600 -96.526340 -0.699363 0.103003 0.707002 0.157818 0.986946 0.012338 -0.696501 0.120206 -0.707108 3818.dat
1 15 160.349900 -73.025460 -118.520200 -0.693431 -0.582644 0.423377 -0.182129 0.710321 0.679255 -0.696500 0.394329 -0.599129 3819.dat
1 15 180.612500 -55.073530 -83.351200 -0.699363 0.572672 0.427027 0.157818 0.706492 -0.689046 -0.696501 -0.414939 -0.584911 3820.dat
1 15 141.443300 -67.656800 -108.560300 -0.693431 -0.112603 0.711258 -0.182129 0.982433 -0.021964 -0.696500 -0.144792 -0.702376 3820.dat
1 15 170.734400 -37.838940 -107.523400 -0.707001 -0.005108 0.707198 -0.012339 0.999910 -0.005114 -0.707108 -0.012342 -0.707000 3816.dat
1 15 170.734600 -37.838760 -107.523300 -0.706996 -0.005107 0.707192 -0.012340 0.999911 -0.005111 -0.707104 -0.012342 -0.706995 3817.dat
