0 894-MobileGroundTrackingStation.ldr
0 Name: 894 - Mobile Ground Tracking Station
0 Author: Willy Tschager [Holly-Wood]
0 Theme: Space
0 CustomBrick

1 7 0.000000 -32.000000 -20.000000 0.000000 0.000000 1.000000 0.000000 1.000000 0.000000 -1.000000 0.000000 0.000000 3034.dat
1 7 0.000000 -32.000000 80.000000 -1.000000 0.000000 0.000000 0.000000 1.000000 0.000000 0.000000 0.000000 -1.000000 3731.dat
1 7 0.000000 -24.000000 60.000000 1.000000 0.000000 0.000000 0.000000 1.000000 0.000000 0.000000 0.000000 1.000000 122c01.dat
1 7 0.000000 -24.000000 20.000000 1.000000 0.000000 0.000000 0.000000 1.000000 0.000000 0.000000 0.000000 1.000000 122c01.dat
1 7 0.000000 -24.000000 -80.000000 1.000000 0.000000 0.000000 0.000000 1.000000 0.000000 0.000000 0.000000 1.000000 122c01.dat
1 7 20.000000 -24.000000 -30.000000 0.000000 0.000000 1.000000 0.000000 1.000000 0.000000 -1.000000 0.000000 0.000000 3021.dat
1 7 -20.000000 -24.000000 -30.000000 0.000000 0.000000 1.000000 0.000000 1.000000 0.000000 -1.000000 0.000000 0.000000 3021.dat
1 256 -30.000000 -18.000000 -80.000000 0.000000 0.000000 1.000000 0.000000 1.000000 0.000000 -1.000000 0.000000 0.000000 3641.dat
1 256 -30.000000 -18.000000 20.000000 0.000000 0.000000 1.000000 0.000000 1.000000 0.000000 -1.000000 0.000000 0.000000 3641.dat
1 256 -30.000000 -18.000000 60.000000 0.000000 0.000000 1.000000 0.000000 1.000000 0.000000 -1.000000 0.000000 0.000000 3641.dat
1 256 30.000000 -18.000000 60.000000 0.000000 0.000000 1.000000 0.000000 1.000000 0.000000 -1.000000 0.000000 0.000000 3641.dat
1 256 30.000000 -18.000000 20.000000 0.000000 0.000000 1.000000 0.000000 1.000000 0.000000 -1.000000 0.000000 0.000000 3641.dat
1 256 30.000000 -18.000000 -80.000000 0.000000 0.000000 1.000000 0.000000 1.000000 0.000000 -1.000000 0.000000 0.000000 3641.dat
1 7 0.000000 -48.000000 -80.000000 1.000000 0.000000 0.000000 0.000000 1.000000 0.000000 0.000000 0.000000 1.000000 3787.dat
1 7 0.000000 -48.000000 20.000000 1.000000 0.000000 0.000000 0.000000 1.000000 0.000000 0.000000 0.000000 1.000000 3788.dat
1 7 0.000000 -48.000000 60.000000 1.000000 0.000000 0.000000 0.000000 1.000000 0.000000 0.000000 0.000000 1.000000 3788.dat
1 7 0.000000 -40.000000 90.000000 1.000000 0.000000 0.000000 0.000000 1.000000 0.000000 0.000000 0.000000 1.000000 3710.dat
1 7 0.000000 -48.000000 90.000000 1.000000 0.000000 0.000000 0.000000 1.000000 0.000000 0.000000 0.000000 1.000000 3710.dat
1 7 0.000000 -48.000000 40.000000 0.000000 0.000000 1.000000 0.000000 1.000000 0.000000 -1.000000 0.000000 0.000000 3020.dat
1 7 -30.000000 -56.000000 50.000000 1.000000 0.000000 0.000000 0.000000 1.000000 0.000000 0.000000 0.000000 1.000000 3070a.dat
1 7 30.000000 -56.000000 50.000000 1.000000 0.000000 0.000000 0.000000 1.000000 0.000000 0.000000 0.000000 1.000000 3070a.dat
1 7 -30.000000 -56.000000 80.000000 0.000000 0.000000 1.000000 0.000000 1.000000 0.000000 -1.000000 0.000000 0.000000 3069b.dat
1 7 30.000000 -56.000000 80.000000 0.000000 0.000000 1.000000 0.000000 1.000000 0.000000 -1.000000 0.000000 0.000000 3069b.dat
1 7 0.000000 -56.000000 90.000000 -1.000000 0.000000 0.000000 0.000000 1.000000 0.000000 0.000000 0.000000 -1.000000 3069b.dat
1 7 0.000000 -48.000000 -90.000000 1.000000 0.000000 0.000000 0.000000 1.000000 0.000000 0.000000 0.000000 1.000000 3794a.dat
1 7 0.000000 -48.000000 -70.000000 1.000000 0.000000 0.000000 0.000000 1.000000 0.000000 0.000000 0.000000 1.000000 3829c01.dat
1 7 0.000000 -56.000000 20.000000 1.000000 0.000000 0.000000 0.000000 1.000000 0.000000 0.000000 0.000000 1.000000 3022.dat
1 7 -30.000000 -56.000000 20.000000 0.000000 0.000000 1.000000 0.000000 1.000000 0.000000 -1.000000 0.000000 0.000000 3023.dat
1 7 30.000000 -56.000000 20.000000 0.000000 0.000000 1.000000 0.000000 1.000000 0.000000 -1.000000 0.000000 0.000000 3023.dat
1 7 0.000000 -80.000000 20.000000 1.000000 0.000000 0.000000 0.000000 1.000000 0.000000 0.000000 0.000000 1.000000 3001.dat
1 7 0.000000 -104.000000 10.000000 -1.000000 0.000000 0.000000 0.000000 1.000000 0.000000 0.000000 0.000000 -1.000000 3039p23.dat
1 7 -40.000000 -104.000000 40.000000 0.000000 0.000000 1.000000 0.000000 1.000000 0.000000 -1.000000 0.000000 0.000000 3830.dat
1 7 40.000000 -104.000000 40.000000 0.000000 0.000000 -1.000000 0.000000 1.000000 0.000000 1.000000 0.000000 0.000000 3831.dat
1 46 0.000000 -128.000000 10.000000 -1.000000 0.000000 0.000000 0.000000 1.000000 0.000000 0.000000 0.000000 -1.000000 3065.dat
1 7 -30.000000 -128.000000 20.000000 0.000000 0.000000 1.000000 0.000000 1.000000 0.000000 -1.000000 0.000000 0.000000 3004p90.dat
1 7 30.000000 -128.000000 20.000000 0.000000 0.000000 -1.000000 0.000000 1.000000 0.000000 1.000000 0.000000 0.000000 3004p90.dat
1 7 0.000000 -136.000000 20.000000 1.000000 0.000000 0.000000 0.000000 1.000000 0.000000 0.000000 0.000000 1.000000 3020.dat
1 7 0.000000 -144.000000 20.000000 1.000000 0.000000 0.000000 0.000000 1.000000 0.000000 0.000000 0.000000 1.000000 3680.dat
1 7 -1.000000 -48.000000 -90.000000 -1.000000 0.000000 0.000000 0.000000 1.000000 0.000000 0.000000 0.000000 -1.000000 3838.dat
1 7 -30.000000 -80.000000 70.000000 0.000000 0.000000 1.000000 0.000000 1.000000 0.000000 -1.000000 0.000000 0.000000 3622.dat
1 7 -10.000000 -80.000000 90.000000 1.000000 0.000000 0.000000 0.000000 1.000000 0.000000 0.000000 0.000000 1.000000 3005.dat
1 7 -20.000000 -104.000000 90.000000 1.000000 0.000000 0.000000 0.000000 1.000000 0.000000 0.000000 0.000000 1.000000 3004.dat
1 7 -40.000000 -104.000000 40.000000 0.000000 0.000000 1.000000 0.000000 1.000000 0.000000 -1.000000 0.000000 0.000000 3831.dat
1 7 -20.000000 -128.000000 90.000000 1.000000 0.000000 0.000000 0.000000 1.000000 0.000000 0.000000 0.000000 1.000000 3004.dat
1 46 -30.000000 -128.000000 60.000000 0.000000 0.000000 -1.000000 0.000000 1.000000 0.000000 1.000000 0.000000 0.000000 3065.dat
1 7 -20.000000 -136.000000 70.000000 0.000000 0.000000 1.000000 0.000000 1.000000 0.000000 -1.000000 0.000000 0.000000 3021.dat
1 7 -10.000000 -144.000000 90.000000 1.000000 0.000000 0.000000 0.000000 1.000000 0.000000 0.000000 0.000000 1.000000 3957a.dat
1 7 54.142140 -80.000000 96.568560 0.707107 0.000000 0.707107 0.000000 1.000000 0.000000 -0.707107 0.000000 0.707107 3005.dat
1 7 54.142140 -80.000000 68.284280 -0.707107 0.000000 0.707107 0.000000 1.000000 0.000000 -0.707107 0.000000 -0.707107 3622.dat
1 7 61.213220 -104.000000 89.497490 0.707107 0.000000 0.707107 0.000000 1.000000 0.000000 -0.707107 0.000000 0.707107 3004.dat
1 7 40.000000 -104.000000 40.000000 0.707107 0.000000 -0.707107 0.000000 1.000000 0.000000 0.707107 0.000000 0.707107 3830.dat
1 46 47.071080 -128.000000 61.213220 0.707107 0.000000 -0.707107 0.000000 1.000000 0.000000 0.707107 0.000000 0.707107 3065.dat
1 7 61.213220 -128.000000 89.497490 0.707107 0.000000 0.707107 0.000000 1.000000 0.000000 -0.707107 0.000000 0.707107 3004.dat
1 7 47.071080 -136.000000 75.355350 -0.707107 0.000000 0.707107 0.000000 1.000000 0.000000 -0.707107 0.000000 -0.707107 3021.dat
1 36 68.284280 -144.000000 82.426410 0.707107 0.000000 0.707107 0.000000 1.000000 0.000000 -0.707107 0.000000 0.707107 3024.dat
1 7 0.000000 -144.000000 20.000000 -0.838671 0.000000 -0.544639 0.000000 1.000000 0.000000 0.544639 0.000000 -0.838671 3679.dat
1 7 0.000000 -154.000000 20.000000 -0.838671 0.544639 0.000000 0.000000 0.000000 1.000000 0.544639 0.838671 0.000000 3651.dat
1 7 8.386710 -174.000000 14.553610 -0.544639 0.838671 0.000000 0.000000 0.000000 -1.000000 -0.838671 -0.544639 0.000000 3062a.dat
1 7 -8.386710 -174.000000 25.446390 -0.544639 -0.838671 0.000000 0.000000 0.000000 1.000000 -0.838671 0.544639 0.000000 3062a.dat
1 47 36.901520 -174.000000 -3.964120 0.544639 0.000000 0.838671 0.000000 -1.000000 0.000000 0.838671 0.000000 -0.544639 3876.dat
1 47 -36.901520 -174.000000 43.964120 -0.544639 0.000000 -0.838671 0.000000 -1.000000 0.000000 -0.838671 0.000000 0.544639 3876.dat
1 7 0.000000 -24.000000 170.000000 1.000000 0.000000 0.000000 0.000000 1.000000 0.000000 0.000000 0.000000 1.000000 122c01.dat
1 256 -30.000000 -18.000000 170.000000 0.000000 0.000000 1.000000 0.000000 1.000000 0.000000 -1.000000 0.000000 0.000000 3641.dat
1 256 30.000000 -18.000000 170.000000 0.000000 0.000000 1.000000 0.000000 1.000000 0.000000 -1.000000 0.000000 0.000000 3641.dat
1 7 0.000000 -32.000000 150.000000 1.000000 0.000000 0.000000 0.000000 1.000000 0.000000 0.000000 0.000000 1.000000 3730.dat
1 7 0.000000 -32.000000 190.000000 1.000000 0.000000 0.000000 0.000000 1.000000 0.000000 0.000000 0.000000 1.000000 3022.dat
1 7 0.000000 -48.000000 170.000000 1.000000 0.000000 0.000000 0.000000 1.000000 0.000000 0.000000 0.000000 1.000000 3787.dat
1 7 0.000000 -40.000000 200.000000 -1.000000 0.000000 0.000000 0.000000 1.000000 0.000000 0.000000 0.000000 -1.000000 3839a.dat
1 7 0.000000 -64.000000 180.001000 1.000000 0.000000 0.000000 0.000000 1.000000 0.000000 0.000000 0.000000 1.000000 3937.dat
1 7 0.000000 -61.071080 172.928900 -1.000000 0.000000 0.000000 0.000000 0.707107 0.707107 0.000000 0.707107 -0.707107 3938.dat
1 7 0.000000 -66.727930 167.272100 -1.000000 0.000000 0.000000 0.000000 0.707107 0.707107 0.000000 0.707107 -0.707107 3794a.dat
1 7 0.000000 -78.041640 155.958400 -0.945519 0.000000 -0.325568 -0.230211 0.707107 0.668583 0.230211 0.707107 -0.668583 3959.dat
1 7 7.813630 -94.087630 172.004300 0.945519 0.325568 0.000000 0.230211 -0.668583 -0.707107 -0.230211 0.668583 -0.707107 3960.dat
1 34 11.394880 -101.442000 179.358800 0.945519 0.325568 0.000000 0.230211 -0.668583 -0.707107 -0.230211 0.668583 -0.707107 3062b.dat
