0 926-CommandCentre.ldr
0 Name: 926 - Command Centre
0 Author: Willy Tschager [Holly-Wood]
0 CustomBrick

1 7 -128.040000 -28.000000 -470.000000 0.500000 0.000000 -0.866000 0.000000 1.000000 0.000000 0.866000 0.000000 0.500000 3023.dat
1 7 -188.660000 -28.000000 -435.000000 0.866000 0.000000 0.500000 0.000000 1.000000 0.000000 -0.500000 0.000000 0.866000 3795.dat
1 7 -136.700000 -44.000000 -465.000000 -0.500000 0.000000 0.866000 0.000000 1.000000 0.000000 -0.866000 0.000000 -0.500000 3787.dat
1 7 -223.300000 -44.000000 -415.000000 -0.500000 0.000000 0.866000 0.000000 1.000000 0.000000 -0.866000 0.000000 -0.500000 3787.dat
1 7 -190.000000 -20.000000 -457.320000 -0.866000 0.000000 -0.500000 0.000000 1.000000 0.000000 0.500000 0.000000 -0.866000 3021.dat
1 7 -170.000000 -20.000000 -422.680000 -0.866000 0.000000 -0.500000 0.000000 1.000000 0.000000 0.500000 0.000000 -0.866000 3021.dat
1 7 -223.300000 -20.000000 -415.000000 0.500000 0.000000 -0.866000 0.000000 1.000000 0.000000 0.866000 0.000000 0.500000 122c01.dat
1 7 -136.700000 -20.000000 -465.000000 0.500000 0.000000 -0.866000 0.000000 1.000000 0.000000 0.866000 0.000000 0.500000 122c01.dat
1 256 -208.300000 -14.000000 -389.020000 0.866000 0.000000 0.500000 0.000000 1.000000 0.000000 -0.500000 0.000000 0.866000 3641.dat
1 256 -238.300000 -14.000000 -440.980000 0.866000 0.000000 0.500000 0.000000 1.000000 0.000000 -0.500000 0.000000 0.866000 3641.dat
1 256 -151.700000 -14.000000 -490.980000 0.866000 0.000000 0.500000 0.000000 1.000000 0.000000 -0.500000 0.000000 0.866000 3641.dat
1 256 -121.700000 -14.000000 -439.020000 0.866000 0.000000 0.500000 0.000000 1.000000 0.000000 -0.500000 0.000000 0.866000 3641.dat
1 7 -128.040000 -44.000000 -470.000000 -0.500000 0.000000 0.866000 0.000000 1.000000 0.000000 -0.866000 0.000000 -0.500000 3794a.dat
1 7 -145.360000 -44.000000 -460.000000 0.500000 0.000000 -0.866000 0.000000 1.000000 0.000000 0.866000 0.000000 0.500000 3829c01.dat
1 7 -223.300000 -44.000000 -415.000000 0.500000 0.000000 -0.866000 0.000000 1.000000 0.000000 0.866000 0.000000 0.500000 3680.dat
1 7 -128.040000 -44.000000 -470.000000 -0.500000 0.000000 0.866000 0.000000 1.000000 0.000000 -0.866000 0.000000 -0.500000 3838.dat
1 0 -165.870600 -60.530000 -474.489300 -0.715884 -0.493644 -0.492500 -0.477000 0.861000 -0.170000 0.508012 0.112966 -0.853010 3962a.dat
1 7 -223.300000 -44.000000 -415.000000 0.500000 0.000000 -0.866000 0.000000 1.000000 0.000000 0.866000 0.000000 0.500000 3679.dat
1 7 -223.300000 -52.000000 -415.000000 0.866000 0.000000 0.500000 0.000000 1.000000 0.000000 -0.500000 0.000000 0.866000 3020.dat
1 1 -240.620000 -76.000000 -405.000000 0.866000 0.000000 0.500000 0.000000 1.000000 0.000000 -0.500000 0.000000 0.866000 3941.dat
1 1 -231.960000 -84.000000 -410.000000 0.866000 0.000000 0.500000 0.000000 1.000000 0.000000 -0.500000 0.000000 0.866000 3021.dat
1 7 -214.640000 -92.000000 -420.000000 0.500000 0.000000 -0.866000 0.000000 1.000000 0.000000 0.866000 0.000000 0.500000 3839a.dat
1 1 -240.620000 -92.000000 -405.000000 -0.866000 0.000000 -0.500000 0.000000 1.000000 0.000000 0.500000 0.000000 -0.866000 3481.dat
1 1 -249.280000 -116.000000 -400.000000 0.500000 0.000000 -0.866000 0.000000 1.000000 0.000000 0.866000 0.000000 0.500000 3039p23.dat
1 7 130.000000 -28.000000 -400.000000 -0.707000 0.000000 0.707000 0.000000 1.000000 0.000000 -0.707000 0.000000 -0.707000 3795.dat
1 7 130.000000 -20.000000 -400.000000 -0.707000 0.000000 -0.707000 0.000000 1.000000 0.000000 0.707000 0.000000 -0.707000 3020.dat
1 7 158.280000 -20.000000 -371.720000 -0.707000 0.000000 -0.707000 0.000000 1.000000 0.000000 0.707000 0.000000 -0.707000 122c01.dat
1 7 101.720000 -20.000000 -428.280000 -0.707000 0.000000 -0.707000 0.000000 1.000000 0.000000 0.707000 0.000000 -0.707000 122c01.dat
1 256 122.930000 -14.000000 -449.490000 0.707000 0.000000 -0.707000 0.000000 1.000000 0.000000 0.707000 0.000000 0.707000 3641.dat
1 256 80.509990 -14.000000 -407.070000 0.707000 0.000000 -0.707000 0.000000 1.000000 0.000000 0.707000 0.000000 0.707000 3641.dat
1 256 137.070000 -14.000000 -350.510000 0.707000 0.000000 -0.707000 0.000000 1.000000 0.000000 0.707000 0.000000 0.707000 3641.dat
1 256 179.490000 -14.000000 -392.930000 0.707000 0.000000 -0.707000 0.000000 1.000000 0.000000 0.707000 0.000000 0.707000 3641.dat
1 7 94.649990 -36.000000 -435.350000 0.707000 0.000000 0.707000 0.000000 1.000000 0.000000 -0.707000 0.000000 0.707000 3794a.dat
1 7 108.790000 -36.000000 -421.210000 0.707000 0.000000 0.707000 0.000000 1.000000 0.000000 -0.707000 0.000000 0.707000 3829c01.dat
1 7 165.350000 -52.000000 -364.650000 0.707000 0.000000 0.707000 0.000000 1.000000 0.000000 -0.707000 0.000000 0.707000 3039.dat
1 7 94.649990 -36.000000 -435.350000 -0.707000 0.000000 -0.707000 0.000000 1.000000 0.000000 0.707000 0.000000 -0.707000 3838.dat
1 7 -200.000000 -64.000000 -160.000000 0.707000 0.000000 -0.707000 0.000000 1.000000 0.000000 0.707000 0.000000 0.707000 3679.dat
1 7 -200.000000 -72.000000 -160.000000 0.707000 0.000000 0.707000 0.000000 1.000000 0.000000 -0.707000 0.000000 0.707000 3020.dat
1 47 -221.210000 -120.000000 -138.790000 0.707000 0.000000 -0.707000 0.000000 1.000000 0.000000 0.707000 0.000000 0.707000 3678a.dat
1 7 160.000000 -198.660000 -165.000000 -1.000000 0.000000 0.000000 0.000000 0.866000 -0.500000 0.000000 -0.500000 -0.866000 3938.dat
1 7 160.000000 -219.444000 -153.000000 0.707000 0.000000 0.707000 -0.353500 0.866000 0.353500 -0.612262 -0.500000 0.612262 3959.dat
1 7 143.029000 -227.929500 -167.696900 0.707000 -0.707000 0.000000 -0.353500 -0.353500 0.866000 -0.612262 -0.612262 -0.500000 3960.dat
1 34 131.716000 -233.586000 -177.493900 0.707000 -0.707000 0.000000 -0.353500 -0.353500 0.866000 -0.612262 -0.612262 -0.500000 3062b.dat
1 7 160.000000 -205.588000 -161.000000 -1.000000 0.000000 0.000000 0.000000 0.866000 -0.500000 0.000000 -0.500000 -0.866000 3794a.dat
1 7 -120.000000 -288.000000 -60.000000 0.707000 0.000000 0.707000 0.000000 1.000000 0.000000 -0.707000 0.000000 0.707000 3679.dat
1 7 -127.070000 -296.000000 -52.930000 -0.707000 0.000000 0.707000 0.000000 1.000000 0.000000 -0.707000 0.000000 -0.707000 3794a.dat
1 7 -112.930000 -296.000000 -67.070000 -0.707000 0.000000 0.707000 0.000000 1.000000 0.000000 -0.707000 0.000000 -0.707000 3794a.dat
1 7 -120.000000 -320.000000 -60.000000 0.707000 0.000000 0.707000 0.000000 1.000000 0.000000 -0.707000 0.000000 0.707000 3937.dat
1 7 -123.535000 -318.660000 -63.535000 -0.707000 0.353500 -0.612262 0.000000 0.866000 0.500000 0.707000 0.353500 -0.612262 3938.dat
1 7 -120.240400 -330.588000 -60.240380 0.707000 0.353500 0.612262 0.000000 0.866000 -0.500000 -0.707000 0.353500 0.612262 3956.dat
1 7 -139.555600 -337.908000 -79.555620 0.707000 0.612262 -0.353500 0.000000 -0.500000 -0.866000 -0.707000 0.612262 -0.353500 3941.dat
1 7 -124.861300 -349.908000 -64.861340 0.707000 0.612262 -0.353500 0.000000 -0.500000 -0.866000 -0.707000 0.612262 -0.353500 3941.dat
1 7 -145.816800 -321.248000 -85.816810 0.707000 0.612262 -0.353500 0.000000 -0.500000 -0.866000 -0.707000 0.612262 -0.353500 3839a.dat
1 7 -152.886800 -338.568000 -92.886810 -0.707000 0.612262 0.353500 0.000000 -0.500000 0.866000 0.707000 0.612262 0.353500 3839a.dat
1 7 -110.167000 -361.908000 -50.167040 -0.707000 0.612262 0.353500 0.000000 -0.500000 0.866000 0.707000 0.612262 0.353500 3961.dat
1 7 -105.268900 -365.908000 -45.268950 -0.707000 0.612262 0.353500 0.000000 -0.500000 0.866000 0.707000 0.612262 0.353500 3940.dat
1 7 -40.000000 -64.000000 -160.000000 0.707000 0.000000 0.707000 0.000000 1.000000 0.000000 -0.707000 0.000000 0.707000 3679.dat
1 7 -40.000000 -72.000000 -160.000000 -0.707000 0.000000 0.707000 0.000000 1.000000 0.000000 -0.707000 0.000000 -0.707000 3020.dat
1 47 -18.790000 -120.000000 -138.790000 0.707000 0.000000 0.707000 0.000000 1.000000 0.000000 -0.707000 0.000000 0.707000 3678a.dat
1 7 158.280000 -60.000000 -357.580000 0.707107 0.000000 0.707107 0.000000 1.000000 0.000000 -0.707107 0.000000 0.707107 3957.dat
1 7 0.000000 0.000000 0.000000 1.000000 0.000000 0.000000 0.000000 1.000000 0.000000 0.000000 0.000000 1.000000 3947.dat
1 1 -260.000000 -48.000000 -80.000000 -1.000000 0.000000 0.000000 0.000000 1.000000 0.000000 0.000000 0.000000 -1.000000 3479.dat
1 1 -260.000000 -48.000000 -180.000000 1.000000 0.000000 0.000000 0.000000 1.000000 0.000000 0.000000 0.000000 1.000000 3479.dat
1 1 -120.000000 -48.000000 -80.000000 -1.000000 0.000000 0.000000 0.000000 1.000000 0.000000 0.000000 0.000000 -1.000000 3479.dat
1 1 20.000000 -48.000000 -80.000000 -1.000000 0.000000 0.000000 0.000000 1.000000 0.000000 0.000000 0.000000 -1.000000 3479.dat
1 1 20.000000 -48.000000 -180.000000 1.000000 0.000000 0.000000 0.000000 1.000000 0.000000 0.000000 0.000000 1.000000 3479.dat
1 1 -140.000000 -24.000000 -230.000000 -1.000000 0.000000 0.000000 0.000000 1.000000 0.000000 0.000000 0.000000 -1.000000 3660.dat
1 1 -100.000000 -24.000000 -230.000000 -1.000000 0.000000 0.000000 0.000000 1.000000 0.000000 0.000000 0.000000 -1.000000 3660.dat
1 1 -150.000000 -24.000000 -250.000000 1.000000 0.000000 0.000000 0.000000 1.000000 0.000000 0.000000 0.000000 1.000000 3040b.dat
1 1 -90.000000 -24.000000 -250.000000 1.000000 0.000000 0.000000 0.000000 1.000000 0.000000 0.000000 0.000000 1.000000 3040b.dat
1 1 -150.000000 -48.000000 -230.000000 1.000000 0.000000 0.000000 0.000000 1.000000 0.000000 0.000000 0.000000 1.000000 3040b.dat
1 1 -90.000000 -48.000000 -230.000000 1.000000 0.000000 0.000000 0.000000 1.000000 0.000000 0.000000 0.000000 1.000000 3040b.dat
1 1 -140.000000 -48.000000 -210.000000 -1.000000 0.000000 0.000000 0.000000 1.000000 0.000000 0.000000 0.000000 -1.000000 3660.dat
1 1 -100.000000 -48.000000 -210.000000 -1.000000 0.000000 0.000000 0.000000 1.000000 0.000000 0.000000 0.000000 -1.000000 3660.dat
1 1 -120.000000 -56.000000 -140.000000 -1.000000 0.000000 0.000000 0.000000 1.000000 0.000000 0.000000 0.000000 -1.000000 3027.dat
1 1 -200.000000 -56.000000 -70.000000 -1.000000 0.000000 0.000000 0.000000 1.000000 0.000000 0.000000 0.000000 -1.000000 3460.dat
1 1 -40.000000 -56.000000 -70.000000 -1.000000 0.000000 0.000000 0.000000 1.000000 0.000000 0.000000 0.000000 -1.000000 3460.dat
1 1 -270.000000 -80.000000 -140.000000 0.000000 0.000000 -1.000000 0.000000 1.000000 0.000000 1.000000 0.000000 0.000000 3009.dat
1 1 30.000000 -80.000000 -140.000000 0.000000 0.000000 -1.000000 0.000000 1.000000 0.000000 1.000000 0.000000 0.000000 3009.dat
1 1 -230.000000 -80.000000 -80.000000 1.000000 0.000000 0.000000 0.000000 1.000000 0.000000 0.000000 0.000000 1.000000 3002.dat
1 1 -170.000000 -80.000000 -80.000000 1.000000 0.000000 0.000000 0.000000 1.000000 0.000000 0.000000 0.000000 1.000000 3002.dat
1 1 -70.000000 -80.000000 -80.000000 1.000000 0.000000 0.000000 0.000000 1.000000 0.000000 0.000000 0.000000 1.000000 3002.dat
1 1 -10.000000 -80.000000 -80.000000 1.000000 0.000000 0.000000 0.000000 1.000000 0.000000 0.000000 0.000000 1.000000 3002.dat
1 1 -150.000000 -72.000000 -210.000000 1.000000 0.000000 0.000000 0.000000 1.000000 0.000000 0.000000 0.000000 1.000000 3040b.dat
1 1 -120.000000 -80.000000 -90.000000 1.000000 0.000000 0.000000 0.000000 1.000000 0.000000 0.000000 0.000000 1.000000 3004.dat
1 1 -120.000000 -80.000000 -70.000000 -1.000000 0.000000 0.000000 0.000000 1.000000 0.000000 0.000000 0.000000 -1.000000 3660.dat
1 1 -90.000000 -72.000000 -210.000000 1.000000 0.000000 0.000000 0.000000 1.000000 0.000000 0.000000 0.000000 1.000000 3040b.dat
1 7 -200.000000 -64.000000 -160.000000 -1.000000 0.000000 0.000000 0.000000 1.000000 0.000000 0.000000 0.000000 -1.000000 3680.dat
1 7 -40.000000 -64.000000 -160.000000 -1.000000 0.000000 0.000000 0.000000 1.000000 0.000000 0.000000 0.000000 -1.000000 3680.dat
1 1 -270.000000 -104.000000 -120.000000 0.000000 0.000000 -1.000000 0.000000 1.000000 0.000000 1.000000 0.000000 0.000000 3008.dat
1 1 30.000000 -104.000000 -120.000000 0.000000 0.000000 -1.000000 0.000000 1.000000 0.000000 1.000000 0.000000 0.000000 3008.dat
1 1 -120.000000 -104.000000 -70.000000 0.000000 0.000000 -1.000000 0.000000 1.000000 0.000000 1.000000 0.000000 0.000000 3002.dat
1 1 -80.000000 -104.000000 -70.000000 1.000000 0.000000 0.000000 0.000000 1.000000 0.000000 0.000000 0.000000 1.000000 3039p23.dat
1 1 -40.000000 -104.000000 -70.000000 1.000000 0.000000 0.000000 0.000000 1.000000 0.000000 0.000000 0.000000 1.000000 3039p34.dat
1 1 0.000000 -104.000000 -70.000000 1.000000 0.000000 0.000000 0.000000 1.000000 0.000000 0.000000 0.000000 1.000000 3039p23.dat
1 1 -120.000000 -128.000000 -70.000000 0.000000 0.000000 1.000000 0.000000 1.000000 0.000000 -1.000000 0.000000 0.000000 3002.dat
1 46 -270.000000 -128.000000 -120.000000 0.000000 0.000000 1.000000 0.000000 1.000000 0.000000 -1.000000 0.000000 0.000000 3066.dat
1 1 -270.000000 -128.000000 -60.000000 0.000000 0.000000 1.000000 0.000000 1.000000 0.000000 -1.000000 0.000000 0.000000 3004.dat
1 1 -270.000000 -128.000000 -180.000000 0.000000 0.000000 1.000000 0.000000 1.000000 0.000000 -1.000000 0.000000 0.000000 3004.dat
1 1 30.000000 -128.000000 -120.000000 0.000000 0.000000 -1.000000 0.000000 1.000000 0.000000 1.000000 0.000000 0.000000 3008.dat
1 1 30.000000 -152.000000 -180.000000 0.000000 0.000000 -1.000000 0.000000 1.000000 0.000000 1.000000 0.000000 0.000000 3004.dat
1 1 30.000000 -152.000000 -140.000000 0.000000 0.000000 1.000000 0.000000 1.000000 0.000000 -1.000000 0.000000 0.000000 3004p20.dat
1 1 30.000000 -152.000000 -80.000000 0.000000 0.000000 1.000000 0.000000 1.000000 0.000000 -1.000000 0.000000 0.000000 3010.dat
1 1 -120.000000 -152.000000 -60.000000 -1.000000 0.000000 0.000000 0.000000 1.000000 0.000000 0.000000 0.000000 -1.000000 3003.dat
1 1 -120.000000 -152.000000 -90.000000 1.000000 0.000000 0.000000 0.000000 1.000000 0.000000 0.000000 0.000000 1.000000 3004p90.dat
1 1 -270.000000 -152.000000 -60.000000 0.000000 0.000000 1.000000 0.000000 1.000000 0.000000 -1.000000 0.000000 0.000000 3004.dat
1 1 -270.000000 -152.000000 -180.000000 0.000000 0.000000 1.000000 0.000000 1.000000 0.000000 -1.000000 0.000000 0.000000 3004.dat
1 46 -270.000000 -152.000000 -120.000000 0.000000 0.000000 1.000000 0.000000 1.000000 0.000000 -1.000000 0.000000 0.000000 3066.dat
1 1 30.000000 -160.000000 -140.000000 0.000000 0.000000 1.000000 0.000000 1.000000 0.000000 -1.000000 0.000000 0.000000 3666.dat
1 1 30.000000 -168.000000 -140.000000 0.000000 0.000000 1.000000 0.000000 1.000000 0.000000 -1.000000 0.000000 0.000000 3666.dat
1 1 30.000000 -176.000000 -60.000000 0.000000 0.000000 1.000000 0.000000 1.000000 0.000000 -1.000000 0.000000 0.000000 3004.dat
1 1 -120.000000 -176.000000 -70.000000 0.000000 0.000000 -1.000000 0.000000 1.000000 0.000000 1.000000 0.000000 0.000000 3002.dat
1 1 -270.000000 -176.000000 -60.000000 0.000000 0.000000 -1.000000 0.000000 1.000000 0.000000 1.000000 0.000000 0.000000 3004.dat
1 1 -270.000000 -176.000000 -180.000000 0.000000 0.000000 -1.000000 0.000000 1.000000 0.000000 1.000000 0.000000 0.000000 3004.dat
1 1 290.000000 -24.000000 -140.000000 0.000000 0.000000 -1.000000 0.000000 1.000000 0.000000 1.000000 0.000000 0.000000 3009.dat
1 1 290.000000 -48.000000 -100.000000 0.000000 0.000000 -1.000000 0.000000 1.000000 0.000000 1.000000 0.000000 0.000000 3004.dat
1 1 290.000000 -48.000000 -180.000000 0.000000 0.000000 -1.000000 0.000000 1.000000 0.000000 1.000000 0.000000 0.000000 3004.dat
1 1 290.000000 -72.000000 -100.000000 0.000000 0.000000 -1.000000 0.000000 1.000000 0.000000 1.000000 0.000000 0.000000 3004.dat
1 1 290.000000 -72.000000 -180.000000 0.000000 0.000000 -1.000000 0.000000 1.000000 0.000000 1.000000 0.000000 0.000000 3004.dat
1 1 290.000000 -96.000000 -100.000000 0.000000 0.000000 -1.000000 0.000000 1.000000 0.000000 1.000000 0.000000 0.000000 3004.dat
1 1 290.000000 -96.000000 -180.000000 0.000000 0.000000 -1.000000 0.000000 1.000000 0.000000 1.000000 0.000000 0.000000 3004.dat
1 1 290.000000 -120.000000 -100.000000 0.000000 0.000000 -1.000000 0.000000 1.000000 0.000000 1.000000 0.000000 0.000000 3004.dat
1 1 290.000000 -120.000000 -180.000000 0.000000 0.000000 -1.000000 0.000000 1.000000 0.000000 1.000000 0.000000 0.000000 3004.dat
1 1 290.000000 -144.000000 -100.000000 0.000000 0.000000 -1.000000 0.000000 1.000000 0.000000 1.000000 0.000000 0.000000 3004.dat
1 1 290.000000 -144.000000 -180.000000 0.000000 0.000000 -1.000000 0.000000 1.000000 0.000000 1.000000 0.000000 0.000000 3004.dat
1 1 290.000000 -168.000000 -140.000000 0.000000 0.000000 -1.000000 0.000000 1.000000 0.000000 1.000000 0.000000 0.000000 3009.dat
1 46 -270.000000 -176.000000 -120.000000 0.000000 0.000000 -1.000000 0.000000 1.000000 0.000000 1.000000 0.000000 0.000000 3066.dat
1 1 -80.000000 -200.000000 -70.000000 1.000000 0.000000 0.000000 0.000000 1.000000 0.000000 0.000000 0.000000 1.000000 3660p01.dat
1 1 -40.000000 -200.000000 -70.000000 1.000000 0.000000 0.000000 0.000000 1.000000 0.000000 0.000000 0.000000 1.000000 3660p01.dat
1 1 0.000000 -200.000000 -70.000000 1.000000 0.000000 0.000000 0.000000 1.000000 0.000000 0.000000 0.000000 1.000000 3660p01.dat
1 1 160.000000 -176.000000 -140.000000 1.000000 0.000000 0.000000 0.000000 1.000000 0.000000 0.000000 0.000000 1.000000 3456.dat
1 7 160.000000 -200.000000 -170.000000 -1.000000 0.000000 0.000000 0.000000 1.000000 0.000000 0.000000 0.000000 -1.000000 3937.dat
1 1 -200.000000 -200.000000 -90.000000 1.000000 0.000000 0.000000 0.000000 1.000000 0.000000 0.000000 0.000000 1.000000 3754p01.dat
1 1 -270.000000 -200.000000 -120.000000 0.000000 0.000000 1.000000 0.000000 1.000000 0.000000 -1.000000 0.000000 0.000000 3008.dat
1 1 30.000000 -200.000000 -120.000000 0.000000 0.000000 1.000000 0.000000 1.000000 0.000000 -1.000000 0.000000 0.000000 3008.dat
1 1 -120.000000 -200.000000 -70.000000 0.000000 0.000000 1.000000 0.000000 1.000000 0.000000 -1.000000 0.000000 0.000000 3002.dat
1 1 -120.000000 -208.000000 -50.000000 -1.000000 0.000000 0.000000 0.000000 1.000000 0.000000 0.000000 0.000000 -1.000000 3023.dat
1 46 -200.000000 -208.000000 -120.000000 -1.000000 0.000000 0.000000 0.000000 1.000000 0.000000 0.000000 0.000000 -1.000000 3036.dat
1 46 -40.000000 -208.000000 -120.000000 -1.000000 0.000000 0.000000 0.000000 1.000000 0.000000 0.000000 0.000000 -1.000000 3036.dat
1 7 -270.000000 -224.000000 -50.000000 -1.000000 0.000000 0.000000 0.000000 1.000000 0.000000 0.000000 0.000000 -1.000000 3144.dat
1 1 -120.000000 -224.000000 -190.000000 -1.000000 0.000000 0.000000 0.000000 1.000000 0.000000 0.000000 0.000000 -1.000000 3703.dat
1 36 -270.000000 -248.000000 -190.000000 -1.000000 0.000000 0.000000 0.000000 1.000000 0.000000 0.000000 0.000000 -1.000000 3062b.dat
1 36 30.000000 -248.000000 -190.000000 -1.000000 0.000000 0.000000 0.000000 1.000000 0.000000 0.000000 0.000000 -1.000000 3062b.dat
1 7 270.000000 -200.000000 -110.000000 -1.000000 0.000000 0.000000 0.000000 1.000000 0.000000 0.000000 0.000000 -1.000000 3144.dat
1 1 -120.000000 -232.000000 -60.000000 -1.000000 0.000000 0.000000 0.000000 1.000000 0.000000 0.000000 0.000000 -1.000000 3003.dat
1 1 -120.000000 -256.000000 -50.000000 -1.000000 0.000000 0.000000 0.000000 1.000000 0.000000 0.000000 0.000000 -1.000000 3004.dat
1 1 -120.000000 -256.000000 -70.000000 1.000000 0.000000 0.000000 0.000000 1.000000 0.000000 0.000000 0.000000 1.000000 3004p90.dat
1 1 -120.000000 -280.000000 -60.000000 1.000000 0.000000 0.000000 0.000000 1.000000 0.000000 0.000000 0.000000 1.000000 3003.dat
1 1 -120.000000 -288.000000 -60.000000 1.000000 0.000000 0.000000 0.000000 1.000000 0.000000 0.000000 0.000000 1.000000 3680.dat
1 7 30.000000 -208.000000 -50.000000 1.000000 0.000000 0.000000 0.000000 1.000000 0.000000 0.000000 0.000000 1.000000 3957.dat
1 46 -40.000000 -128.000000 -70.000000 1.000000 0.000000 0.000000 0.000000 1.000000 0.000000 0.000000 0.000000 1.000000 3067.dat
1 46 -40.000000 -152.000000 -70.000000 1.000000 0.000000 0.000000 0.000000 1.000000 0.000000 0.000000 0.000000 1.000000 3067.dat
1 46 -40.000000 -176.000000 -70.000000 1.000000 0.000000 0.000000 0.000000 1.000000 0.000000 0.000000 0.000000 1.000000 3067.dat
1 1 30.000000 -80.000000 -70.000000 -1.000000 0.000000 0.000000 0.000000 1.000000 0.000000 0.000000 0.000000 -1.000000 3665.dat
1 1 -270.000000 -80.000000 -70.000000 -1.000000 0.000000 0.000000 0.000000 1.000000 0.000000 0.000000 0.000000 -1.000000 3665.dat
