0 2845-IndianChief.ldr
0 Name: 2845 - Indian Chief
0 Author: Willy Tschager [Holly-Wood]
0 Theme: Explorers
0 CustomBrick

1 1 0.000000 0.000000 0.000000 1.000000 0.000000 0.000000 0.000000 1.000000 0.000000 0.000000 0.000000 1.000000 3039.dat
1 6 0.000000 -24.000000 0.000000 1.000000 0.000000 0.000000 0.000000 1.000000 0.000000 0.000000 0.000000 1.000000 30136.dat
1 14 0.000000 -32.000000 0.000000 1.000000 0.000000 0.000000 0.000000 1.000000 0.000000 0.000000 0.000000 1.000000 3023.dat
1 4 -10.000000 -48.000000 0.000000 0.000000 0.000000 1.000000 0.000000 1.000000 0.000000 -1.000000 0.000000 0.000000 6091.dat
1 4 10.000000 -48.000000 0.000000 0.000000 0.000000 -1.000000 0.000000 1.000000 0.000000 1.000000 0.000000 0.000000 6091.dat
1 15 0.000000 -64.000000 0.000000 1.000000 0.000000 0.000000 0.000000 1.000000 0.000000 0.000000 0.000000 1.000000 3004.dat
1 14 0.000000 -72.000000 -10.000000 1.000000 0.000000 0.000000 0.000000 1.000000 0.000000 0.000000 0.000000 1.000000 3022.dat
1 0 10.000000 -96.000000 0.000000 1.000000 0.000000 0.000000 0.000000 1.000000 0.000000 0.000000 0.000000 1.000000 4070.dat
1 0 -10.000000 -96.000000 0.000000 1.000000 0.000000 0.000000 0.000000 1.000000 0.000000 0.000000 0.000000 1.000000 4070.dat
1 4 0.000000 -104.000000 0.000000 1.000000 0.000000 0.000000 0.000000 1.000000 0.000000 0.000000 0.000000 1.000000 3794b.dat
1 1 0.000000 -128.000000 0.000000 1.000000 0.000000 0.000000 0.000000 1.000000 0.000000 0.000000 0.000000 1.000000 4589.dat
1 0 29.000000 5.000000 -12.000000 -0.204000 0.417000 0.886000 0.936000 -0.182000 0.301000 0.286000 0.891000 -0.353000 4499.dat
1 0 -68.000000 15.000000 -20.000000 0.819000 -0.541000 -0.192000 0.496000 0.500000 0.710000 -0.288000 -0.676000 0.678000 4498.dat
1 0 -104.664200 -93.429000 -71.282190 0.093205 0.681114 -0.726495 -0.118000 0.732000 0.671000 0.988708 0.022400 0.148190 4497b.dat
1 19 -90.000000 -4.000000 -90.000000 0.259000 0.000000 -0.966000 0.000000 1.000000 0.000000 0.966000 0.000000 0.259000 3817p4f.dat
1 19 -90.000000 -4.000000 -90.000000 0.259000 0.000000 -0.966000 0.000000 1.000000 0.000000 0.966000 0.000000 0.259000 3816p4f.dat
1 19 -93.195530 -15.535000 -89.143230 0.259000 0.266616 -0.928326 0.000000 0.961000 0.276000 0.966000 -0.071484 0.248899 3815p4f.dat
1 14 -108.105700 -69.366000 -85.145560 -0.256207 0.266616 -0.929369 0.142000 0.961000 0.236000 0.956067 -0.071484 -0.284074 3626bpw7.dat
1 6 -108.105700 -69.366000 -85.145560 -0.256146 0.266020 -0.929313 0.142185 0.961298 0.235986 0.956124 -0.071688 -0.284057 30113.dat
1 6 -101.715600 -46.296000 -86.858850 0.259000 0.266616 -0.928326 0.000000 0.961000 0.276000 0.966000 -0.071484 0.248899 973pwf.dat
1 6 -103.347000 -37.644000 -102.524700 0.300517 0.218722 -0.928326 0.163000 0.947000 0.276000 0.939337 -0.234668 0.248899 3818.dat
1 6 -95.291030 -37.644000 -72.478200 0.102487 0.966259 0.235004 -0.064000 -0.229000 0.971000 0.992432 -0.115143 0.038465 3819.dat
1 14 -91.230740 -23.575000 -114.378800 0.300517 -0.502488 -0.810306 0.163000 0.864000 -0.474000 0.939337 0.010472 0.341509 3820.dat
1 14 -79.051720 -52.305000 -69.865760 0.102487 0.848897 -0.516852 -0.064000 0.524000 0.849000 0.992432 -0.054684 0.107513 3820.dat
1 19 -84.151940 -20.518000 -120.366700 0.675129 0.630133 0.383761 -0.728000 0.650000 0.212000 -0.115780 -0.422632 0.898380 2586pw1.dat
1 15 -87.647830 -75.139000 -70.714960 0.636181 0.680148 -0.363062 -0.606000 0.731000 0.310000 0.476581 0.022659 0.878066 30127p01.dat
