0 5925-1-PontoonPlane.ldr
0 Name: 5925-1 - Pontoon Plane
0 Author: Nenufar
0 Theme: Explorers
0 CustomBrick

1 19 -7.321880 -219.828600 -7.215020 0.902853 -0.193162 -0.384115 0.078991 0.952712 -0.293428 0.422630 0.234581 0.875417 4854.dat
1 19 37.820790 -215.879000 13.916500 -0.384115 -0.193162 -0.902853 -0.293428 0.952712 -0.078992 0.875417 0.234581 -0.422630 4855.dat
1 19 -52.464540 -223.778100 -28.346540 0.384116 -0.193162 0.902853 0.293428 0.952712 0.078991 -0.875417 0.234581 0.422631 4855.dat
1 7 -8.867180 -212.206800 -5.338370 0.902853 -0.193162 -0.384115 0.078991 0.952712 -0.293428 0.422630 0.234581 0.875417 3795.dat
1 4 -61.493060 -224.568000 -32.572850 0.902853 -0.193162 -0.384115 0.078991 0.952712 -0.293428 0.422630 0.234581 0.875417 3022.dat
1 4 46.849320 -215.089100 18.142820 0.902853 -0.193162 -0.384115 0.078991 0.952712 -0.293428 0.422630 0.234581 0.875417 3022.dat
1 7 -87.033380 -234.559400 -47.128440 0.902853 -0.193162 -0.384115 0.078991 0.952712 -0.293428 0.422630 0.234581 0.875417 3021.dat
1 0 -5.776570 -227.450200 -9.091660 0.902853 -0.193162 -0.384115 0.078991 0.952712 -0.293428 0.422630 0.234581 0.875417 3032.dat
1 0 57.423140 -221.920900 20.492460 -0.384115 -0.193162 -0.902853 -0.293428 0.952712 -0.078991 0.875417 0.234581 -0.422630 3710.dat
1 4 49.939920 -230.332400 14.389520 0.902853 -0.193162 -0.384115 0.078991 0.952712 -0.293428 0.422630 0.234581 0.875417 3068b.dat
1 0 -94.516590 -242.971100 -53.231380 0.384115 -0.193162 0.902853 0.293428 0.952712 0.078991 -0.875417 0.234581 0.422631 4859.dat
1 7 -56.858700 -263.060300 59.366640 -0.902853 -0.193162 0.384115 -0.078991 0.952712 0.293428 -0.422630 0.234581 -0.875417 2413.dat
1 7 12.282020 -210.243200 -98.208460 0.902853 -0.193162 -0.384115 0.078991 0.952712 -0.293428 0.422630 0.234581 0.875417 2413.dat
1 0 -81.450900 -273.044300 113.768300 -0.384115 -0.193162 -0.902853 -0.293428 0.952712 -0.078991 0.875417 0.234581 -0.422630 3021.dat
1 0 33.783640 -185.015800 -148.856900 -0.384115 -0.193162 -0.902853 -0.293428 0.952712 -0.078991 0.875417 0.234581 -0.422630 3021.dat
1 6 15.527480 -184.052600 -133.698200 0.384115 -0.193162 0.902853 0.293428 0.952712 0.078991 -0.875417 0.234581 0.422631 4287.dat
1 6 33.584560 -182.472700 -125.245600 -0.384115 -0.193162 -0.902853 -0.293428 0.952712 -0.078991 0.875417 0.234581 -0.422631 4287.dat
1 6 -66.285370 -258.764200 102.362900 -0.384116 -0.193162 -0.902853 -0.293428 0.952712 -0.078991 0.875417 0.234581 -0.422631 4287.dat
1 6 -84.342410 -260.344000 93.910340 0.384115 -0.193162 0.902853 0.293428 0.952712 0.078991 -0.875417 0.234581 0.422630 4287.dat
1 7 -109.882800 -270.335400 79.354770 0.902853 -0.193162 -0.384115 0.078991 0.952712 -0.293428 0.422630 0.234581 0.875417 2412b.dat
1 7 -37.654470 -264.016100 113.165200 0.902853 -0.193162 -0.384115 0.078991 0.952712 -0.293428 0.422630 0.234581 0.875417 2412b.dat
1 7 62.215460 -187.724700 -114.443300 0.902853 -0.193162 -0.384115 0.078991 0.952712 -0.293428 0.422630 0.234581 0.875417 2412b.dat
1 7 -10.012810 -194.044000 -148.253700 0.902853 -0.193162 -0.384115 0.078991 0.952712 -0.293428 0.422630 0.234581 0.875417 2412b.dat
1 6 96.627880 -234.004600 33.644380 -0.384115 -0.193162 -0.902853 -0.293428 0.952712 -0.078991 0.875417 0.234581 -0.422630 3747a.dat
1 0 78.570820 -235.584400 25.191770 -0.384115 -0.193162 -0.902853 -0.293428 0.952712 -0.078991 0.875417 0.234581 -0.422630 3004.dat
1 0 -47.828640 -246.643200 -33.976490 -0.384115 -0.193162 -0.902853 -0.293428 0.952712 -0.078992 0.875417 0.234581 -0.422630 2412b.dat
1 0 -11.714500 -243.483500 -17.071270 -0.384115 -0.193162 -0.902853 -0.293428 0.952712 -0.078992 0.875417 0.234581 -0.422630 2412b.dat
1 15 6.342560 -241.903700 -8.618660 -0.384115 -0.193162 -0.902853 -0.293428 0.952712 -0.078991 0.875417 0.234581 -0.422630 3023b.dat
1 4 -29.771560 -245.063400 -25.523860 -0.384115 -0.193162 -0.902853 -0.293428 0.952712 -0.078991 0.875417 0.234581 -0.422630 15573.dat
1 0 89.144650 -242.416200 27.541440 0.902853 -0.193162 -0.384115 0.078991 0.952712 -0.293428 0.422630 0.234581 0.875417 3022.dat
1 6 64.553960 -236.773000 -15.626290 0.902853 -0.193162 -0.384115 0.078991 0.952712 -0.293428 0.422630 0.234581 0.875417 4865a.dat
1 6 41.507060 -254.378700 36.898740 -0.902853 -0.193162 0.384115 -0.078991 0.952712 0.293428 -0.422631 0.234581 -0.875417 4865a.dat
1 6 37.468360 -239.142800 -28.305200 -0.902853 -0.193162 0.384115 -0.078991 0.952712 0.293428 -0.422630 0.234581 -0.875417 3040b.dat
1 6 14.421460 -256.748400 24.219830 0.902853 -0.193162 -0.384116 0.078991 0.952712 -0.293428 0.422631 0.234581 0.875417 3040b.dat
1 19 -20.147370 -267.529800 5.437970 0.902853 -0.193162 -0.384115 0.078991 0.952712 -0.293428 0.422630 0.234581 0.875417 3622.dat
1 19 2.899540 -249.924100 -47.087080 0.902853 -0.193162 -0.384115 0.078991 0.952712 -0.293428 0.422630 0.234581 0.875417 3622.dat
1 8 58.725580 -236.940400 22.883460 0.193162 0.910024 0.366803 -0.952712 0.263340 -0.151630 -0.234581 -0.320169 0.917858 30132.dat
1 4 34.697570 -239.543400 -3.382080 -0.384115 0.902853 -0.193162 -0.293429 0.078991 0.952712 0.875417 0.422630 0.234582 64728.dat
1 0 -28.226270 -252.685000 -27.400520 -0.384115 -0.193162 -0.902853 -0.293428 0.952712 -0.078991 0.875417 0.234581 -0.422630 4592.dat
1 7 -27.839950 -254.590500 -27.869690 -0.384115 -0.490307 -0.782340 -0.293428 0.868240 -0.400074 0.875417 0.075886 -0.477374 4593.dat
1 19 30.580820 -270.810700 -7.672630 -0.384115 -0.193162 -0.902853 -0.293428 0.952712 -0.078991 0.875417 0.234581 -0.422630 48933.dat
1 6 -44.738040 -261.886600 -37.729810 0.384115 -0.193162 0.902853 0.293428 0.952712 0.078991 -0.875417 0.234581 0.422630 48933.dat
1 7 134.287300 -238.466600 48.672930 0.384115 -0.193162 0.902853 0.293428 0.952712 0.078991 -0.875417 0.234581 0.422631 2419.dat
1 6 117.775600 -247.668100 38.343720 0.384115 -0.193162 0.902853 0.293428 0.952712 0.078991 -0.875417 0.234581 0.422631 6239.dat
1 47 -40.102160 -284.751600 -43.359750 0.384115 -0.193162 0.902853 0.293428 0.952712 0.078991 -0.875417 0.234581 0.422631 4865a.dat
1 0 -39.904620 -302.922000 30.598390 0.902853 -0.193162 -0.384115 0.078991 0.952712 -0.293428 0.422630 0.234581 0.875417 6182.dat
1 0 13.871510 -261.842000 -91.960030 0.902853 -0.193162 -0.384115 0.078991 0.952712 -0.293428 0.422630 0.234581 0.875417 6182.dat
1 0 -70.633820 -326.396200 100.631800 0.902853 -0.193162 -0.384115 0.078991 0.952712 -0.293428 0.422630 0.234581 0.875417 2377.dat
1 0 44.600720 -238.367700 -161.993400 -0.902853 -0.193162 0.384115 -0.078991 0.952712 0.293428 -0.422630 0.234581 -0.875417 2377.dat
1 7 -61.406170 -328.149300 81.246680 -0.902853 -0.193162 0.384115 -0.078991 0.952712 0.293428 -0.422630 0.234581 -0.875417 2413.dat
1 7 38.463700 -251.858000 -146.361700 0.902853 -0.193162 -0.384115 0.078991 0.952712 -0.293428 0.422630 0.234581 0.875417 2413.dat
1 7 -72.332440 -344.581300 36.675310 0.384115 -0.193162 0.902853 0.293428 0.952712 0.078991 -0.875417 0.234581 0.422631 2458.dat
1 7 4.490660 -285.895500 -138.408300 0.384115 -0.193162 0.902853 0.293428 0.952712 0.078991 -0.875417 0.234581 0.422631 2458.dat
1 7 -37.011580 -299.995100 -47.113060 0.384115 -0.193162 0.902853 0.293428 0.952712 0.078991 -0.875417 0.234581 0.422631 3460.dat
1 0 -17.410670 -321.664100 57.032280 -0.384115 -0.193162 -0.902853 -0.293428 0.952712 -0.078992 0.875417 0.234581 -0.422630 6019.dat
1 0 51.730010 -268.847000 -100.542700 -0.384115 -0.193162 -0.902853 -0.293428 0.952712 -0.078991 0.875417 0.234581 -0.422630 6019.dat
1 36 -25.092970 -327.532700 74.540620 0.902853 -0.193162 -0.384115 0.078991 0.952712 -0.293428 0.422630 0.234581 0.875417 6141.dat
1 36 59.412300 -262.978500 -118.051100 0.902853 -0.193162 -0.384115 0.078991 0.952712 -0.293428 0.422630 0.234581 0.875417 6141.dat
1 0 35.216720 -293.675800 -13.302580 -0.384115 -0.193162 -0.902853 -0.293428 0.952712 -0.078992 0.875417 0.234581 -0.422630 3048b.dat
1 0 -45.246850 -342.211400 49.354250 0.902853 -0.193162 -0.384115 0.078991 0.952712 -0.293428 0.422631 0.234581 0.875417 30165.dat
1 0 31.576140 -283.525900 -125.729100 0.902853 -0.193162 -0.384115 0.078991 0.952712 -0.293428 0.422630 0.234581 0.875417 30165.dat
1 0 -16.615930 -347.463400 60.156520 -0.384115 -0.193162 -0.902853 -0.293428 0.952712 -0.078992 0.875417 0.234581 -0.422630 3048b.dat
1 0 60.207040 -288.777800 -114.926900 -0.384115 -0.193162 -0.902853 -0.293428 0.952712 -0.078992 0.875417 0.234581 -0.422630 3048b.dat
1 6 -92.321120 -336.633900 30.568530 0.384115 -0.193162 0.902853 0.293428 0.952712 0.078991 -0.875417 0.234581 0.422631 4617b.dat
1 6 -15.498030 -277.948200 -144.515100 0.384115 0.193162 -0.902853 0.293428 -0.952712 -0.078991 -0.875417 -0.234581 -0.422630 4617b.dat
1 8 70.937210 -264.188100 -95.122660 0.902853 0.384115 -0.193162 0.078991 0.293429 0.952712 0.422630 -0.875417 0.234581 3841.dat
1 8 -2.985690 -320.658300 73.351290 0.193162 -0.384115 -0.902853 -0.952712 -0.293428 -0.078991 -0.234581 0.875417 -0.422630 3837.dat
1 0 6.275310 -250.636100 -11.575160 0.384115 -0.902853 -0.193162 0.293428 -0.078991 0.952712 -0.875417 -0.422630 0.234581 3817.dat
1 0 6.275320 -250.636100 -11.575160 0.384115 -0.902853 -0.193162 0.293428 -0.078992 0.952712 -0.875417 -0.422630 0.234581 3816.dat
1 0 8.593260 -262.068700 -14.390130 0.384115 -0.193162 0.902853 0.293428 0.952712 0.078991 -0.875417 0.234581 0.422631 970.dat
1 6 14.774450 -292.555500 -21.896720 0.384115 -0.193162 0.902853 0.293428 0.952712 0.078991 -0.875417 0.234581 0.422631 973.dat
1 6 19.002960 -279.559600 -33.358940 0.411447 -0.726640 0.550187 0.126523 0.643341 0.755052 -0.902610 -0.241052 0.356638 3819.dat
1 6 7.071470 -288.639500 -6.172990 0.345764 -0.819112 0.457715 0.450851 0.572831 0.684542 -0.822910 -0.030329 0.567361 3818.dat
1 14 1.752150 -274.254000 -46.018340 0.384115 -0.193162 0.902853 0.293428 0.952712 0.078991 -0.875417 0.234581 0.422631 3820.dat
1 14 -14.568780 -286.513100 -8.024600 0.384115 -0.193162 0.902853 0.293428 0.952712 0.078991 -0.875417 0.234581 0.422631 3820.dat
1 14 19.410340 -315.420500 -27.526660 0.384115 -0.193162 0.902853 0.293428 0.952712 0.078991 -0.875417 0.234581 0.422631 3626bp0g.dat
1 6 19.410340 -315.420500 -27.526660 0.384115 -0.193162 0.902853 0.293428 0.952712 0.078991 -0.875417 0.234581 0.422631 11303.dat
1 0 21.921440 -327.805800 -30.576230 0.384115 -0.193162 0.902853 0.293428 0.952712 0.078991 -0.875417 0.234581 0.422631 14045.dat
1 0 -29.232880 -288.364600 -15.079510 0.922553 -0.384115 -0.036757 -0.159726 -0.293429 -0.942543 0.351259 0.875417 -0.332057 30162.dat
