0 6049-VikingVoyager.ldr
0 Name: 6049 - Viking Voyager
0 Author: Stefan Frenz [smf]
0 Theme: Castle
0 CustomBrick

1 6 89.211600 -54.081760 93.228110 0.995059 -0.086500 0.048740 0.085817 0.502419 -0.860355 0.049932 0.860287 0.507360 4497b.dat
1 6 125.605000 -55.166600 93.946040 0.979973 0.192622 0.050491 -0.057466 0.516334 -0.854457 -0.190657 0.834444 0.517063 4497b.dat
1 6 289.354700 -54.911960 91.806670 0.972730 -0.086500 -0.215209 -0.143944 0.502419 -0.852558 0.181871 0.860287 0.476267 4497b.dat
1 6 324.150900 -75.360430 90.845310 0.961429 0.192500 -0.196465 -0.274547 0.714972 -0.642992 0.016692 0.672130 0.740245 4497b.dat
1 0 310.000000 -32.000000 151.000000 1.000000 0.000000 0.000000 0.000000 1.000000 0.000000 0.000000 0.000000 1.000000 3815.dat
1 1 310.000000 -20.000000 151.000000 1.000000 0.000000 0.000000 0.000000 1.000000 0.000000 0.000000 0.000000 1.000000 3817.dat
1 1 310.000000 -20.000000 151.000000 1.000000 0.000000 0.000000 0.000000 1.000000 0.000000 0.000000 0.000000 1.000000 3816.dat
1 4 310.000000 -64.000000 151.000000 1.000000 0.000000 0.000000 0.000000 1.000000 0.000000 0.000000 0.000000 1.000000 973p42.dat
1 1 325.552000 -55.000000 151.000000 0.985000 0.170000 0.000000 -0.164000 0.952000 0.259000 0.044000 -0.255000 0.966000 3819.dat
1 1 294.448000 -55.000000 151.000000 0.985000 -0.170000 0.000000 0.170000 0.985000 0.000000 0.000000 0.000000 1.000000 3818.dat
1 14 286.312000 -37.240000 141.116000 0.985000 -0.120000 0.120000 0.170000 0.697000 -0.697000 0.000000 0.707000 0.707000 3820.dat
1 14 333.688000 -40.404000 136.856000 0.968000 0.227000 -0.110000 -0.252000 0.855000 -0.455000 -0.009000 0.468000 0.884000 3820.dat
1 14 310.000000 -88.000000 151.000000 0.986000 0.000000 -0.169000 0.000000 1.000000 0.000000 0.169000 0.000000 0.986000 3626ap01.dat
1 8 310.000000 -88.000000 151.000000 0.986000 0.000000 -0.169000 0.000000 1.000000 0.000000 0.169000 0.000000 0.986000 3896.dat
1 0 210.000000 -32.000000 151.000000 1.000000 0.000000 0.000000 0.000000 1.000000 0.000000 0.000000 0.000000 1.000000 3815.dat
1 1 210.000000 -20.000000 151.000000 1.000000 0.000000 0.000000 0.000000 1.000000 0.000000 0.000000 0.000000 1.000000 3817.dat
1 1 210.000000 -20.000000 151.000000 1.000000 0.000000 0.000000 0.000000 1.000000 0.000000 0.000000 0.000000 1.000000 3816.dat
1 4 210.000000 -64.000000 151.000000 1.000000 0.000000 0.000000 0.000000 1.000000 0.000000 0.000000 0.000000 1.000000 973p40.dat
1 1 225.552000 -55.000000 151.000000 0.985000 0.170000 0.000000 -0.085000 0.493000 0.866000 0.147000 -0.853000 0.500000 3819.dat
1 1 194.448000 -55.000000 151.000000 0.985000 -0.170000 0.000000 0.120000 0.697000 0.707000 -0.120000 -0.697000 0.707000 3818.dat
1 14 186.312000 -49.431000 131.453000 0.985000 -0.120000 0.120000 0.120000 0.993000 0.007000 -0.120000 0.007000 0.993000 3820.dat
1 14 233.688000 -54.680000 130.677000 0.968000 0.227000 -0.110000 -0.185000 0.935000 0.303000 0.172000 -0.273000 0.947000 3820.dat
1 14 210.000000 -88.000000 151.000000 0.986000 0.000000 -0.169000 0.000000 1.000000 0.000000 0.169000 0.000000 0.986000 3626ap01.dat
1 0 210.000000 -88.000000 151.000000 0.986000 0.000000 -0.169000 0.000000 1.000000 0.000000 0.169000 0.000000 0.986000 3844.dat
1 7 232.571000 -68.751000 121.825000 0.981000 0.192000 -0.022000 -0.191000 0.981000 0.032000 0.028000 -0.027000 0.999000 3846p4g.dat
1 6 186.472000 -64.278000 117.920000 -0.985000 -0.086000 -0.146000 -0.120000 0.961000 0.241000 0.120000 0.255000 -0.959000 3848.dat
1 0 110.000000 -32.000000 151.000000 1.000000 0.000000 0.000000 0.000000 1.000000 0.000000 0.000000 0.000000 1.000000 3815.dat
1 1 110.000000 -20.000000 151.000000 1.000000 0.000000 0.000000 0.000000 1.000000 0.000000 0.000000 0.000000 1.000000 3817.dat
1 1 110.000000 -20.000000 151.000000 1.000000 0.000000 0.000000 0.000000 1.000000 0.000000 0.000000 0.000000 1.000000 3816.dat
1 4 110.000000 -64.000000 151.000000 1.000000 0.000000 0.000000 0.000000 1.000000 0.000000 0.000000 0.000000 1.000000 973p4f.dat
1 1 125.552000 -55.000000 151.000000 0.985000 0.170000 0.000000 -0.170000 0.985000 0.000000 0.000000 0.000000 1.000000 3819.dat
1 1 94.448000 -55.000000 151.000000 0.985000 -0.170000 0.000000 0.170000 0.985000 0.000000 0.000000 0.000000 1.000000 3818.dat
1 14 86.312000 -37.240000 141.116000 0.985000 -0.120000 0.120000 0.170000 0.697000 -0.697000 0.000000 0.707000 0.707000 3820.dat
1 14 133.688000 -37.240000 141.116000 0.968000 0.227000 -0.110000 -0.241000 0.704000 -0.668000 -0.074000 0.673000 0.736000 3820.dat
1 14 110.000000 -88.000000 151.000000 0.986000 0.000000 -0.169000 0.000000 1.000000 0.000000 0.169000 0.000000 0.986000 3626ap01.dat
1 8 110.000000 -88.000000 151.000000 0.986000 0.000000 -0.169000 0.000000 1.000000 0.000000 0.169000 0.000000 0.986000 3844.dat
1 4 0.000000 0.000000 0.000000 0.000000 0.000000 -1.000000 0.000000 1.000000 0.000000 1.000000 0.000000 0.000000 3832.dat
1 4 0.000000 -24.000000 90.000000 -1.000000 0.000000 0.000000 0.000000 1.000000 0.000000 0.000000 0.000000 -1.000000 4855.dat
1 4 0.000000 -24.000000 -90.000000 1.000000 0.000000 0.000000 0.000000 1.000000 0.000000 0.000000 0.000000 1.000000 4855.dat
1 4 0.000000 -24.000000 60.000000 0.000000 0.000000 1.000000 0.000000 1.000000 0.000000 -1.000000 0.000000 0.000000 4871.dat
1 4 0.000000 -24.000000 0.000000 0.000000 0.000000 1.000000 0.000000 1.000000 0.000000 -1.000000 0.000000 0.000000 4854.dat
1 4 0.000000 -24.000000 -60.000000 0.000000 0.000000 1.000000 0.000000 1.000000 0.000000 -1.000000 0.000000 0.000000 4871.dat
1 0 0.000000 -16.000000 0.000000 0.000000 0.000000 1.000000 0.000000 1.000000 0.000000 -1.000000 0.000000 0.000000 3832.dat
1 0 -30.000000 -32.000000 0.000000 0.000000 0.000000 1.000000 0.000000 1.000000 0.000000 -1.000000 0.000000 0.000000 3666.dat
1 0 30.000000 -32.000000 0.000000 0.000000 0.000000 1.000000 0.000000 1.000000 0.000000 -1.000000 0.000000 0.000000 3666.dat
1 4 0.000000 -24.000000 -100.000000 -1.000000 0.000000 0.000000 0.000000 1.000000 0.000000 0.000000 0.000000 -1.000000 3022.dat
1 4 0.000000 -24.000000 100.000000 -1.000000 0.000000 0.000000 0.000000 1.000000 0.000000 0.000000 0.000000 -1.000000 3022.dat
1 0 -30.000000 -32.000000 90.000000 0.000000 0.000000 1.000000 0.000000 1.000000 0.000000 -1.000000 0.000000 0.000000 63325.dat
1 0 30.000000 -32.000000 90.000000 -1.000000 0.000000 0.000000 0.000000 1.000000 0.000000 0.000000 0.000000 -1.000000 63325.dat
1 0 -30.000000 -32.000000 -90.000000 1.000000 0.000000 0.000000 0.000000 1.000000 0.000000 0.000000 0.000000 1.000000 63325.dat
1 0 30.000000 -32.000000 -90.000000 0.000000 0.000000 -1.000000 0.000000 1.000000 0.000000 1.000000 0.000000 0.000000 63325.dat
1 0 30.000000 -56.000000 -90.000000 0.000000 0.000000 -1.000000 0.000000 1.000000 0.000000 1.000000 0.000000 0.000000 4070.dat
1 0 -30.000000 -56.000000 -90.000000 0.000000 0.000000 1.000000 0.000000 1.000000 0.000000 -1.000000 0.000000 0.000000 4070.dat
1 0 -30.000000 -40.000000 90.000000 0.000000 0.000000 1.000000 0.000000 1.000000 0.000000 -1.000000 0.000000 0.000000 4085b.dat
1 0 30.000000 -40.000000 90.000000 0.000000 0.000000 -1.000000 0.000000 1.000000 0.000000 1.000000 0.000000 0.000000 4085b.dat
1 0 -30.000000 -48.000000 90.000000 0.000000 0.000000 -1.000000 0.000000 1.000000 0.000000 1.000000 0.000000 0.000000 3024.dat
1 0 30.000000 -48.000000 90.000000 0.000000 0.000000 -1.000000 0.000000 1.000000 0.000000 1.000000 0.000000 0.000000 3024.dat
1 0 -30.000000 -56.000000 -40.000000 0.000000 0.000000 1.000000 0.000000 1.000000 0.000000 -1.000000 0.000000 0.000000 3633.dat
1 0 -30.000000 -56.000000 40.000000 0.000000 0.000000 1.000000 0.000000 1.000000 0.000000 -1.000000 0.000000 0.000000 3633.dat
1 0 30.000000 -56.000000 40.000000 0.000000 0.000000 -1.000000 0.000000 1.000000 0.000000 1.000000 0.000000 0.000000 3633.dat
1 0 30.000000 -56.000000 -40.000000 0.000000 0.000000 -1.000000 0.000000 1.000000 0.000000 1.000000 0.000000 0.000000 3633.dat
1 4 0.000000 -48.000000 150.000000 1.000000 0.000000 0.000000 0.000000 1.000000 0.000000 0.000000 0.000000 1.000000 4856.dat
1 4 0.000000 -48.000000 -150.000000 -1.000000 0.000000 0.000000 0.000000 1.000000 0.000000 0.000000 0.000000 -1.000000 4856.dat
1 4 0.000000 -56.000000 -200.000000 1.000000 0.000000 0.000000 0.000000 1.000000 0.000000 0.000000 0.000000 1.000000 4859.dat
1 0 0.000000 -56.000000 200.000000 -1.000000 0.000000 0.000000 0.000000 1.000000 0.000000 0.000000 0.000000 -1.000000 4859.dat
1 0 30.000000 -56.000000 150.000000 0.000000 0.000000 -1.000000 0.000000 1.000000 0.000000 1.000000 0.000000 0.000000 4085b.dat
1 0 -30.000000 -56.000000 150.000000 0.000000 0.000000 1.000000 0.000000 1.000000 0.000000 -1.000000 0.000000 0.000000 4085b.dat
1 0 -30.000000 -56.000000 110.000000 0.000000 0.000000 1.000000 0.000000 1.000000 0.000000 -1.000000 0.000000 0.000000 3623.dat
1 0 30.000000 -56.000000 110.000000 0.000000 0.000000 1.000000 0.000000 1.000000 0.000000 -1.000000 0.000000 0.000000 3623.dat
1 0 -30.000000 -56.000000 -130.000000 0.000000 0.000000 1.000000 0.000000 1.000000 0.000000 -1.000000 0.000000 0.000000 3623.dat
1 0 30.000000 -56.000000 -130.000000 0.000000 0.000000 1.000000 0.000000 1.000000 0.000000 -1.000000 0.000000 0.000000 3623.dat
1 15 0.000000 -40.000000 90.000000 1.000000 0.000000 0.000000 0.000000 1.000000 0.000000 0.000000 0.000000 1.000000 3069b.dat
1 15 0.000000 -40.000000 150.000000 1.000000 0.000000 0.000000 0.000000 1.000000 0.000000 0.000000 0.000000 1.000000 3069b.dat
1 0 0.000000 -48.000000 170.000000 1.000000 0.000000 0.000000 0.000000 1.000000 0.000000 0.000000 0.000000 1.000000 3023.dat
1 0 0.000000 -48.000000 -170.000000 1.000000 0.000000 0.000000 0.000000 1.000000 0.000000 0.000000 0.000000 1.000000 3794a.dat
1 7 0.000000 -80.000000 210.000000 -1.000000 0.000000 0.000000 0.000000 1.000000 0.000000 0.000000 0.000000 -1.000000 3660.dat
1 0 -30.000000 -64.000000 -120.000000 0.000000 0.000000 1.000000 0.000000 1.000000 0.000000 -1.000000 0.000000 0.000000 3710.dat
1 0 30.000000 -64.000000 -120.000000 0.000000 0.000000 1.000000 0.000000 1.000000 0.000000 -1.000000 0.000000 0.000000 3710.dat
1 0 0.000000 -64.000000 -200.000000 1.000000 0.000000 0.000000 0.000000 1.000000 0.000000 0.000000 0.000000 1.000000 4859.dat
1 0 0.000000 -72.000000 -170.000000 1.000000 0.000000 0.000000 0.000000 1.000000 0.000000 0.000000 0.000000 1.000000 3062b.dat
1 7 0.000000 -104.000000 230.000000 -1.000000 0.000000 0.000000 0.000000 1.000000 0.000000 0.000000 0.000000 -1.000000 3660.dat
1 7 0.000000 -88.000000 -210.000000 -1.000000 0.000000 0.000000 0.000000 1.000000 0.000000 0.000000 0.000000 -1.000000 3039.dat
1 7 0.000000 -112.000000 -210.000000 -1.000000 0.000000 0.000000 0.000000 1.000000 0.000000 0.000000 0.000000 -1.000000 3004.dat
1 7 0.000000 -136.000000 -210.000000 1.000000 0.000000 0.000000 0.000000 1.000000 0.000000 0.000000 0.000000 1.000000 3747a.dat
1 14 0.000000 -144.000000 -240.000000 0.000000 0.000000 -1.000000 0.000000 1.000000 0.000000 1.000000 0.000000 0.000000 3020.dat
1 14 0.000000 -152.000000 -210.000000 -1.000000 0.000000 0.000000 0.000000 1.000000 0.000000 0.000000 0.000000 -1.000000 4590.dat
1 14 0.000000 -112.000000 250.000000 0.000000 0.000000 1.000000 0.000000 1.000000 0.000000 -1.000000 0.000000 0.000000 3021.dat
1 6 0.000000 -72.000000 120.000000 0.000000 0.000000 1.000000 0.000000 1.000000 0.000000 -1.000000 0.000000 0.000000 4738b.dat
1 14 0.000000 -60.000000 125.000000 1.000000 0.000000 0.000000 0.000000 0.000000 1.000000 0.000000 -1.000000 0.000000 2343.dat
1 14 0.000000 -57.000000 142.000000 0.000000 0.000000 -1.000000 0.000000 1.000000 0.000000 1.000000 0.000000 0.000000 6141.dat
1 14 0.000000 -69.000000 136.000000 0.000000 0.000000 -1.000000 0.000000 1.000000 0.000000 1.000000 0.000000 0.000000 6141.dat
1 7 44.000000 -46.000000 -90.000000 0.000000 0.000000 -1.000000 0.000000 1.000000 0.000000 1.000000 0.000000 0.000000 3846p4g.dat
1 7 50.000000 -60.000000 150.000000 0.707000 0.000000 -0.707000 0.000000 1.000000 0.000000 0.707000 0.000000 0.707000 3846p4h.dat
1 7 -50.000000 -60.000000 150.000000 0.707000 0.000000 0.707000 0.000000 1.000000 0.000000 -0.707000 0.000000 0.707000 3846p4h.dat
1 7 -44.000000 -46.000000 -90.000000 0.000000 0.000000 1.000000 0.000000 1.000000 0.000000 -1.000000 0.000000 0.000000 3846p4g.dat
1 6 0.000000 -88.000000 120.000000 0.000000 0.000000 1.000000 0.000000 1.000000 0.000000 -1.000000 0.000000 0.000000 4739.dat
1 6 0.000000 -82.000000 -170.000000 -1.000000 0.000000 0.000000 0.000000 0.000000 1.000000 0.000000 1.000000 0.000000 3849.dat
1 6 50.000000 -44.000000 90.000000 -1.000000 0.000000 0.000000 0.000000 0.000000 1.000000 0.000000 1.000000 0.000000 3849.dat
1 6 -50.000000 -44.000000 90.000000 -1.000000 0.000000 0.000000 0.000000 0.000000 1.000000 0.000000 1.000000 0.000000 3849.dat
1 15 0.000000 -222.000000 -170.000000 1.000000 0.000000 0.000000 0.000000 1.000000 0.000000 0.000000 0.000000 1.000000 4495a.dat
1 1 0.000000 -200.000000 -170.000000 1.000000 0.000000 0.000000 0.000000 1.000000 0.000000 0.000000 0.000000 1.000000 4495a.dat
1 4 -50.000000 -184.000000 90.000000 1.000000 0.000000 0.000000 0.000000 1.000000 0.000000 0.000000 0.000000 1.000000 4495a.dat
1 14 50.000000 -184.000000 90.000000 1.000000 0.000000 0.000000 0.000000 1.000000 0.000000 0.000000 0.000000 1.000000 4495a.dat
1 6 380.000000 -54.912290 100.000000 0.972730 -0.086500 -0.215209 -0.143944 0.502419 -0.852558 0.181871 0.860287 0.476267 4497b.dat
1 6 414.795700 -75.360790 99.039220 0.961429 0.192500 -0.196465 -0.274549 0.714977 -0.642995 0.016692 0.672133 0.740248 4497b.dat
1 0 400.644800 -32.000060 159.194300 1.000000 0.000000 0.000000 0.000001 1.000005 0.000001 0.000001 0.000000 1.000005 3815.dat
1 1 400.644800 -20.000000 159.194300 1.000000 0.000000 0.000000 0.000001 1.000005 0.000001 0.000001 0.000000 1.000005 3817.dat
1 1 400.644800 -20.000000 159.194300 1.000000 0.000000 0.000000 0.000001 1.000005 0.000001 0.000001 0.000000 1.000005 3816.dat
1 4 400.644800 -64.000240 159.194300 1.000000 0.000000 0.000000 0.000001 1.000005 0.000001 0.000001 0.000000 1.000005 973p42.dat
1 1 416.196800 -55.000180 159.194300 0.985000 0.170000 0.000000 -0.164000 0.952005 0.259003 0.044001 -0.255001 0.966005 3819.dat
1 1 385.092800 -55.000180 159.194300 0.985000 -0.170000 0.000000 0.170001 0.985005 0.000001 0.000001 0.000000 1.000005 3818.dat
1 14 376.956800 -37.240120 149.310200 0.985000 -0.120000 0.120000 0.170001 0.697005 -0.697003 0.000001 0.707003 0.707003 3820.dat
1 14 424.332800 -40.404120 145.050200 0.968000 0.227000 -0.110000 -0.252001 0.855005 -0.455001 -0.008999 0.468003 0.884005 3820.dat
1 14 400.644800 -88.000360 159.194300 0.986000 0.000000 -0.168999 0.000001 1.000005 0.000001 0.169001 0.000000 0.986005 3626ap01.dat
1 8 400.644800 -88.000360 159.194300 0.986000 0.000000 -0.168999 0.000001 1.000005 0.000001 0.169001 0.000000 0.986005 3896.dat
1 6 480.000000 -54.912120 100.000000 0.972730 -0.086500 -0.215209 -0.143944 0.502419 -0.852558 0.181871 0.860287 0.476267 4497b.dat
1 6 514.795500 -75.360690 99.039010 0.961429 0.192500 -0.196465 -0.274548 0.714976 -0.642994 0.016692 0.672132 0.740247 4497b.dat
1 0 500.644300 -32.000050 159.193900 1.000000 0.000000 0.000000 0.000000 1.000004 0.000001 0.000000 0.000000 1.000004 3815.dat
1 1 500.644300 -20.000000 159.193900 1.000000 0.000000 0.000000 0.000000 1.000004 0.000001 0.000000 0.000000 1.000004 3817.dat
1 1 500.644300 -20.000000 159.193900 1.000000 0.000000 0.000000 0.000000 1.000004 0.000001 0.000000 0.000000 1.000004 3816.dat
1 4 500.644300 -64.000200 159.193900 1.000000 0.000000 0.000000 0.000000 1.000004 0.000001 0.000000 0.000000 1.000004 973p42.dat
1 1 516.196600 -55.000140 159.193900 0.985000 0.170000 0.000000 -0.164000 0.952004 0.259002 0.044001 -0.255001 0.966004 3819.dat
1 1 485.092500 -55.000140 159.193900 0.985000 -0.170000 0.000000 0.170001 0.985004 0.000001 0.000000 0.000000 1.000004 3818.dat
1 14 476.956500 -37.240110 149.309900 0.985000 -0.120000 0.120000 0.170001 0.697004 -0.697002 0.000000 0.707002 0.707002 3820.dat
1 14 524.332600 -40.404100 145.049900 0.968000 0.227000 -0.110000 -0.252001 0.855004 -0.455001 -0.009000 0.468002 0.884004 3820.dat
1 14 500.644300 -88.000240 159.193900 0.986000 0.000000 -0.169000 0.000001 1.000004 0.000001 0.169001 0.000000 0.986004 3626ap01.dat
1 8 500.644300 -88.000240 159.193900 0.986000 0.000000 -0.169000 0.000001 1.000004 0.000001 0.169001 0.000000 0.986004 3896.dat
