0 6054-1-ForestmensHideout.ldr
0 Name: 6054-1 - Forestmen's Hideout
0 Author: Johann Eisner [technicbasics]
0 Theme: Castle
0 CustomBrick

1 6 -370.000000 -112.000000 190.000000 0.000026 0.000000 1.000000 0.000000 1.000000 0.000000 -1.000000 0.000000 0.000026 4497b.dat
1 6 -190.000000 -144.000000 170.000000 1.000000 0.000000 0.000000 0.000000 1.000000 0.000000 0.000000 0.000000 1.000000 4497b.dat
1 6 -100.000000 -232.000000 140.000000 1.000000 0.000000 -0.000106 0.000000 1.000000 0.000000 0.000106 0.000000 1.000000 4032a.dat
1 0 -310.000000 -400.000000 170.000000 1.000000 0.000000 -0.000105 0.000000 1.000000 0.000000 0.000105 0.000000 1.000000 4287.dat
1 0 -270.000000 -320.000000 130.000000 1.000000 0.000000 0.000000 0.000000 1.000000 0.000000 0.000000 0.000000 1.000000 4287.dat
1 0 -170.000000 -176.000000 190.000000 1.000000 0.000000 0.000000 0.000000 1.000000 0.000000 0.000000 0.000000 1.000000 4287.dat
1 0 -290.000000 -448.000000 170.000000 1.000000 0.000000 0.000000 0.000000 1.000000 0.000000 0.000000 0.000000 1.000000 2339.dat
1 0 -50.000000 -344.000000 190.000000 0.000000 0.000000 1.000000 0.000000 1.000000 0.000000 -1.000000 0.000000 0.000000 2339.dat
1 0 -50.000000 -296.000000 190.000000 -1.000000 0.000000 0.000000 0.000000 1.000000 0.000000 0.000000 0.000000 -1.000000 2339.dat
1 0 -190.000000 -392.000000 190.000000 0.000000 0.000000 -1.000000 0.000000 1.000000 0.000000 1.000000 0.000000 0.000000 2339.dat
1 0 -290.000000 -368.000000 170.000000 0.000000 0.000000 -1.000000 0.000000 1.000000 0.000000 1.000000 0.000000 0.000000 2339.dat
1 0 -210.000000 -248.000000 190.000000 -1.000000 0.000000 0.000000 0.000000 1.000000 0.000000 0.000000 0.000000 -1.000000 2339.dat
1 0 10.000000 -360.000000 190.000000 1.000000 0.000000 -0.000106 0.000000 1.000000 0.000000 0.000106 0.000000 1.000000 3957.dat
1 6 -317.772000 -103.258000 96.208800 0.999832 -0.004565 -0.017775 0.002710 0.994677 -0.103004 0.018151 0.102939 0.994522 4497b.dat
1 0 -110.000000 -176.000000 150.000000 -1.000000 0.000000 0.000000 0.000000 1.000000 0.000000 0.000000 0.000000 -1.000000 2339.dat
1 0 -70.000000 -312.000000 150.000000 1.000000 0.000000 0.000001 0.000000 1.000000 0.000000 -0.000001 0.000000 1.000000 3665.dat
1 7 -90.000000 -208.000000 130.000000 -0.000079 0.000000 -1.000000 0.000000 1.000000 0.000000 1.000000 0.000000 -0.000079 3665.dat
1 7 -110.000000 -208.000000 110.000000 -0.000079 0.000000 -1.000000 0.000000 1.000000 0.000000 1.000000 0.000000 -0.000079 3665.dat
1 7 -130.000000 -208.000000 110.000000 0.000026 0.000000 1.000000 0.000000 1.000000 0.000000 -1.000000 0.000000 0.000026 3665.dat
1 7 -150.000000 -208.000000 130.000000 0.000026 0.000000 1.000000 0.000000 1.000000 0.000000 -1.000000 0.000000 0.000026 3665.dat
1 0 -90.000000 -176.000000 150.000000 1.000000 0.000000 0.000000 0.000000 1.000000 0.000000 0.000000 0.000000 1.000000 3665.dat
1 0 -330.000000 -152.000000 190.000000 0.000026 0.000000 -1.000000 0.000000 1.000000 0.000000 1.000000 0.000000 0.000026 3665.dat
1 0 -290.000000 -128.000000 150.000000 0.000027 0.000000 1.000000 0.000000 1.000000 0.000000 -1.000000 0.000000 0.000027 3665.dat
1 0 -350.000000 -128.000000 190.000000 0.000026 0.000000 -1.000000 0.000000 1.000000 0.000000 1.000000 0.000000 0.000026 3665.dat
1 2 -80.000000 -8.000000 140.000000 1.000000 0.000000 0.000000 0.000000 1.000000 0.000000 0.000000 0.000000 1.000000 3028.dat
1 2 -320.000000 -8.000000 140.000000 1.000000 0.000000 0.000000 0.000000 1.000000 0.000000 0.000000 0.000000 1.000000 3028.dat
1 0 -200.001000 -32.000000 200.000000 -1.000000 0.000000 0.000053 0.000000 1.000000 0.000000 -0.000053 0.000000 -1.000000 3831.dat
1 0 -200.000000 -32.000000 200.000000 -1.000000 0.000000 0.000053 0.000000 1.000000 0.000000 -0.000053 0.000000 -1.000000 3830.dat
1 0 -49.998700 -32.000000 189.999000 0.000026 0.000000 -1.000000 0.000000 1.000000 0.000000 1.000000 0.000000 0.000026 3040b.dat
1 0 -329.998000 -32.000000 170.001000 -0.000079 0.000000 1.000000 0.000000 1.000000 0.000000 -1.000000 0.000000 -0.000079 2462.dat
1 0 -280.000000 -32.000000 150.000000 1.000000 0.000000 0.000000 0.000000 1.000000 0.000000 0.000000 0.000000 1.000000 3039.dat
1 0 -210.000000 -32.000000 170.000000 1.000000 0.000000 0.000000 0.000000 1.000000 0.000000 0.000000 0.000000 1.000000 3040b.dat
1 0 -190.000000 -32.000000 170.000000 1.000000 0.000000 0.000000 0.000000 1.000000 0.000000 0.000000 0.000000 1.000000 3040b.dat
1 0 -100.000000 -32.000000 150.000000 1.000000 0.000000 0.000000 0.000000 1.000000 0.000000 0.000000 0.000000 1.000000 3298.dat
1 0 -130.000000 -32.000000 150.000000 1.000000 0.000000 0.000000 0.000000 1.000000 0.000000 0.000000 0.000000 1.000000 3040b.dat
1 0 -350.000000 -56.000000 190.000000 1.000000 0.000000 0.000000 0.000000 1.000000 0.000000 0.000000 0.000000 1.000000 3005.dat
1 0 -290.000000 -56.000000 150.000000 0.000026 0.000000 1.000000 0.000000 1.000000 0.000000 -1.000000 0.000000 0.000026 3040b.dat
1 0 -210.000000 -56.000000 190.000000 1.000000 0.000000 0.000000 0.000000 1.000000 0.000000 0.000000 0.000000 1.000000 3040b.dat
1 0 -190.000000 -56.000000 190.000000 1.000000 0.000000 0.000000 0.000000 1.000000 0.000000 0.000000 0.000000 1.000000 3040b.dat
1 0 -350.000000 -80.000000 190.000000 0.000026 0.000000 1.000000 0.000000 1.000000 0.000000 -1.000000 0.000000 0.000026 30008.dat
1 0 -350.000000 -72.000000 190.000000 0.000026 0.000000 1.000000 0.000000 1.000000 0.000000 -1.000000 0.000000 0.000026 4085b.dat
1 0 -350.000000 -64.000000 190.000000 0.000026 0.000000 1.000000 0.000000 1.000000 0.000000 -1.000000 0.000000 0.000026 30008.dat
1 0 -290.000000 -80.000000 150.000000 1.000000 0.000000 0.000000 0.000000 1.000000 0.000000 0.000000 0.000000 1.000000 3005.dat
1 0 -210.000000 -80.000000 190.000000 1.000000 0.000000 0.000000 0.000000 1.000000 0.000000 0.000000 0.000000 1.000000 3005.dat
1 0 -190.000000 -80.000000 190.000000 1.000000 0.000000 0.000000 0.000000 1.000000 0.000000 0.000000 0.000000 1.000000 3005.dat
1 0 -150.000000 -152.000000 170.000000 0.000026 0.000000 1.000000 0.000000 1.000000 0.000000 -1.000000 0.000000 0.000026 2345.dat
1 0 -250.000000 -152.000000 170.000000 1.000000 0.000000 0.000000 0.000000 1.000000 0.000000 0.000000 0.000000 1.000000 2345.dat
1 0 -190.000000 -104.000000 190.000000 1.000000 0.000000 0.000000 0.000000 1.000000 0.000000 0.000000 0.000000 1.000000 30008.dat
1 0 -190.000000 -96.000000 190.000000 1.000000 0.000000 0.000000 0.000000 1.000000 0.000000 0.000000 0.000000 1.000000 4085b.dat
1 0 -190.000000 -88.000000 190.000000 1.000000 0.000000 0.000000 0.000000 1.000000 0.000000 0.000000 0.000000 1.000000 30008.dat
1 0 -210.000000 -128.000000 190.000000 1.000000 0.000000 0.000000 0.000000 1.000000 0.000000 0.000000 0.000000 1.000000 3005.dat
1 0 -290.000000 -104.000000 150.000000 1.000000 0.000000 0.000000 0.000000 1.000000 0.000000 0.000000 0.000000 1.000000 3005.dat
1 0 -190.000000 -128.000000 190.000000 0.000026 0.000000 -1.000000 0.000000 1.000000 0.000000 1.000000 0.000000 0.000026 3005.dat
1 0 -350.000000 -104.000000 190.000000 1.000000 0.000000 0.000000 0.000000 1.000000 0.000000 0.000000 0.000000 1.000000 3005.dat
1 0 -210.000000 -104.000000 190.000000 1.000000 0.000000 0.000000 0.000000 1.000000 0.000000 0.000000 0.000000 1.000000 3005.dat
1 0 -110.000000 -56.000000 150.000000 1.000000 0.000000 0.000000 0.000000 1.000000 0.000000 0.000000 0.000000 1.000000 3005.dat
1 0 -110.000000 -80.000000 150.000000 1.000000 0.000000 0.000000 0.000000 1.000000 0.000000 0.000000 0.000000 1.000000 3005.dat
1 0 -70.000000 -152.000000 170.000000 1.000000 0.000000 0.000000 0.000000 1.000000 0.000000 0.000000 0.000000 1.000000 2345.dat
1 0 -280.000000 -152.000000 150.000000 -1.000000 0.000000 0.000053 0.000000 1.000000 0.000000 -0.000053 0.000000 -1.000000 3004.dat
1 0 -60.000000 -152.000000 190.000000 -1.000000 0.000000 0.000053 0.000000 1.000000 0.000000 -0.000053 0.000000 -1.000000 3004.dat
1 0 -200.000000 -152.000000 200.000000 -1.000000 0.000000 0.000053 0.000000 1.000000 0.000000 -0.000053 0.000000 -1.000000 3831.dat
1 0 -200.000000 -152.000000 200.000000 -1.000000 0.000000 0.000053 0.000000 1.000000 0.000000 -0.000053 0.000000 -1.000000 3830.dat
1 0 -270.000000 -152.000000 190.000000 0.000026 0.000000 1.000000 0.000000 1.000000 0.000000 -1.000000 0.000000 0.000026 2357.dat
1 0 -110.000000 -152.000000 150.000000 1.000000 0.000000 0.000000 0.000000 1.000000 0.000000 0.000000 0.000000 1.000000 3622.dat
1 0 -330.000000 -152.000000 170.000000 0.000026 0.000000 1.000000 0.000000 1.000000 0.000000 -1.000000 0.000000 0.000026 2462.dat
1 0 -230.000000 -176.000000 190.000000 1.000000 0.000000 0.000000 0.000000 1.000000 0.000000 0.000000 0.000000 1.000000 3005.dat
1 0 -110.000000 -176.000000 140.000000 -0.000079 0.000000 -1.000000 0.000000 1.000000 0.000000 1.000000 0.000000 -0.000079 3004.dat
1 0 -130.000000 -176.000000 150.000000 0.000026 0.000000 1.000000 0.000000 1.000000 0.000000 -1.000000 0.000000 0.000026 3676.dat
1 0 -70.000000 -176.000000 190.000000 0.000132 0.000000 1.000000 0.000000 1.000000 0.000000 -1.000000 0.000000 0.000132 2357.dat
1 0 -110.000000 -176.000000 70.000000 0.000026 0.000000 1.000000 0.000000 1.000000 0.000000 -1.000000 0.000000 0.000026 3623.dat
1 0 -330.000000 -176.000000 190.000000 0.000026 0.000000 1.000000 0.000000 1.000000 0.000000 -1.000000 0.000000 0.000026 3040b.dat
1 0 -280.000000 -176.000000 150.000000 -1.000000 0.000000 0.000053 0.000000 1.000000 0.000000 -0.000053 0.000000 -1.000000 3004.dat
1 0 -190.000000 -272.000000 190.000000 0.000026 0.000000 -1.000000 0.000000 1.000000 0.000000 1.000000 0.000000 0.000026 2453a.dat
1 0 -110.000000 -184.000000 90.000000 0.000026 0.000000 1.000000 0.000000 1.000000 0.000000 -1.000000 0.000000 0.000026 30008.dat
1 7 -120.000000 -184.000000 180.000000 1.000000 0.000000 -0.000106 0.000000 1.000000 0.000000 0.000106 0.000000 1.000000 3795.dat
1 7 -120.000000 -184.000000 130.000000 1.000000 0.000000 0.000000 0.000000 1.000000 0.000000 0.000000 0.000000 1.000000 2419.dat
1 0 -50.000000 -200.000000 190.000000 0.000132 0.000000 1.000000 0.000000 1.000000 0.000000 -1.000000 0.000000 0.000132 3005.dat
1 0 -310.000000 -296.000000 170.000000 0.000026 0.000000 1.000000 0.000000 1.000000 0.000000 -1.000000 0.000000 0.000026 2345.dat
1 0 -250.000000 -296.000000 170.000000 1.000000 0.000000 -0.000106 0.000000 1.000000 0.000000 0.000106 0.000000 1.000000 2345.dat
1 0 -210.000000 -224.000000 190.000000 -1.000000 0.000000 0.000053 0.000000 1.000000 0.000000 -0.000053 0.000000 -1.000000 3005.dat
1 0 -210.000000 -248.000000 190.000000 1.000000 0.000000 0.000000 0.000000 1.000000 0.000000 0.000000 0.000000 1.000000 3040b.dat
1 0 -210.000000 -272.000000 190.000000 1.000000 0.000000 0.000000 0.000000 1.000000 0.000000 0.000000 0.000000 1.000000 3005.dat
1 7 -170.000000 -208.000000 170.000000 0.000027 0.000000 -1.000000 0.000000 1.000000 0.000000 1.000000 0.000000 0.000027 3622.dat
1 7 -70.000000 -208.000000 170.000000 0.000027 0.000000 -1.000000 0.000000 1.000000 0.000000 1.000000 0.000000 0.000027 3622.dat
1 0 -310.000000 -296.000000 190.000000 -1.000000 0.000000 0.000053 0.000000 1.000000 0.000000 -0.000053 0.000000 -1.000000 3622.dat
1 0 -260.000000 -296.000000 190.000000 1.000000 0.000000 -0.000106 0.000000 1.000000 0.000000 0.000106 0.000000 1.000000 3004.dat
1 0 -70.000000 -216.000000 160.000000 0.000027 0.000000 -1.000000 0.000000 1.000000 0.000000 1.000000 0.000000 0.000027 3710.dat
1 0 -170.000000 -216.000000 160.000000 0.000027 0.000000 -1.000000 0.000000 1.000000 0.000000 1.000000 0.000000 0.000027 3710.dat
1 0 -150.000000 -216.000000 110.000000 -0.000079 0.000000 -1.000000 0.000000 1.000000 0.000000 1.000000 0.000000 -0.000079 2420.dat
1 0 -90.000000 -216.000000 110.000000 1.000000 0.000000 -0.000105 0.000000 1.000000 0.000000 0.000105 0.000000 1.000000 2420.dat
1 0 -120.000000 -216.000000 110.000000 1.000000 0.000000 0.000000 0.000000 1.000000 0.000000 0.000000 0.000000 1.000000 6225.dat
1 7 -70.000000 -240.000000 160.000000 0.000027 0.000000 -1.000000 0.000000 1.000000 0.000000 1.000000 0.000000 0.000027 3010.dat
1 7 -170.000000 -240.000000 160.000000 0.000027 0.000000 -1.000000 0.000000 1.000000 0.000000 1.000000 0.000000 0.000027 3010.dat
1 7 -120.000000 -240.000000 110.000000 1.000000 0.000000 0.000001 0.000000 1.000000 0.000000 -0.000001 0.000000 1.000000 3010.dat
1 0 -70.000000 -240.000000 110.000000 1.000000 0.000000 -0.000105 0.000000 1.000000 0.000000 0.000105 0.000000 1.000000 4070.dat
1 0 -170.000000 -240.000000 110.000000 1.000000 0.000000 -0.000105 0.000000 1.000000 0.000000 0.000105 0.000000 1.000000 4070.dat
1 0 -270.000000 -296.000000 170.000000 1.000000 0.000000 -0.000106 0.000000 1.000000 0.000000 0.000106 0.000000 1.000000 3005.dat
1 0 -170.000000 -264.000000 190.000000 0.000026 0.000000 -1.000000 0.000000 1.000000 0.000000 1.000000 0.000000 0.000026 3005.dat
1 0 -170.000000 -272.000000 190.000000 0.000026 0.000000 -1.000000 0.000000 1.000000 0.000000 1.000000 0.000000 0.000026 4085b.dat
1 0 -170.000000 -264.000000 150.000000 0.000027 0.000000 -1.000000 0.000000 1.000000 0.000000 1.000000 0.000000 0.000027 3062b.dat
1 0 -170.000000 -264.000000 110.000000 1.000000 0.000000 -0.000105 0.000000 1.000000 0.000000 0.000105 0.000000 1.000000 3062b.dat
1 0 -130.000000 -264.000000 110.000000 1.000000 0.000000 0.000001 0.000000 1.000000 0.000000 -0.000001 0.000000 1.000000 3062b.dat
1 0 -110.000000 -264.000000 110.000000 1.000000 0.000000 0.000001 0.000000 1.000000 0.000000 -0.000001 0.000000 1.000000 3062b.dat
1 0 -70.000000 -264.000000 110.000000 1.000000 0.000000 -0.000105 0.000000 1.000000 0.000000 0.000105 0.000000 1.000000 3062b.dat
1 0 -70.000000 -264.000000 150.000000 0.000027 0.000000 -1.000000 0.000000 1.000000 0.000000 1.000000 0.000000 0.000027 3062b.dat
1 7 -70.000000 -264.000000 180.000000 0.000027 0.000000 -1.000000 0.000000 1.000000 0.000000 1.000000 0.000000 0.000027 3004.dat
1 7 -70.000000 -272.000000 180.000000 0.000027 0.000000 -1.000000 0.000000 1.000000 0.000000 1.000000 0.000000 0.000027 6225.dat
1 8 -150.000000 -256.000000 190.000000 1.000000 0.000000 0.000000 0.000000 -1.000000 -0.000053 0.000000 0.000053 -1.000000 3847.dat
1 0 -200.000000 -296.000000 200.000000 -1.000000 0.000000 -0.000052 0.000000 1.000000 0.000000 0.000052 0.000000 -1.000000 3831.dat
1 0 -200.000000 -296.000000 200.000000 -1.000000 0.000000 0.000053 0.000000 1.000000 0.000000 -0.000053 0.000000 -1.000000 3830.dat
1 0 -170.000000 -288.000000 150.000000 0.000027 0.000000 -1.000000 0.000000 1.000000 0.000000 1.000000 0.000000 0.000027 3062b.dat
1 0 -170.000000 -288.000000 110.000000 1.000000 0.000000 -0.000105 0.000000 1.000000 0.000000 0.000105 0.000000 1.000000 3062b.dat
1 0 -130.000000 -288.000000 110.000000 1.000000 0.000000 0.000001 0.000000 1.000000 0.000000 -0.000001 0.000000 1.000000 3062b.dat
1 0 -110.000000 -288.000000 110.000000 1.000000 0.000000 0.000001 0.000000 1.000000 0.000000 -0.000001 0.000000 1.000000 3062b.dat
1 0 -70.000000 -288.000000 110.000000 1.000000 0.000000 -0.000105 0.000000 1.000000 0.000000 0.000105 0.000000 1.000000 3062b.dat
1 0 -70.000000 -288.000000 150.000000 0.000027 0.000000 -1.000000 0.000000 1.000000 0.000000 1.000000 0.000000 0.000027 3062b.dat
1 0 -70.000000 -296.000000 190.000000 0.000027 0.000000 -1.000000 0.000000 1.000000 0.000000 1.000000 0.000000 0.000027 3005.dat
1 0 -280.000000 -296.000000 150.000000 1.000000 0.000000 0.000000 0.000000 1.000000 0.000000 0.000000 0.000000 1.000000 3660.dat
1 0 -270.000000 -320.000000 190.000000 0.000132 0.000000 1.000000 0.000000 1.000000 0.000000 -1.000000 0.000000 0.000132 3040b.dat
1 0 -250.000000 -320.000000 190.000000 -0.000079 0.000000 -1.000000 0.000000 1.000000 0.000000 1.000000 0.000000 -0.000079 3040b.dat
1 0 -70.000000 -296.000000 170.000000 0.000027 0.000000 -1.000000 0.000000 1.000000 0.000000 1.000000 0.000000 0.000027 3040b.dat
1 0 -170.000000 -312.000000 150.000000 -1.000000 0.000000 -0.000053 0.000000 1.000000 0.000000 0.000053 0.000000 -1.000000 2341.dat
1 0 -170.000000 -304.000000 190.000000 -1.000000 0.000000 -0.000053 0.000000 1.000000 0.000000 0.000053 0.000000 -1.000000 30008.dat
1 0 -170.000000 -312.000000 190.000000 -1.000000 0.000000 -0.000053 0.000000 1.000000 0.000000 0.000053 0.000000 -1.000000 30008.dat
1 0 -270.000000 -320.000000 150.000000 0.000026 0.000000 -1.000000 0.000000 1.000000 0.000000 1.000000 0.000000 0.000026 2357.dat
1 0 -70.000000 -320.000000 190.000000 0.000026 0.000000 1.000000 0.000000 1.000000 0.000000 -1.000000 0.000000 0.000026 2357.dat
1 0 -150.000000 -312.000000 110.000000 1.000000 0.000000 -0.000105 0.000000 1.000000 0.000000 0.000105 0.000000 1.000000 4490.dat
1 0 -90.000000 -312.000000 110.000000 1.000000 0.000000 0.000001 0.000000 1.000000 0.000000 -0.000001 0.000000 1.000000 4490.dat
1 0 -290.000000 -344.000000 170.000000 1.000000 0.000000 0.000000 0.000000 1.000000 0.000000 0.000000 0.000000 1.000000 3040b.dat
1 0 -270.000000 -328.000000 140.000000 0.000026 0.000000 1.000000 0.000000 1.000000 0.000000 -1.000000 0.000000 0.000026 6225.dat
1 0 -170.000000 -320.000000 140.000000 -0.000079 0.000000 -1.000000 0.000000 1.000000 0.000000 1.000000 0.000000 -0.000079 3666.dat
1 7 -260.000000 -328.000000 180.000000 -0.000079 0.000000 -1.000000 0.000000 1.000000 0.000000 1.000000 0.000000 -0.000079 3022.dat
1 0 -70.000000 -320.000000 120.000000 0.000026 0.000000 1.000000 0.000000 1.000000 0.000000 -1.000000 0.000000 0.000026 3710.dat
1 0 -30.000000 -344.000000 190.000000 0.000132 0.000000 1.000000 0.000000 1.000000 0.000000 -1.000000 0.000000 0.000132 3040b.dat
1 0 -300.000000 -352.000000 170.000000 1.000000 0.000000 -0.000105 0.000000 1.000000 0.000000 0.000105 0.000000 1.000000 6225.dat
1 0 -310.000000 -360.000000 170.000000 -0.000079 0.000000 -1.000000 0.000000 1.000000 0.000000 1.000000 0.000000 -0.000079 30008.dat
1 0 -310.000000 -368.000000 170.000000 -0.000079 0.000000 -1.000000 0.000000 1.000000 0.000000 1.000000 0.000000 -0.000079 30008.dat
1 0 -320.000000 -376.000000 170.000000 1.000000 0.000000 -0.000105 0.000000 1.000000 0.000000 0.000105 0.000000 1.000000 6225.dat
1 0 -170.000000 -344.000000 120.000000 -0.000079 0.000000 -1.000000 0.000000 1.000000 0.000000 1.000000 0.000000 -0.000079 3004.dat
1 0 -70.000000 -344.000000 120.000000 0.000026 0.000000 1.000000 0.000000 1.000000 0.000000 -1.000000 0.000000 0.000026 3004.dat
1 7 -170.000000 -344.000000 170.000000 -0.000079 0.000000 -1.000000 0.000000 1.000000 0.000000 1.000000 0.000000 -0.000079 3622.dat
1 7 -70.000000 -344.000000 170.000000 0.000026 0.000000 1.000000 0.000000 1.000000 0.000000 -1.000000 0.000000 0.000026 3622.dat
1 2 -270.000000 -328.000000 90.000000 1.000000 0.000000 0.000000 0.000000 1.000000 0.000000 0.000000 0.000000 1.000000 2417.dat
1 2 30.000000 -344.000000 190.000000 -0.000079 0.000000 -1.000000 0.000000 1.000000 0.000000 1.000000 0.000000 -0.000079 2417.dat
1 2 -110.000000 -184.000000 50.000000 1.000000 0.000000 0.000000 0.000000 1.000000 0.000000 0.000000 0.000000 1.000000 2417.dat
1 2 -50.000000 -296.000000 110.000000 0.499924 0.000000 -0.866069 0.000000 1.000000 0.000000 0.866069 0.000000 0.499924 2423.dat
1 2 -210.000000 -248.000000 110.000000 1.000000 0.000000 0.000000 0.000000 1.000000 0.000000 0.000000 0.000000 1.000000 2423.dat
1 0 -310.000000 -408.000000 150.000000 1.000000 0.000000 -0.000105 0.000000 1.000000 0.000000 0.000105 0.000000 1.000000 30008.dat
1 0 -180.000000 -368.000000 190.000000 1.000000 0.000000 0.000000 0.000000 1.000000 0.000000 0.000000 0.000000 1.000000 3004.dat
1 0 -170.000000 -368.000000 140.000000 -0.000079 0.000000 -1.000000 0.000000 1.000000 0.000000 1.000000 0.000000 -0.000079 3004.dat
1 0 -210.000000 -392.000000 190.000000 -0.000080 0.000000 -1.000000 0.000000 1.000000 0.000000 1.000000 0.000000 -0.000080 3040b.dat
1 7 -170.000000 -368.000000 170.000000 -0.000079 0.000000 -1.000000 0.000000 1.000000 0.000000 1.000000 0.000000 -0.000079 3005.dat
1 0 -270.000000 -336.000000 110.000000 0.000026 0.000000 1.000000 0.000000 1.000000 0.000000 -1.000000 0.000000 0.000026 3623.dat
1 0 -210.000000 -256.000000 130.000000 0.000026 0.000000 -1.000000 0.000000 1.000000 0.000000 1.000000 0.000000 0.000026 3623.dat
1 0 -110.000000 -192.000000 70.000000 0.000026 0.000000 1.000000 0.000000 1.000000 0.000000 -1.000000 0.000000 0.000026 3623.dat
1 0 10.000000 -352.000000 190.000000 1.000000 0.000000 -0.000106 0.000000 1.000000 0.000000 0.000106 0.000000 1.000000 3623.dat
1 0 -50.000000 -304.000000 130.000000 -0.000079 0.000000 -1.000000 0.000000 1.000000 0.000000 1.000000 0.000000 -0.000079 3623.dat
1 0 -70.000000 -368.000000 140.000000 0.000026 0.000000 1.000000 0.000000 1.000000 0.000000 -1.000000 0.000000 0.000026 3004.dat
1 7 -70.000000 -368.000000 180.000000 0.000026 0.000000 1.000000 0.000000 1.000000 0.000000 -1.000000 0.000000 0.000026 3004.dat
1 2 -310.000000 -408.000000 130.000000 0.500106 0.000000 0.865964 0.000000 1.000000 0.000000 -0.865964 0.000000 0.500106 2423.dat
1 2 -250.000000 -392.000000 130.000000 -1.000000 0.000000 0.000158 0.000000 1.000000 0.000000 -0.000158 0.000000 -1.000000 2417.dat
1 0 -290.000000 -424.000000 170.000000 0.000132 0.000000 1.000000 0.000000 1.000000 0.000000 -1.000000 0.000000 0.000132 3040b.dat
1 0 -170.000000 -392.000000 160.000000 -0.000079 0.000000 -1.000000 0.000000 1.000000 0.000000 1.000000 0.000000 -0.000079 3004.dat
1 0 -70.000000 -392.000000 160.000000 0.000026 0.000000 1.000000 0.000000 1.000000 0.000000 -1.000000 0.000000 0.000026 3004.dat
1 0 -120.000000 -392.000000 190.000000 -1.000000 0.000000 0.000052 0.000000 1.000000 0.000000 -0.000052 0.000000 -1.000000 3455.dat
1 1 -120.000000 -400.000000 190.000000 1.000000 0.000000 -0.000105 0.000000 1.000000 0.000000 0.000105 0.000000 1.000000 4315.dat
1 1 -120.000000 -384.000000 140.000000 1.000000 0.000000 -0.000105 -0.000053 0.866030 -0.499992 0.000091 0.499992 0.866030 4213.dat
1 1 -120.000000 -360.000000 79.999900 1.000000 0.000000 -0.000105 -0.000053 0.866030 -0.499992 0.000091 0.499992 0.866030 3031.dat
1 0 -290.000000 -432.000000 180.000000 0.000132 0.000000 1.000000 0.000000 1.000000 0.000000 -1.000000 0.000000 0.000132 6225.dat
1 0 -310.000000 -416.000000 140.000000 0.000131 0.000000 1.000000 0.000000 1.000000 0.000000 -1.000000 0.000000 0.000131 6225.dat
1 0 -240.000000 -400.000000 190.000000 -1.000000 0.000000 -0.000052 0.000000 1.000000 0.000000 0.000052 0.000000 -1.000000 6225.dat
1 2 -342.000000 -440.000000 160.000000 -0.500061 0.000000 -0.865991 0.000000 1.000000 0.000000 0.865991 0.000000 -0.500061 2417.dat
1 2 -238.000000 -448.000000 160.000000 -0.499878 0.000000 0.866096 0.000000 1.000000 0.000000 -0.866096 0.000000 -0.499878 2417.dat
1 2 -275.000000 -448.000000 285.000000 -0.500061 0.000000 -0.865990 0.000000 1.000000 0.000000 0.865990 0.000000 -0.500061 2417.dat
1 2 37.248150 -187.000000 99.332020 -0.499924 0.000000 0.866069 0.000000 1.000000 0.000000 -0.866069 0.000000 -0.499924 2488.dat
1 2 77.000000 -235.000000 240.000000 0.500107 0.000000 0.865964 0.000000 1.000000 0.000000 -0.865964 0.000000 0.500107 2488.dat
1 6 -170.000000 -232.000000 100.000000 1.000000 0.000000 -0.000105 0.000000 1.000000 0.000000 0.000105 0.000000 1.000000 3846p48.dat
1 6 -70.000000 -232.000000 100.000000 1.000000 0.000000 -0.000105 0.000000 1.000000 0.000000 0.000105 0.000000 1.000000 3846p48.dat
1 0 -290.000000 -456.000000 210.000000 0.000132 0.000000 1.000000 0.000000 1.000000 0.000000 -1.000000 0.000000 0.000132 3623.dat
1 4 10.000000 -432.000000 190.000000 0.500107 0.000000 0.865964 0.000000 1.000000 0.000000 -0.865964 0.000000 0.500107 4495a.dat
1 2 -400.000000 -16.000000 120.000000 1.000000 0.000000 0.000000 0.000000 1.000000 0.000000 0.000000 0.000000 1.000000 3471.dat
1 2 -180.000000 -16.000000 100.000000 1.000000 0.000000 0.000000 0.000000 1.000000 0.000000 0.000000 0.000000 1.000000 2435.dat
1 2 -120.000000 -104.080000 90.000000 0.766052 0.000000 -0.642779 0.000000 1.000000 0.000000 0.642779 0.000000 0.766052 4506.dat
1 14 -126.866000 -112.962000 98.183000 0.766052 0.219840 -0.604016 0.000000 0.939695 0.342015 0.642779 -0.262001 0.719855 87693.dat
1 14 -120.000000 -104.080000 90.000000 0.766052 0.000000 -0.642779 0.000000 1.000000 0.000000 0.642779 0.000000 0.766052 3626bp01.dat
1 6 -120.000000 -80.000000 90.000000 -1.000000 0.000000 0.000000 0.000000 1.000000 0.000000 0.000000 0.000000 -1.000000 4498.dat
1 2 -120.000000 -80.000000 90.000000 1.000000 0.000000 0.000000 0.000000 1.000000 0.000000 0.000000 0.000000 1.000000 973p46.dat
1 2 -120.000000 -48.000000 90.000000 1.000000 0.000000 0.000000 0.000000 1.000000 0.000000 0.000000 0.000000 1.000000 3815.dat
1 2 -104.500000 -72.000000 90.000000 0.985435 0.102342 0.135808 -0.170052 0.593062 0.786994 0.000000 -0.798626 0.601827 3819.dat
1 2 -135.500000 -72.000000 90.000000 0.985435 -0.074549 -0.152840 0.170052 0.432003 0.885695 0.000000 -0.898786 0.438388 3818.dat
1 14 -98.986400 -69.452000 68.807800 0.992898 0.116593 0.023666 -0.118748 0.983408 0.137144 -0.007284 -0.138980 0.990268 3820.dat
1 14 -140.315000 -73.499100 68.539200 0.047632 -0.997330 -0.055363 0.946743 0.027407 0.320821 -0.318447 -0.067696 0.945520 3820.dat
1 6 -99.106500 -69.840100 58.766200 0.023666 0.116593 -0.992898 0.137144 0.983408 0.118748 0.990268 -0.138980 0.007284 4499.dat
1 2 -120.000000 -36.000000 90.000000 1.000000 0.000000 0.000000 0.000000 1.000000 0.000000 0.000000 0.000000 1.000000 3817.dat
1 2 -120.000000 -36.000000 90.000000 1.000000 0.000000 0.000000 0.000000 1.000000 0.000000 0.000000 0.000000 1.000000 3816.dat
1 0 20.000000 -16.000000 89.999460 1.000000 0.000000 -0.000053 0.000000 1.000000 0.000000 0.000053 0.000000 1.000000 4276b.dat
1 0 46.000780 -42.000110 90.000840 -0.000026 1.000000 0.000053 1.000000 0.000026 0.000000 0.000000 0.000053 -1.000000 4275a.dat
1 14 38.001840 -62.000320 80.000430 -0.000026 1.000000 0.000053 1.000000 0.000026 0.000000 0.000000 0.000053 -1.000000 4150p40.dat
1 6 -340.000000 -104.000000 130.000000 1.000000 0.000000 0.000000 0.000000 1.000000 0.000000 0.000000 0.000000 1.000000 4506.dat
1 15 -340.000000 -113.250000 140.366000 1.000000 0.000000 0.000000 0.000000 0.951058 0.309012 0.000000 -0.309012 0.951058 87693.dat
1 14 -340.000000 -104.000000 130.000000 1.000000 0.000000 0.000000 0.000000 1.000000 0.000000 0.000000 0.000000 1.000000 3626bp01.dat
1 2 -340.000000 -80.000000 130.000000 1.000000 0.000000 0.000000 0.000000 1.000000 0.000000 0.000000 0.000000 1.000000 973p48.dat
1 2 -340.000000 -48.000000 130.000000 1.000000 0.000000 0.000000 0.000000 1.000000 0.000000 0.000000 0.000000 1.000000 3815.dat
1 4 -324.500000 -72.000000 130.000000 0.985435 0.132156 0.107016 -0.170052 0.765834 0.620146 0.000000 -0.629312 0.777153 3819.dat
1 4 -355.500000 -72.000000 130.000000 0.985435 -0.170052 0.000000 0.170052 0.985435 0.000000 0.000000 0.000000 1.000000 3818.dat
1 14 -318.132000 -64.500900 110.272000 0.999832 -0.004565 -0.017775 0.002710 0.994677 -0.103004 0.018151 0.102939 0.994522 3820.dat
1 14 -363.658000 -54.127000 120.000000 0.985435 -0.120246 0.120243 0.170052 0.696817 -0.696799 0.000000 0.707097 0.707116 3820.dat
1 2 -340.000000 -36.000000 130.000000 1.000000 0.000000 0.000000 0.000000 1.000000 0.000000 0.000000 0.000000 1.000000 3817.dat
1 2 -340.000000 -36.000000 130.000000 1.000000 0.000000 0.000000 0.000000 1.000000 0.000000 0.000000 0.000000 1.000000 3816.dat
1 6 -100.000000 -224.000000 140.000000 1.000000 0.000000 -0.000106 0.000000 1.000000 0.000000 0.000106 0.000000 1.000000 2489.dat
1 14 -110.000000 -192.000000 190.000000 1.000000 0.000000 -0.000106 0.000000 1.000000 0.000000 0.000106 0.000000 1.000000 6141.dat
1 14 -130.000000 -192.000000 170.000000 1.000000 0.000000 -0.000106 0.000000 1.000000 0.000000 0.000106 0.000000 1.000000 6141.dat
