0 6232-SkeletonCrew.ldr
0 Name: 6232 - Skeleton Crew
0 Author: Stan Isachenko [angmarec]
0 Theme: Pirates
0 CustomBrick

1 14 0.000000 0.000000 0.000000 1.000000 0.000000 0.000000 0.000000 1.000000 0.000000 0.000000 0.000000 1.000000 3036.dat
1 7 70.000000 -24.000000 30.000000 0.000000 0.000000 -1.000000 0.000000 1.000000 0.000000 1.000000 0.000000 0.000000 3622.dat
1 7 -30.000000 -24.000000 30.000000 0.000000 0.000000 -1.000000 0.000000 1.000000 0.000000 1.000000 0.000000 0.000000 3622.dat
1 7 20.000000 -24.000000 40.000000 0.000000 0.000000 -1.000000 0.000000 1.000000 0.000000 1.000000 0.000000 0.000000 3003.dat
1 7 -30.000000 -48.000000 40.000000 0.000000 0.000000 -1.000000 0.000000 1.000000 0.000000 1.000000 0.000000 0.000000 3004.dat
1 7 70.000000 -48.000000 40.000000 0.000000 0.000000 -1.000000 0.000000 1.000000 0.000000 1.000000 0.000000 0.000000 3004.dat
1 7 20.000000 -48.000000 50.000000 -1.000000 0.000000 0.000000 0.000000 1.000000 0.000000 0.000000 0.000000 -1.000000 3004.dat
1 7 -10.000000 -72.000000 20.000000 0.000000 0.000000 -1.000000 0.000000 1.000000 0.000000 1.000000 0.000000 0.000000 4215a.dat
1 7 50.000000 -72.000000 20.000000 0.000000 0.000000 1.000000 0.000000 1.000000 0.000000 -1.000000 0.000000 0.000000 4215a.dat
1 7 50.000000 -96.000000 20.000000 0.000000 0.000000 -1.000000 0.000000 1.000000 0.000000 1.000000 0.000000 0.000000 3004.dat
1 7 20.000000 -80.000000 50.000000 -1.000000 0.000000 0.000000 0.000000 1.000000 0.000000 0.000000 0.000000 -1.000000 3710.dat
1 7 -10.000000 -80.000000 20.000000 0.000000 0.000000 1.000000 0.000000 1.000000 0.000000 -1.000000 0.000000 0.000000 3023.dat
1 2 40.000000 -104.000000 30.000000 -1.000000 0.000000 0.000000 0.000000 1.000000 0.000000 0.000000 0.000000 -1.000000 6148.dat
1 6 60.000000 -40.000000 -40.000000 -1.000000 0.000000 0.000000 0.000000 1.000000 0.000000 0.000000 0.000000 -1.000000 2489.dat
1 334 60.000000 -12.000000 -40.000000 -1.000000 0.000000 0.000000 0.000000 1.000000 0.000000 0.000000 0.000000 -1.000000 70501a.dat
1 334 60.000000 -16.000000 -40.000000 -1.000000 0.000000 0.000000 0.000000 1.000000 0.000000 0.000000 0.000000 -1.000000 70501b.dat
1 334 60.000000 -20.000000 -40.000000 -1.000000 0.000000 0.000000 0.000000 1.000000 0.000000 0.000000 0.000000 -1.000000 70501c.dat
1 334 60.000000 -24.000000 -40.000000 -1.000000 0.000000 0.000000 0.000000 1.000000 0.000000 0.000000 0.000000 -1.000000 70501d.dat
1 15 20.000000 -81.000000 10.000000 1.000000 0.000000 0.000000 0.000000 1.000000 0.000000 0.000000 0.000000 1.000000 82359.dat
1 0 20.000000 -81.000000 10.000000 1.000000 0.000000 0.000000 0.000000 1.000000 0.000000 0.000000 0.000000 1.000000 30048.dat
1 15 20.000000 -57.000000 10.000000 1.000000 0.000000 0.000000 0.000000 1.000000 0.000000 0.000000 0.000000 1.000000 6260.dat
1 15 41.200000 -50.200000 10.000000 0.985000 0.000000 -0.174000 -0.174000 0.000000 -0.985000 0.000000 1.000000 0.000000 6265.dat
1 15 -1.200000 -50.200000 10.000000 -0.985000 0.000000 0.174000 -0.174000 0.000000 -0.985000 0.000000 1.000000 0.000000 6265.dat
1 15 10.000000 -12.000000 10.000000 1.000000 0.000000 0.000000 0.000000 0.000000 1.000000 0.000000 -1.000000 0.000000 6266.dat
1 15 30.000000 -12.000000 10.000000 1.000000 0.000000 0.000000 0.000000 0.000000 1.000000 0.000000 -1.000000 0.000000 6266.dat
1 4 48.262320 -102.000000 6.263230 -0.707107 0.000000 0.707107 0.000000 1.000000 0.000000 -0.707107 0.000000 -0.707107 2543.dat
1 6 69.121360 -53.713900 -34.657480 0.817175 0.504049 -0.279569 -0.000472 -0.484450 -0.874819 -0.576389 0.715012 -0.395643 2562.dat
1 8 59.440940 -72.611760 -23.172790 0.820941 0.053085 -0.568541 -0.131068 -0.951567 -0.278103 -0.555768 0.302823 -0.774222 2530.dat
