0 6799-ShowdownCanyon.ldr
0 Name: 6799 - Showdown Canyon
0 Author: Willy Tschager [Holly Wood]
0 Theme: Explorers
0 CustomBrick

1 7 -109.996100 -63.000100 -110.000000 -0.999993 -0.000002 0.000000 -0.000001 1.000000 0.000000 0.000000 0.000000 -1.000000 3679.dat
1 0 -94.458800 -71.000260 -167.954600 -0.965878 -0.000002 0.258966 -0.000001 1.000000 0.000000 -0.258969 0.000000 -0.965886 2397.dat
1 0 -109.996100 -71.000260 -70.000000 0.000000 -0.000002 0.999993 0.000000 1.000000 0.000001 -1.000000 0.000000 0.000000 3032.dat
1 4 -139.995800 -79.000300 -70.000000 0.000000 -0.000002 0.999993 0.000000 1.000000 0.000001 -1.000000 0.000000 0.000000 3666.dat
1 4 -79.996270 -79.000240 -70.000000 0.000000 -0.000002 0.999993 0.000000 1.000000 0.000001 -1.000000 0.000000 0.000000 3666.dat
1 0 -109.996100 -63.000110 -20.000000 -0.999993 -0.000002 0.000000 -0.000001 1.000000 0.000000 0.000000 0.000000 -1.000000 4623.dat
1 0 -79.996630 -63.000040 -20.000000 -0.999993 -0.000002 0.000000 -0.000001 1.000000 0.000000 0.000000 0.000000 -1.000000 4085b.dat
1 0 -139.996500 -63.000120 -20.000000 -0.999993 -0.000002 0.000000 -0.000001 1.000000 0.000000 0.000000 0.000000 -1.000000 4085b.dat
1 0 -109.996100 -47.000110 -20.000000 -0.999993 -0.000002 0.000000 -0.000001 1.000000 0.000000 0.000000 0.000000 -1.000000 2926.dat
1 4 -109.996100 -55.000110 -20.000000 -0.999993 -0.000002 0.000000 -0.000001 1.000000 0.000000 0.000000 0.000000 -1.000000 3710.dat
1 4 -109.996100 -79.000260 -80.000000 -0.999993 -0.000002 0.000000 -0.000001 1.000000 0.000000 0.000000 0.000000 -1.000000 3023.dat
1 4 -109.996100 -79.000260 -30.000000 -0.999993 -0.000002 0.000000 -0.000001 1.000000 0.000000 0.000000 0.000000 -1.000000 3068b.dat
1 4 -109.996100 -95.000260 -60.000000 -0.999993 -0.000002 0.000000 -0.000001 1.000000 0.000000 0.000000 0.000000 -1.000000 4865a.dat
1 0 -139.995800 -87.000300 -120.000000 -0.999993 -0.000002 0.000000 -0.000001 1.000000 0.000000 0.000000 0.000000 -1.000000 6141.dat
1 0 -79.996270 -87.000240 -120.000000 -0.999993 -0.000002 0.000000 -0.000001 1.000000 0.000000 0.000000 0.000000 -1.000000 6141.dat
1 0 -79.996150 -103.000200 -60.000000 0.999993 -0.000002 0.000000 0.000001 1.000000 0.000000 0.000000 0.000000 1.000000 4286.dat
1 0 -139.995800 -103.000300 -60.000000 0.999993 -0.000002 0.000000 0.000001 1.000000 0.000000 0.000000 0.000000 1.000000 4286.dat
1 0 -79.996150 -103.000200 -40.000000 -0.999993 -0.000002 0.000000 -0.000001 1.000000 0.000000 0.000000 0.000000 -1.000000 3040b.dat
1 0 -139.995800 -103.000300 -40.000000 -0.999993 -0.000002 0.000000 -0.000001 1.000000 0.000000 0.000000 0.000000 -1.000000 3040b.dat
1 4 -79.996140 -111.000200 -50.000000 0.000000 -0.000002 0.999993 0.000000 1.000000 0.000001 -1.000000 0.000000 0.000000 3023.dat
1 4 -139.995500 -111.000300 -50.000000 0.000000 -0.000002 0.999993 0.000000 1.000000 0.000001 -1.000000 0.000000 0.000000 3023.dat
1 0 -109.996000 -127.000300 -46.000000 -0.999993 -0.000002 0.000000 -0.000001 1.000000 0.000000 0.000000 0.000000 -1.000000 4345b.dat
1 2 -105.996100 -95.000260 -42.000000 0.000000 -0.000002 0.999993 0.000000 1.000000 0.000001 -1.000000 0.000000 0.000000 3069bpw2.dat
1 2 -112.996100 -103.000300 -42.000000 0.000000 -0.000002 0.999993 0.000000 1.000000 0.000001 -1.000000 0.000000 0.000000 3069bpw2.dat
1 2 -109.996000 -127.000300 -46.000000 -0.999993 -0.000002 0.000000 -0.000001 1.000000 0.000000 0.000000 0.000000 -1.000000 4346pw01.dat
1 6 -59.996580 -42.000040 -20.000000 0.000000 -0.000002 -0.999993 0.000000 1.000000 -0.000001 1.000000 0.000000 0.000000 2470.dat
1 6 -159.995700 -42.000120 -20.000000 0.000000 -0.000002 0.999993 0.000000 1.000000 0.000001 -1.000000 0.000000 0.000000 2470.dat
1 0 -107.407300 -39.000100 -119.660300 0.965878 -0.000002 -0.258966 0.000001 1.000000 0.000000 0.258969 0.000000 0.965886 2926.dat
1 0 -112.586600 -39.000100 -100.342600 0.965878 -0.000002 -0.258966 0.000001 1.000000 0.000000 0.258969 0.000000 0.965886 3023.dat
1 4 -109.996900 -47.000100 -110.001400 0.965878 -0.000002 -0.258966 0.000001 1.000000 0.000000 0.258969 0.000000 0.965886 3022.dat
1 6 -81.510490 -63.000040 -216.248900 0.965878 -0.000002 -0.258966 0.000001 1.000000 0.000000 0.258969 0.000000 0.965886 4493c04.dat
1 6 -59.113470 -34.000030 -106.711800 -0.258966 -0.000002 -0.965878 0.000000 1.000000 -0.000001 0.965886 0.000000 -0.258969 2470.dat
1 6 -155.701200 -34.000110 -132.608800 0.258965 -0.000002 0.965878 0.000000 1.000000 0.000001 -0.965886 0.000000 0.258969 2470.dat
1 0 -81.510380 -95.000240 -216.248900 -0.965878 -0.000002 0.258965 -0.000001 1.000000 0.000000 -0.258969 0.000000 -0.965886 3004.dat
1 4 -109.996900 -63.000100 -110.001400 0.965878 -0.000002 -0.258966 0.000001 1.000000 0.000000 0.258969 0.000000 0.965886 3680.dat
1 0 320.000000 -37.137060 -40.000000 0.981605 -0.190923 0.000000 0.190923 0.981605 0.000000 0.000000 0.000000 1.000000 3795.dat
1 0 357.736800 -21.647280 -40.000000 0.000000 -0.190923 -0.981605 0.000000 0.981604 -0.190923 1.000000 0.000000 0.000000 3176.dat
1 0 280.735800 -44.773980 -40.000000 0.000000 -0.190923 0.981605 0.000000 0.981604 0.190923 -1.000000 0.000000 0.000000 6157.dat
1 7 282.263200 -52.626810 -40.000000 0.000000 -0.190923 0.981605 0.000000 0.981604 0.190923 -1.000000 0.000000 0.000000 3022.dat
1 0 293.606600 -58.570420 -30.000000 0.000000 -0.190923 0.981605 0.000000 0.981604 0.190923 -1.000000 0.000000 0.000000 2555.dat
1 0 293.606600 -58.570420 -50.000000 0.000000 -0.190923 0.981605 0.000000 0.981604 0.190923 -1.000000 0.000000 0.000000 2555.dat
1 0 373.662400 -51.149330 -40.000000 0.000000 -0.190923 -0.981605 0.000000 0.981604 -0.190923 1.000000 0.000000 0.000000 4865a.dat
1 8 324.254200 -48.534460 -50.000000 0.000000 -0.190923 0.981605 0.000000 0.981604 0.190923 -1.000000 0.000000 0.000000 30141.dat
1 8 324.254200 -48.534460 -30.000000 0.000000 -0.190923 0.981605 0.000000 0.981604 0.190923 -1.000000 0.000000 0.000000 30141.dat
1 6 279.781200 -39.865960 -80.000000 0.981605 -0.190923 0.000000 0.190923 0.981604 0.000000 0.000000 0.000000 1.000000 2470.dat
1 6 279.781200 -39.865960 0.000000 -0.981605 -0.190923 0.000000 -0.190923 0.981604 0.000000 0.000000 0.000000 -1.000000 2470.dat
1 6 407.548600 -99.000000 73.441180 0.997397 0.000000 -0.069980 0.000000 1.000000 0.000000 0.069980 0.000000 0.997397 3629.dat
1 14 407.548600 -99.000000 73.441180 0.997397 0.000000 -0.069980 0.000000 1.000000 0.000000 0.069980 0.000000 0.997397 3626bpw2.dat
1 0 407.548600 -72.000000 73.441180 -0.754864 0.000000 -0.655882 0.000000 1.000000 0.000000 0.655882 0.000000 -0.754864 30133.dat
1 4 407.548600 -72.000000 73.441180 0.754864 0.000000 0.655882 0.000000 1.000000 0.000000 -0.655882 0.000000 0.754864 973pw6.dat
1 7 407.548600 -40.000000 73.441180 0.754864 0.000000 0.655882 0.000000 1.000000 0.000000 -0.655882 0.000000 0.754864 3815.dat
1 4 395.809000 -63.000000 83.641460 0.743541 -0.667155 0.034171 0.170000 0.238000 0.956000 -0.646043 -0.705327 0.290898 3818.dat
1 4 419.288300 -63.000000 63.240920 0.742786 -0.409990 0.526881 -0.170000 0.646000 0.743000 -0.645388 -0.642626 0.411238 3819.dat
1 14 379.068000 -69.278000 70.763820 0.743541 -0.447989 0.495663 0.170000 0.844000 0.507000 -0.646043 -0.292996 0.704636 3820.dat
1 14 410.014300 -59.438000 43.593180 0.742786 0.081660 0.662972 -0.170000 0.982000 0.069000 -0.645388 -0.163685 0.744729 3820.dat
1 7 407.548600 -28.000000 73.441180 0.754864 0.000000 0.655882 0.000000 1.000000 0.000000 -0.655882 0.000000 0.754864 3816.dat
1 7 407.548600 -28.000000 73.441180 0.754864 0.502405 0.421732 0.000000 0.643000 -0.766000 -0.655882 0.578226 0.485377 3817.dat
1 8 374.991400 -76.407000 64.196720 0.561652 -0.309313 0.767477 0.090000 0.944000 0.315000 -0.821840 -0.107473 0.558546 30132.dat
1 8 402.523700 -64.316000 36.261990 0.772759 0.245433 0.584442 -0.179000 0.968000 -0.171000 -0.607842 0.027853 0.793091 30132.dat
1 4 431.673400 -29.420890 -72.931740 -0.026038 0.999643 -0.005982 -0.105086 -0.008688 -0.994425 -0.994122 -0.025264 0.105275 64728.dat
1 6 439.893000 -98.126000 -40.000000 0.698000 0.156000 0.698000 -0.111000 0.988000 -0.111000 -0.707000 0.000000 0.707000 3629.dat
1 14 439.893000 -98.126000 -40.000000 0.698000 0.156000 0.698000 -0.111000 0.988000 -0.111000 -0.707000 0.000000 0.707000 3626bpw1.dat
1 0 444.117000 -71.458000 -40.000000 0.000000 0.156000 -0.988000 0.000000 0.988000 0.156000 1.000000 0.000000 0.000000 30133.dat
1 0 444.117000 -71.458000 -40.000000 0.000000 0.156000 0.988000 0.000000 0.988000 -0.156000 -1.000000 0.000000 0.000000 973pw5.dat
1 0 449.123000 -39.852000 -40.000000 0.000000 0.156000 0.988000 0.000000 0.988000 -0.156000 -1.000000 0.000000 0.000000 3815.dat
1 0 445.525000 -62.569000 -24.448000 0.027000 -0.921000 0.389000 0.168000 0.387000 0.906000 -0.985000 0.041000 0.165000 3818.dat
1 0 445.525000 -62.569000 -55.552000 -0.027000 0.512000 0.858000 -0.168000 0.843000 -0.509000 -0.985000 -0.158000 0.064000 3819.dat
1 0 424.097000 -65.531000 -20.257010 0.027000 -0.377000 0.926000 0.168000 0.914000 0.367000 -0.985000 0.146000 0.088000 3820.dat
1 0 446.146000 -42.359000 -64.288000 -0.027000 0.969000 0.244000 -0.168000 0.236000 -0.957000 -0.985000 -0.066000 0.156000 3820.dat
1 0 451.000000 -28.000000 -40.000000 0.000000 0.000000 1.000000 0.000000 1.000000 0.000000 -1.000000 0.000000 0.000000 3816.dat
1 0 451.000000 -28.000000 -40.000000 0.000000 0.848000 0.530000 -0.003000 0.530000 -0.848000 -1.000000 -0.002000 0.002000 3817.dat
1 8 415.444000 -71.379000 -21.487010 -0.235000 -0.133000 0.963000 0.128000 0.977000 0.166000 -0.963000 0.163000 -0.213000 30132.dat
1 7 20.000000 -96.018000 -48.975000 1.000000 0.000000 -0.018000 0.000000 1.000000 0.000000 0.017000 0.000000 1.000000 3629pw2.dat
1 14 20.000000 -96.018000 -48.975000 1.000000 0.000000 -0.018000 0.000000 1.000000 0.000000 0.017000 0.000000 1.000000 3626bp35.dat
1 8 20.000000 -72.017000 -48.975000 1.000000 0.000000 0.000000 0.000000 1.000000 0.000000 0.000000 0.000000 1.000000 973pw4.dat
1 0 20.000000 -40.017000 -48.975000 1.000000 0.000000 0.000000 0.000000 1.000000 0.000000 0.000000 0.000000 1.000000 3815.dat
1 8 4.448000 -63.017000 -48.975000 0.985000 -0.041000 -0.165000 0.170000 0.238000 0.956000 0.000000 -0.970000 0.242000 3818.dat
1 8 35.552000 -63.017000 -48.975000 0.985000 0.153000 0.074000 -0.170000 0.884000 0.432000 0.000000 -0.438000 0.898000 3819.dat
1 0 0.257000 -69.295000 -69.675990 0.985000 -0.146000 -0.088000 0.170000 0.844000 0.507000 0.000000 -0.515000 0.857000 3820.dat
1 0 42.762000 -51.751000 -66.467990 0.985000 0.160000 -0.055000 -0.170000 0.931000 -0.321000 0.000000 0.326000 0.945000 3820.dat
1 0 20.000000 -28.000000 -49.000000 1.000000 0.000000 0.000000 0.000000 1.000000 0.000000 0.000000 0.000000 1.000000 3816.dat
1 0 20.000000 -28.000000 -49.000000 1.000000 0.000000 0.000000 0.000000 1.000000 0.000000 0.000000 0.000000 1.000000 3817.dat
1 8 1.487000 -76.425000 -77.308000 0.963000 -0.163000 0.213000 0.090000 0.944000 0.315000 -0.252000 -0.284000 0.925000 30132.dat
1 6 -109.996000 -147.990400 -103.155900 0.997544 0.000000 -0.070038 -0.001190 0.999856 -0.016956 0.070028 0.016998 0.997400 3629.dat
1 14 -109.996000 -147.990500 -103.155900 0.997544 0.000000 -0.070038 -0.001190 0.999856 -0.016956 0.070028 0.016998 0.997400 3626bp62.dat
1 6 -109.996000 -123.993900 -102.747900 1.000000 0.000000 0.000000 0.000000 0.999856 -0.016998 0.000000 0.016998 0.999856 973pw7.dat
1 1 -109.996000 -91.998550 -102.204000 1.000000 0.000000 0.000000 0.000000 0.999856 -0.016998 0.000000 0.016998 0.999856 3815.dat
1 4 -125.570600 -115.088500 -102.597200 0.985415 -0.092209 -0.143018 0.170130 0.551386 0.816719 0.003549 -0.829139 0.559031 3818.dat
1 4 -94.524230 -115.119600 -102.596700 0.985319 0.125161 0.116113 -0.170707 0.732409 0.659118 -0.002546 -0.669263 0.743022 3819.dat
1 14 -130.890900 -113.221700 -123.679300 0.993512 0.107904 -0.035927 -0.099349 0.977205 0.187619 0.055353 -0.182833 0.981585 3820.dat
1 14 -88.380710 -108.648600 -122.755600 0.991986 -0.126183 -0.006398 0.125687 0.990715 -0.051824 0.012878 0.050605 0.998636 3820.dat
1 1 -109.996000 -80.000270 -102.000000 1.000000 0.000000 0.000000 0.000000 0.000000 1.000000 0.000000 -1.000000 0.000000 3816.dat
1 1 -109.996200 -79.982260 -101.991000 1.000000 0.000000 0.000000 0.000000 -0.001000 1.000000 0.000000 -1.000000 -0.001000 3817.dat
1 8 -132.759500 -128.314200 -144.162100 0.991287 -0.063592 0.115354 -0.088956 0.322668 0.942323 -0.097145 -0.944374 0.314200 30141.dat
1 0 -87.577280 -113.782600 -134.537000 0.992268 -0.123828 -0.008417 0.115625 0.946920 -0.299955 0.045113 0.296662 0.953916 2488.dat
