0 6799-ShowdownCanyon.ldr
0 Name: 6799 - Showdown Canyon
0 Author: Willy Tschager [Holly Wood]
0 Theme: Explorers
0 CustomBrick

1 7 -109.996100 -63.000100 -110.000000 -0.999993 -0.000002 0.000000 -0.000001 1.000000 0.000000 0.000000 0.000000 -1.000000 3679.dat
1 0 -94.458800 -71.000260 -167.954600 -0.965878 -0.000002 0.258966 -0.000001 1.000000 0.000000 -0.258969 0.000000 -0.965886 2397.dat
1 0 -109.996100 -71.000260 -70.000000 0.000000 -0.000002 0.999993 0.000000 1.000000 0.000001 -1.000000 0.000000 0.000000 3032.dat
1 4 -139.995800 -79.000300 -70.000000 0.000000 -0.000002 0.999993 0.000000 1.000000 0.000001 -1.000000 0.000000 0.000000 3666.dat
1 4 -79.996270 -79.000240 -70.000000 0.000000 -0.000002 0.999993 0.000000 1.000000 0.000001 -1.000000 0.000000 0.000000 3666.dat
1 0 -109.996100 -63.000110 -20.000000 -0.999993 -0.000002 0.000000 -0.000001 1.000000 0.000000 0.000000 0.000000 -1.000000 4623.dat
1 0 -79.996630 -63.000040 -20.000000 -0.999993 -0.000002 0.000000 -0.000001 1.000000 0.000000 0.000000 0.000000 -1.000000 4085b.dat
1 0 -139.996500 -63.000120 -20.000000 -0.999993 -0.000002 0.000000 -0.000001 1.000000 0.000000 0.000000 0.000000 -1.000000 4085b.dat
1 0 -109.996100 -47.000110 -20.000000 -0.999993 -0.000002 0.000000 -0.000001 1.000000 0.000000 0.000000 0.000000 -1.000000 2926.dat
1 4 -109.996100 -55.000110 -20.000000 -0.999993 -0.000002 0.000000 -0.000001 1.000000 0.000000 0.000000 0.000000 -1.000000 3710.dat
1 4 -109.996100 -79.000260 -80.000000 -0.999993 -0.000002 0.000000 -0.000001 1.000000 0.000000 0.000000 0.000000 -1.000000 3023.dat
1 4 -109.996100 -79.000260 -30.000000 -0.999993 -0.000002 0.000000 -0.000001 1.000000 0.000000 0.000000 0.000000 -1.000000 3068b.dat
1 4 -109.996100 -95.000260 -60.000000 -0.999993 -0.000002 0.000000 -0.000001 1.000000 0.000000 0.000000 0.000000 -1.000000 4865a.dat
1 0 -139.995800 -87.000300 -120.000000 -0.999993 -0.000002 0.000000 -0.000001 1.000000 0.000000 0.000000 0.000000 -1.000000 6141.dat
1 0 -79.996270 -87.000240 -120.000000 -0.999993 -0.000002 0.000000 -0.000001 1.000000 0.000000 0.000000 0.000000 -1.000000 6141.dat
1 0 -79.996150 -103.000200 -60.000000 0.999993 -0.000002 0.000000 0.000001 1.000000 0.000000 0.000000 0.000000 1.000000 4286.dat
1 0 -139.995800 -103.000300 -60.000000 0.999993 -0.000002 0.000000 0.000001 1.000000 0.000000 0.000000 0.000000 1.000000 4286.dat
1 0 -79.996150 -103.000200 -40.000000 -0.999993 -0.000002 0.000000 -0.000001 1.000000 0.000000 0.000000 0.000000 -1.000000 3040b.dat
1 0 -139.995800 -103.000300 -40.000000 -0.999993 -0.000002 0.000000 -0.000001 1.000000 0.000000 0.000000 0.000000 -1.000000 3040b.dat
1 4 -79.996140 -111.000200 -50.000000 0.000000 -0.000002 0.999993 0.000000 1.000000 0.000001 -1.000000 0.000000 0.000000 3023.dat
1 4 -139.995500 -111.000300 -50.000000 0.000000 -0.000002 0.999993 0.000000 1.000000 0.000001 -1.000000 0.000000 0.000000 3023.dat
1 0 -109.996000 -127.000300 -46.000000 -0.999993 -0.000002 0.000000 -0.000001 1.000000 0.000000 0.000000 0.000000 -1.000000 4345b.dat
1 2 -105.996100 -95.000260 -42.000000 0.000000 -0.000002 0.999993 0.000000 1.000000 0.000001 -1.000000 0.000000 0.000000 3069bpw2.dat
1 2 -112.996100 -103.000300 -42.000000 0.000000 -0.000002 0.999993 0.000000 1.000000 0.000001 -1.000000 0.000000 0.000000 3069bpw2.dat
1 2 -109.996000 -127.000300 -46.000000 -0.999993 -0.000002 0.000000 -0.000001 1.000000 0.000000 0.000000 0.000000 -1.000000 4346pw01.dat
1 6 -59.996580 -42.000040 -20.000000 0.000000 -0.000002 -0.999993 0.000000 1.000000 -0.000001 1.000000 0.000000 0.000000 2470.dat
1 6 -159.995700 -42.000120 -20.000000 0.000000 -0.000002 0.999993 0.000000 1.000000 0.000001 -1.000000 0.000000 0.000000 2470.dat
1 0 -107.407300 -39.000100 -119.660300 0.965878 -0.000002 -0.258966 0.000001 1.000000 0.000000 0.258969 0.000000 0.965886 2926.dat
1 0 -112.586600 -39.000100 -100.342600 0.965878 -0.000002 -0.258966 0.000001 1.000000 0.000000 0.258969 0.000000 0.965886 3023.dat
1 4 -109.996900 -47.000100 -110.001400 0.965878 -0.000002 -0.258966 0.000001 1.000000 0.000000 0.258969 0.000000 0.965886 3022.dat
1 6 -81.510490 -63.000040 -216.248900 0.965878 -0.000002 -0.258966 0.000001 1.000000 0.000000 0.258969 0.000000 0.965886 4493c04.dat
1 6 -59.113470 -34.000030 -106.711800 -0.258966 -0.000002 -0.965878 0.000000 1.000000 -0.000001 0.965886 0.000000 -0.258969 2470.dat
1 6 -155.701200 -34.000110 -132.608800 0.258965 -0.000002 0.965878 0.000000 1.000000 0.000001 -0.965886 0.000000 0.258969 2470.dat
1 0 -81.510380 -95.000240 -216.248900 -0.965878 -0.000002 0.258965 -0.000001 1.000000 0.000000 -0.258969 0.000000 -0.965886 3004.dat
1 4 -109.996900 -63.000100 -110.001400 0.965878 -0.000002 -0.258966 0.000001 1.000000 0.000000 0.258969 0.000000 0.965886 3680.dat
1 0 337.446000 -53.556280 -50.000000 0.981605 -0.190923 0.000000 0.190923 0.981605 0.000000 0.000000 0.000000 1.000000 3795.dat
1 0 375.182800 -38.066510 -50.000000 0.000000 -0.190923 -0.981605 0.000000 0.981605 -0.190923 1.000000 0.000000 0.000000 3176.dat
1 0 298.181800 -61.193210 -50.000000 0.000000 -0.190923 0.981605 0.000000 0.981605 0.190923 -1.000000 0.000000 0.000000 6157.dat
1 7 299.709200 -69.046040 -50.000000 0.000000 -0.190923 0.981605 0.000000 0.981605 0.190923 -1.000000 0.000000 0.000000 3022.dat
1 0 311.052600 -74.989650 -40.000000 0.000000 -0.190923 0.981605 0.000000 0.981605 0.190923 -1.000000 0.000000 0.000000 2555.dat
1 0 311.052600 -74.989650 -60.000000 0.000000 -0.190923 0.981605 0.000000 0.981605 0.190923 -1.000000 0.000000 0.000000 2555.dat
1 0 391.108400 -67.568640 -50.000000 0.000000 -0.190923 -0.981605 0.000000 0.981605 -0.190923 1.000000 0.000000 0.000000 4865a.dat
1 8 341.700300 -64.953690 -60.000000 0.000000 -0.190923 0.981605 0.000000 0.981605 0.190923 -1.000000 0.000000 0.000000 30141.dat
1 8 341.700300 -64.953690 -40.000000 0.000000 -0.190923 0.981605 0.000000 0.981605 0.190923 -1.000000 0.000000 0.000000 30141.dat
1 6 297.227200 -56.285180 -90.000000 0.981605 -0.190923 0.000000 0.190923 0.981605 0.000000 0.000000 0.000000 1.000000 2470.dat
1 6 297.227200 -56.285180 -10.000000 -0.981605 -0.190923 0.000000 -0.190923 0.981605 0.000000 0.000000 0.000000 -1.000000 2470.dat
