0 7305-AttackOfTheScarab.ldr
0 Name: 7305 - Attack of the Scarab
0 Author: Stan Isachenko [angmarec]
0 Theme: Explorers
0 CustomBrick

1 0 167.180000 -24.000000 67.175000 0.707000 0.000000 -0.707000 0.000000 1.000000 0.000000 0.707000 0.000000 0.707000 30033.dat
1 19 167.180000 -32.000000 67.175000 0.707000 0.000000 -0.707000 0.000000 1.000000 0.000000 0.707000 0.000000 0.707000 4032a.dat
1 0 153.040000 -40.000000 67.175000 0.707000 0.000000 -0.707000 0.000000 1.000000 0.000000 0.707000 0.000000 0.707000 2420.dat
1 0 167.180000 -40.000000 53.035000 0.707000 0.000000 0.707000 0.000000 1.000000 0.000000 -0.707000 0.000000 0.707000 2420.dat
1 19 174.250000 -48.000000 74.245000 0.707000 0.000000 0.707000 0.000000 1.000000 0.000000 -0.707000 0.000000 0.707000 3023.dat
1 272 195.460000 -56.000000 95.454990 -0.707000 0.000000 -0.707000 0.000000 1.000000 0.000000 0.707000 0.000000 -0.707000 47753pq1.dat
1 272 160.110000 -64.000000 60.105000 0.707000 0.000000 0.707000 0.000000 1.000000 0.000000 -0.707000 0.000000 0.707000 47759pq1.dat
1 71 167.180000 -16.000000 67.175000 0.707000 0.000000 -0.707000 0.000000 1.000000 0.000000 0.707000 0.000000 0.707000 2654.dat
1 0 127.938000 -28.697930 27.933030 0.564636 0.425483 0.707000 0.601815 -0.798636 0.000000 0.564636 0.425483 -0.707000 4733.dat
1 71 145.970000 -22.000000 45.965000 -0.425483 -0.564636 -0.707000 0.798636 -0.601815 0.000000 -0.425483 -0.564636 0.707000 48729.dat
1 0 124.534200 -22.308850 24.529180 0.707000 0.425483 -0.564636 0.000000 -0.798636 -0.601815 -0.707000 0.425483 -0.564636 2555.dat
1 297 144.918900 -36.684300 19.461900 0.425483 -0.707000 -0.564636 -0.798636 0.000000 -0.601815 0.425483 0.707000 -0.564636 4073.dat
1 297 119.466900 -36.684300 44.913900 0.425483 0.707000 0.564636 -0.798636 0.000000 0.601815 0.425483 -0.707000 0.564636 4073.dat
1 0 124.288000 -45.109700 24.283000 0.707000 0.564636 0.425483 0.000000 0.601815 -0.798636 -0.707000 0.564636 0.425483 87747.dat
1 71 167.180000 -22.000000 37.179530 0.000000 0.000001 -0.999849 1.000000 0.000000 0.000000 0.000000 -0.999849 -0.000001 48729.dat
1 71 188.390000 -22.000000 45.965000 0.000000 0.707000 0.707000 -1.000000 0.000000 0.000000 0.000000 -0.707000 0.707000 48729.dat
1 71 197.175500 -22.000000 67.175000 0.000000 0.999849 0.000001 -1.000000 0.000000 0.000000 0.000000 -0.000001 0.999849 48729.dat
1 71 145.542300 -22.000000 87.957260 0.000000 -0.707000 -0.707000 -1.000000 0.000000 0.000000 0.000000 0.707000 -0.707000 48729.dat
1 71 137.184500 -22.000000 67.175000 0.000000 -0.999849 -0.000001 -1.000000 0.000000 0.000000 0.000000 0.000001 -0.999849 48729.dat
1 71 167.180000 -22.000000 97.170470 0.000000 0.000001 -0.999849 -1.000000 0.000000 0.000000 0.000000 0.999849 0.000001 48729.dat
1 0 167.180100 -4.000000 -13.212810 0.000000 0.000000 0.999849 0.000000 -1.000000 0.000000 0.999848 0.000000 0.000001 53989.dat
1 0 224.022800 -4.000000 10.332190 -0.707000 0.000000 0.707000 0.000000 -1.000000 0.000000 0.707000 0.000000 0.707000 53989.dat
1 0 247.852100 -4.000000 68.003320 -0.999849 0.000000 0.000000 0.000000 -1.000000 0.000000 0.000000 0.000000 0.999849 53989.dat
1 0 110.248900 -4.000000 123.390500 0.707000 0.000000 -0.707000 0.000000 -1.000000 0.000000 -0.707000 0.000000 -0.707000 53989.dat
1 0 87.005340 -4.000000 67.133420 0.999849 0.000000 -0.000001 0.000000 -1.000000 0.000000 -0.000001 0.000000 -0.999849 53989.dat
1 0 167.180000 -4.000000 147.562900 -0.000001 0.000000 -0.999849 0.000000 -1.000000 0.000000 -0.999849 0.000000 0.000001 53989.dat
1 70 -7.071000 -8.000000 4.858000 0.707107 0.000000 -0.707107 0.000000 1.000000 0.000000 0.707107 0.000000 0.707107 3021.dat
1 70 0.000070 -16.000000 -2.213070 -0.707107 0.000000 -0.707107 0.000000 1.000000 0.000000 0.707107 0.000000 -0.707107 3623.dat
1 28 42.426490 -8.000000 -16.355210 0.707107 0.000000 0.707107 0.000000 1.000000 0.000000 -0.707107 0.000000 0.707107 2450.dat
1 19 42.426490 -32.000000 -2.213070 0.707107 0.000000 0.707107 0.000000 1.000000 0.000000 -0.707107 0.000000 0.707107 3003.dat
1 0 -14.142070 -24.000000 11.929070 0.707107 0.000000 -0.707107 0.000000 1.000000 0.000000 0.707107 0.000000 0.707107 2555.dat
1 4 56.568630 -56.000000 -2.213070 -0.382684 0.000000 0.923879 0.000000 1.000000 0.000000 -0.923879 0.000000 -0.382684 3899.dat
1 38 -15.556280 -30.000000 13.343280 0.000000 -0.707107 -0.707107 -1.000000 0.000000 0.000000 0.000000 0.707107 -0.707107 64647.dat
1 0 28.284350 -40.000000 -2.213070 0.000000 0.000000 0.999849 0.000000 1.000000 0.000000 -0.999849 0.000000 0.000000 2555.dat
1 484 8.284540 -35.500000 -2.213070 0.000000 0.224860 0.974394 0.000000 0.974000 -0.225000 -0.999849 0.000000 0.000000 33057.dat
1 70 -18.255000 -8.000000 97.465000 -0.707000 0.000000 0.707000 0.000000 1.000000 0.000000 -0.707000 0.000000 -0.707000 61780.dat
1 297 -18.962000 -16.000000 99.586000 0.707000 0.000000 -0.707000 0.000000 1.000000 0.000000 0.707000 0.000000 0.707000 30385.dat
1 72 -2.701000 -37.000000 79.083000 0.696259 -0.707000 0.122769 -0.173648 0.000000 0.984808 -0.696259 -0.707000 -0.122769 30141.dat
