0 7306-GoldenStaffGuardian.ldr
0 Name: 7306 - Golden Staff Guardian
0 Author: Christian Neumann [Wesley]
0 Theme: Explorers
0 CustomBrick

1 19 0.000000 0.000000 0.000000 0.000000 0.000000 1.000000 0.000000 1.000000 0.000000 -1.000000 0.000000 0.000000 3035.dat
1 28 -30.000000 -24.000000 -70.000000 0.000000 0.000000 -1.000000 0.000000 1.000000 0.000000 1.000000 0.000000 0.000000 3040b.dat
1 19 -30.000000 -24.000000 0.000000 0.000000 0.000000 -1.000000 0.000000 1.000000 0.000000 1.000000 0.000000 0.000000 3009.dat
1 19 -10.000000 -24.000000 0.000000 0.000000 0.000000 -1.000000 0.000000 1.000000 0.000000 1.000000 0.000000 0.000000 3009.dat
1 2 -30.000000 -24.000000 70.000000 0.642800 0.000000 -0.766000 0.000000 1.000000 0.000000 0.766000 0.000000 0.642800 30176.dat
1 72 10.000000 -24.000000 -50.000000 0.000000 0.000000 -1.000000 0.000000 1.000000 0.000000 1.000000 0.000000 0.000000 3046.dat
1 72 10.000000 -24.000000 50.000000 1.000000 0.000000 0.000000 0.000000 1.000000 0.000000 0.000000 0.000000 1.000000 3046.dat
1 72 10.000000 -24.000000 0.000000 0.000000 0.000000 -1.000000 0.000000 1.000000 0.000000 1.000000 0.000000 0.000000 3298.dat
1 19 60.000000 0.000000 0.000000 0.000000 0.000000 -1.000000 0.000000 1.000000 0.000000 1.000000 0.000000 0.000000 3020.dat
1 28 -30.000000 -48.000000 -50.000000 1.000000 0.000000 0.000000 0.000000 1.000000 0.000000 0.000000 0.000000 1.000000 3040b.dat
1 28 -30.000000 -48.000000 50.000000 -1.000000 0.000000 0.000000 0.000000 1.000000 0.000000 0.000000 0.000000 -1.000000 3040b.dat
1 272 -10.000000 -24.000000 50.000000 -1.000000 0.000000 0.000000 0.000000 1.000000 0.000000 0.000000 0.000000 -1.000000 50746.dat
1 272 -10.000000 -24.000000 -50.000000 1.000000 0.000000 0.000000 0.000000 1.000000 0.000000 0.000000 0.000000 1.000000 50746.dat
1 19 -30.000000 -48.000000 -30.000000 1.000000 0.000000 0.000000 0.000000 1.000000 0.000000 0.000000 0.000000 1.000000 2357.dat
1 19 -30.000000 -48.000000 30.000000 0.000000 0.000000 1.000000 0.000000 1.000000 0.000000 -1.000000 0.000000 0.000000 2357.dat
1 72 0.000000 -48.000000 0.000000 0.000000 0.000000 1.000000 0.000000 1.000000 0.000000 -1.000000 0.000000 0.000000 6143.dat
1 272 10.000000 -48.000000 -30.000000 0.000000 0.000000 1.000000 0.000000 1.000000 0.000000 -1.000000 0.000000 0.000000 3062b.dat
1 272 10.000000 -48.000000 30.000000 0.000000 0.000000 1.000000 0.000000 1.000000 0.000000 -1.000000 0.000000 0.000000 3062b.dat
1 19 -30.000000 -72.000000 0.000000 0.000000 0.000000 1.000000 0.000000 1.000000 0.000000 -1.000000 0.000000 0.000000 3009.dat
1 272 0.000000 -56.000000 0.000000 0.000000 0.000000 1.000000 0.000000 1.000000 0.000000 -1.000000 0.000000 0.000000 87580.dat
1 28 -10.000000 -72.000000 30.000000 0.000000 0.000000 -1.000000 0.000000 1.000000 0.000000 1.000000 0.000000 0.000000 3040b.dat
1 28 -10.000000 -72.000000 -30.000000 0.000000 0.000000 -1.000000 0.000000 1.000000 0.000000 1.000000 0.000000 0.000000 3040b.dat
1 19 -30.000000 -96.000000 0.000000 0.000000 0.000000 -1.000000 0.000000 1.000000 0.000000 1.000000 0.000000 0.000000 30136.dat
1 297 -10.000000 -80.000000 -30.000000 0.000000 0.000000 -1.000000 0.000000 1.000000 0.000000 1.000000 0.000000 0.000000 6141.dat
1 297 -10.000000 -80.000000 30.000000 0.000000 0.000000 -1.000000 0.000000 1.000000 0.000000 1.000000 0.000000 0.000000 6141.dat
1 0 -30.000000 -120.000000 0.000000 0.000000 0.000000 -1.000000 0.000000 1.000000 0.000000 1.000000 0.000000 0.000000 3700.dat
1 19 -30.000000 -144.000000 0.000000 0.000000 0.000000 -1.000000 0.000000 1.000000 0.000000 1.000000 0.000000 0.000000 30136.dat
1 19 -30.000000 -144.000000 -30.000000 1.000000 0.000000 0.000000 0.000000 1.000000 0.000000 0.000000 0.000000 1.000000 4460a.dat
1 19 -30.000000 -144.000000 30.000000 -1.000000 0.000000 0.000000 0.000000 1.000000 0.000000 0.000000 0.000000 -1.000000 4460a.dat
1 28 -30.000000 -168.000000 -10.000000 1.000000 0.000000 0.000000 0.000000 1.000000 0.000000 0.000000 0.000000 1.000000 3040b.dat
1 28 -30.000000 -168.000000 10.000000 -1.000000 0.000000 0.000000 0.000000 1.000000 0.000000 0.000000 0.000000 -1.000000 3040b.dat
1 484 -30.000000 -176.000000 0.000000 0.000000 0.000000 1.000000 0.000000 1.000000 0.000000 -1.000000 0.000000 0.000000 3023.dat
1 272 -30.000000 -200.000000 0.000000 1.000000 0.000000 0.000000 0.000000 1.000000 0.000000 0.000000 0.000000 1.000000 3044b.dat
1 28 -50.000000 -110.000000 0.000000 1.000000 0.000000 0.000000 0.000000 1.000000 0.000000 0.000000 0.000000 1.000000 6587.dat
1 297 -12.000000 -110.000000 0.000000 0.000000 -1.000000 0.000000 1.000000 0.000000 0.000000 0.000000 0.000000 1.000000 6141.dat
1 297 0.000000 -159.000000 0.000000 -1.000000 0.000000 0.000000 0.000000 1.000000 0.000000 0.000000 0.000000 -1.000000 93252.dat
1 320 273.400800 -73.000000 105.401000 0.707107 0.707107 0.000000 0.000000 0.000000 -1.000000 -0.707107 0.707107 0.000000 3023.dat
1 47 274.815000 -73.000000 92.673080 0.707107 0.707107 0.000000 0.000000 0.000000 -1.000000 -0.707107 0.707107 0.000000 6141.dat
1 47 260.672800 -73.000000 106.815200 0.707107 0.707107 0.000000 0.000000 0.000000 -1.000000 -0.707107 0.707107 0.000000 6141.dat
1 72 348.000000 -65.000000 180.000000 0.707100 0.000000 -0.707100 0.000000 1.000000 0.000000 0.707100 0.000000 0.707100 60478.dat
1 72 375.378800 -44.890200 207.378800 0.707100 -0.664462 0.241828 0.000000 0.342000 0.939700 -0.707100 -0.664462 0.241828 61252.dat
1 0 340.929000 -73.000000 172.929000 0.707100 0.000000 -0.707100 0.000000 1.000000 0.000000 0.707100 0.000000 0.707100 4085b.dat
1 0 355.071000 -73.000000 187.071000 -0.707100 0.000000 0.707100 0.000000 1.000000 0.000000 -0.707100 0.000000 -0.707100 4085b.dat
1 36 380.694400 -47.626300 212.694400 -0.241828 -0.664462 0.707100 -0.939700 0.342000 0.000000 -0.241828 -0.664462 -0.707100 6141.dat
1 72 362.142000 -95.000000 165.858000 0.707100 0.707100 0.000000 0.000000 0.000000 -1.000000 -0.707100 0.707100 0.000000 30141.dat
1 4 335.272200 -93.000000 206.869800 0.707100 0.000000 -0.707100 0.000000 1.000000 0.000000 0.707100 0.000000 0.707100 64728.dat
1 71 274.815200 -19.200000 106.815200 0.707100 0.000000 0.707100 0.000000 1.000000 0.000000 0.707100 0.000000 -0.707100 50862.dat
1 256 274.815200 -19.200000 106.815200 0.707100 0.000000 0.707100 0.000000 1.000000 0.000000 0.707100 0.000000 -0.707100 50861.dat
1 71 350.474900 -19.200000 182.474900 0.707100 0.000000 0.707100 0.000000 1.000000 0.000000 0.707100 0.000000 -0.707100 50862.dat
1 256 350.474900 -19.200000 182.474900 0.707100 0.000000 0.707100 0.000000 1.000000 0.000000 0.707100 0.000000 -0.707100 50861.dat
1 0 305.574300 -15.200000 137.574300 0.707107 0.000000 0.707107 0.000000 1.000000 0.000000 -0.707107 0.000000 0.707107 50859b.dat
1 71 348.000500 -57.000000 180.000800 0.707107 0.000000 0.707107 0.000000 1.000000 0.000000 -0.707107 0.000000 0.707107 85983.dat
