0 7307-DuelInTheAir.ldr
0 Name: 7307 - Duel in the Air
0 Author: Stan Isachenko [angmarec]
0 Theme: Explorers
0 CustomBrick

1 71 378.128300 -347.784300 -293.254600 -0.667356 0.458800 -0.586641 0.575491 0.817662 -0.015188 0.472702 -0.347736 -0.809716 32269.dat
1 14 409.055800 -346.984300 -250.567400 -0.458800 -0.586641 0.667356 -0.817663 -0.015188 -0.575491 0.347736 -0.809716 -0.472702 30367c.dat
1 297 0.000000 -448.000000 30.000000 1.000000 0.000000 0.000000 0.000000 1.000000 0.000000 0.000000 0.000000 1.000000 15571.dat
1 297 30.000000 -448.000000 0.000000 0.000000 0.000000 1.000000 0.000000 1.000000 0.000000 -1.000000 0.000000 0.000000 15571.dat
1 297 0.000000 -448.000000 -30.000000 -1.000000 0.000000 0.000000 0.000000 1.000000 0.000000 0.000000 0.000000 -1.000000 15571.dat
1 297 -30.000000 -448.000000 0.000000 0.000000 0.000000 -1.000000 0.000000 1.000000 0.000000 1.000000 0.000000 0.000000 15571.dat
1 0 347.775600 -309.892700 -382.237300 -0.586641 0.458800 0.667356 -0.015188 0.817663 -0.575491 -0.809716 -0.347736 -0.472702 4459.dat
1 0 306.430500 -402.535200 -306.665200 -0.667356 -0.458800 0.586641 0.575491 -0.817663 0.015188 0.472701 0.347736 0.809716 3959.dat
1 0 319.718900 -414.047100 -316.200800 -0.667356 -0.458800 0.586641 0.575491 -0.817663 0.015188 0.472702 0.347736 0.809716 3959.dat
1 28 0.000000 -8.000000 0.000000 1.000000 0.000000 0.000000 0.000000 1.000000 0.000000 0.000000 0.000000 1.000000 3958.dat
1 28 -30.000000 -80.000000 0.000000 0.000000 0.000000 1.000000 0.000000 1.000000 0.000000 -1.000000 0.000000 0.000000 3684.dat
1 28 0.000000 -80.000000 -30.000000 1.000000 0.000000 0.000000 0.000000 1.000000 0.000000 0.000000 0.000000 1.000000 3684.dat
1 28 30.000000 -80.000000 0.000000 0.000000 0.000000 -1.000000 0.000000 1.000000 0.000000 1.000000 0.000000 0.000000 3684.dat
1 28 0.000000 -80.000000 30.000000 -1.000000 0.000000 0.000000 0.000000 1.000000 0.000000 0.000000 0.000000 -1.000000 3684.dat
1 72 0.000000 -88.000000 0.000000 -1.000000 0.000000 0.000000 0.000000 1.000000 0.000000 0.000000 0.000000 -1.000000 60474.dat
1 2 -29.999680 -32.000720 -29.998820 -0.707107 0.000000 0.707107 0.000000 0.999997 -0.000001 -0.707107 0.000000 -0.707104 30176.dat
1 2 30.000000 -32.000000 30.000000 0.707107 0.000000 -0.707107 0.000000 1.000000 0.000000 0.707107 0.000000 0.707107 30176.dat
1 272 0.000000 -112.000000 0.000000 -1.000000 0.000000 0.000000 0.000000 1.000000 0.000000 0.000000 0.000000 -1.000000 3003.dat
1 484 0.000000 -120.000000 0.000000 -1.000000 0.000000 0.000000 0.000000 1.000000 0.000000 0.000000 0.000000 -1.000000 3022.dat
1 19 -10.000000 -240.000000 0.000000 0.000000 0.000000 1.000000 0.000000 1.000000 0.000000 -1.000000 0.000000 0.000000 2454.dat
1 484 0.000000 -248.000000 0.000000 -1.000000 0.000000 0.000000 0.000000 1.000000 0.000000 0.000000 0.000000 -1.000000 3022.dat
1 19 -10.000000 -368.000000 0.000000 0.000000 0.000000 1.000000 0.000000 1.000000 0.000000 -1.000000 0.000000 0.000000 2454.dat
1 272 0.000000 -392.000000 0.000000 -1.000000 0.000000 0.000000 0.000000 1.000000 0.000000 0.000000 0.000000 -1.000000 3003.dat
1 484 0.000000 -400.000000 0.000000 -1.000000 0.000000 0.000000 0.000000 1.000000 0.000000 0.000000 0.000000 -1.000000 3022.dat
1 72 -10.000000 -424.000000 10.000000 -1.000000 0.000000 0.000000 0.000000 1.000000 0.000000 0.000000 0.000000 -1.000000 3676.dat
1 72 10.000000 -424.000000 -10.000000 1.000000 0.000000 0.000000 0.000000 1.000000 0.000000 0.000000 0.000000 1.000000 3676.dat
1 72 -10.000000 -424.000000 -10.000000 0.000000 0.000000 1.000000 0.000000 1.000000 0.000000 -1.000000 0.000000 0.000000 3676.dat
1 72 10.000000 -424.000000 10.000000 0.000000 0.000000 -1.000000 0.000000 1.000000 0.000000 1.000000 0.000000 0.000000 3676.dat
1 297 0.000000 -432.000000 0.000000 0.000000 0.000000 -1.000000 0.000000 1.000000 0.000000 1.000000 0.000000 0.000000 4150.dat
1 272 0.000000 -440.000000 0.000000 -1.000000 0.000000 0.000000 0.000000 1.000000 0.000000 0.000000 0.000000 -1.000000 87580.dat
1 43 0.000000 -446.000000 0.000000 -1.000000 0.000000 0.000000 0.000000 1.000000 0.000000 0.000000 0.000000 -1.000000 30153.dat
1 19 10.000000 -240.000000 0.000000 0.000000 0.000000 1.000000 0.000000 1.000000 0.000000 -1.000000 0.000000 0.000000 2454.dat
1 19 10.000000 -368.000000 0.000000 0.000000 0.000000 1.000000 0.000000 1.000000 0.000000 -1.000000 0.000000 0.000000 2454.dat
1 320 206.098600 -366.627600 -513.183200 -0.667356 0.458800 -0.586641 0.575491 0.817663 -0.015188 0.472702 -0.347736 -0.809716 6239.dat
1 71 327.784300 -324.914600 -392.172900 -0.586641 0.458800 0.667356 -0.015188 0.817663 -0.575491 -0.809716 -0.347736 -0.472702 3034.dat
1 0 365.178600 -330.392400 -332.710400 0.667356 0.458800 0.586641 -0.575491 0.817663 0.015188 -0.472702 -0.347736 0.809716 3023.dat
1 0 347.579400 -330.848200 -357.002100 0.667356 0.458800 0.586641 -0.575491 0.817663 0.015188 -0.472702 -0.347736 0.809716 3832.dat
1 0 329.980300 -331.304200 -381.294100 0.667356 0.458800 0.586641 -0.575491 0.817663 0.015188 -0.472702 -0.347736 0.809716 3023.dat
1 71 291.994900 -278.419400 -330.065100 0.586641 0.458800 -0.667356 0.015188 0.817663 0.575491 0.809716 -0.347736 0.472702 3021.dat
1 71 398.771900 -370.498500 -405.697700 0.586641 0.458800 -0.667356 0.015188 0.817663 0.575491 0.809716 -0.347736 0.472702 3021.dat
1 0 276.591800 -285.264600 -343.477400 0.667356 0.458800 0.586641 -0.575491 0.817663 0.015188 -0.472702 -0.347736 0.809716 3023.dat
1 0 383.368800 -377.343600 -419.110100 0.667356 0.458800 0.586641 -0.575491 0.817663 0.015188 -0.472702 -0.347736 0.809716 3023.dat
1 320 370.603300 -360.409400 -373.128500 0.667356 0.458800 0.586641 -0.575491 0.817663 0.015188 -0.472702 -0.347736 0.809716 3031.dat
1 320 317.214600 -314.369900 -335.312300 0.667356 0.458800 0.586641 -0.575491 0.817663 0.015188 -0.472702 -0.347736 0.809716 3031.dat
1 320 423.991900 -406.448800 -410.944700 0.586641 0.458800 -0.667356 0.015188 0.817663 0.575491 0.809716 -0.347736 0.472702 30565.dat
1 320 263.826900 -268.331900 -297.497100 -0.667356 0.458802 -0.586633 0.575492 0.817666 -0.015189 0.472701 -0.347739 -0.809711 30565.dat
1 14 350.497300 -356.557600 -321.582900 -0.667356 0.458800 -0.586641 0.575491 0.817663 -0.015188 0.472702 -0.347736 -0.809716 32064a.dat
1 0 320.217800 -326.665800 -337.257100 -0.586641 0.458800 0.667356 -0.015188 0.817663 -0.575491 -0.809716 -0.347736 -0.472702 3710.dat
1 0 360.259200 -361.195900 -365.619800 -0.586641 0.458800 0.667356 -0.015188 0.817663 -0.575491 -0.809716 -0.347736 -0.472702 3710.dat
1 71 305.256700 -303.342600 -302.155000 -0.667356 0.458800 -0.586641 0.575491 0.817663 -0.015188 0.472702 -0.347736 -0.809716 3021.dat
1 71 398.686500 -383.911700 -368.333300 -0.667356 0.458800 -0.586641 0.575491 0.817663 -0.015188 0.472702 -0.347736 -0.809716 3021.dat
1 0 334.372300 -344.082600 -359.535500 0.667356 0.458800 0.586641 -0.575491 0.817663 0.015188 -0.472702 -0.347736 0.809716 3023.dat
1 15 330.701900 -350.623900 -356.753600 -0.667356 0.458800 -0.586641 0.575491 0.817663 -0.015188 0.472702 -0.347736 -0.809716 32028.dat
1 0 327.031400 -357.165200 -353.971700 0.667356 0.458800 0.586641 -0.575491 0.817663 0.015188 -0.472702 -0.347736 0.809716 3023.dat
1 14 315.298600 -357.469400 -370.166500 -0.667356 0.458800 -0.586641 0.575491 0.817663 -0.015188 0.472702 -0.347736 -0.809716 32064a.dat
1 0 305.040400 -344.842400 -400.021600 -0.586641 0.458800 0.667356 -0.015188 0.817663 -0.575491 -0.809716 -0.347736 -0.472702 4871.dat
1 0 281.574200 -345.450000 -432.410500 0.667356 0.458800 0.586641 -0.575491 0.817663 0.015188 -0.472702 -0.347736 0.809716 43713.dat
1 72 293.147600 -333.697800 -366.913500 0.586641 0.458800 -0.667356 0.015188 0.817663 0.575491 0.809716 -0.347736 0.472702 3460.dat
1 72 333.189100 -368.227700 -395.276100 0.586641 0.458800 -0.667356 0.015188 0.817663 0.575491 0.809716 -0.347736 0.472702 3460.dat
1 4 314.577200 -338.149200 -394.706300 -0.667356 0.458800 -0.586641 0.575491 0.817663 -0.015188 0.472702 -0.347736 -0.809716 3794b.dat
1 0 310.906700 -344.690500 -391.924500 -0.667356 0.458800 -0.586641 0.575491 0.817663 -0.015188 0.472702 -0.347736 -0.809716 4592.dat
1 0 310.906700 -344.690500 -391.924500 -0.667356 0.595140 -0.447866 0.575491 0.793796 0.197104 0.472702 -0.126196 -0.872250 4593.dat
1 272 254.438600 -352.598800 -462.017200 -0.667356 0.458800 -0.586641 0.575491 0.817663 -0.015188 0.472702 -0.347736 -0.809716 3003.dat
1 320 321.886500 -376.637300 -337.528900 -0.586641 0.458800 0.667356 -0.015188 0.817663 -0.575491 -0.809716 -0.347736 -0.472702 3001.dat
1 320 301.931000 -359.256200 -323.399300 -0.586641 0.458801 0.667356 -0.015188 0.817665 -0.575492 -0.809716 -0.347737 -0.472704 6191.dat
1 320 341.972800 -393.785200 -351.760200 0.586641 0.458800 -0.667356 0.015188 0.817663 0.575491 0.809716 -0.347736 0.472702 6191.dat
1 72 231.038400 -353.089500 -494.455400 0.667356 0.458800 0.586641 -0.575491 0.817663 0.015188 -0.472702 -0.347736 0.809716 43719.dat
1 320 250.768100 -359.140200 -459.235300 0.667356 0.458800 0.586641 -0.575491 0.817663 0.015188 -0.472702 -0.347736 0.809716 51739.dat
1 320 188.941100 -336.914900 -488.959900 -0.667356 0.458800 -0.586641 0.575491 0.817663 -0.015188 0.472702 -0.347736 -0.809716 30565.dat
1 320 242.329600 -382.954300 -526.776000 0.586641 0.458800 -0.667356 0.015188 0.817663 0.575491 0.809716 -0.347736 0.472702 30565.dat
1 0 252.964100 -365.529600 -448.356300 0.667356 0.458800 0.586641 -0.575491 0.817663 0.015188 -0.472702 -0.347736 0.809716 3023.dat
1 320 233.955900 -378.799100 -459.036700 0.667356 0.458800 0.586641 -0.575491 0.817663 0.015188 -0.472702 -0.347736 0.809716 64225.dat
1 47 293.276400 -396.717000 -353.475200 0.667356 0.458800 0.586641 -0.575491 0.817663 0.015188 -0.472702 -0.347736 0.809716 4865a.dat
1 71 390.011100 -434.669300 -361.096300 0.586641 0.458800 -0.667356 0.015188 0.817663 0.575491 0.809716 -0.347736 0.472702 90195.dat
1 71 269.886900 -331.080500 -276.009500 -0.586641 0.458800 0.667356 -0.015188 0.817663 -0.575491 -0.809716 -0.347736 -0.472702 90195.dat
1 71 379.667400 -435.455500 -353.587300 0.667356 0.458800 0.586641 -0.575491 0.817663 0.015188 -0.472702 -0.347736 0.809716 3034.dat
1 72 343.296400 -394.384400 -328.006800 -0.586641 0.458800 0.667356 -0.015188 0.817663 -0.575491 -0.809716 -0.347736 -0.472702 41854.dat
1 72 316.602100 -371.364700 -309.098600 0.586641 0.458800 -0.667356 0.015188 0.817663 0.575491 0.809716 -0.347736 0.472702 41854.dat
1 71 272.890400 -343.376500 -277.954800 0.667356 0.458800 0.586641 -0.575491 0.817663 0.015188 -0.472702 -0.347736 0.809716 3034.dat
1 320 375.996900 -441.996700 -350.805600 0.667356 0.458800 0.586641 -0.575491 0.817663 0.015188 -0.472702 -0.347736 0.809716 3031.dat
1 320 269.220000 -349.917900 -275.172800 0.667356 0.458800 0.586641 -0.575491 0.817663 0.015188 -0.472702 -0.347736 0.809716 3031.dat
1 320 429.385400 -488.036600 -388.621600 0.586641 0.458800 -0.667356 0.015188 0.817663 0.575491 0.809716 -0.347736 0.472702 30565.dat
1 320 215.831600 -303.878900 -237.357100 -0.667356 0.458800 -0.586641 0.575491 0.817663 -0.015188 0.472702 -0.347736 -0.809716 30565.dat
1 0 372.519500 -317.309900 -338.274200 0.667356 0.458800 0.586641 -0.575491 0.817663 0.015188 -0.472702 -0.347736 0.809716 3023.dat
1 71 354.920200 -317.765500 -362.565800 -0.586641 0.458800 0.667356 -0.015188 0.817663 -0.575491 -0.809716 -0.347736 -0.472702 2444.dat
1 0 370.323600 -310.920400 -349.153300 0.667356 0.458800 0.586641 -0.575491 0.817663 0.015188 -0.472702 -0.347736 0.809716 2654.dat
1 71 301.531800 -271.726300 -324.749700 0.667356 0.458800 0.586641 -0.575491 0.817663 0.015188 -0.472702 -0.347736 0.809716 2415.dat
1 71 408.308800 -363.805300 -400.382400 0.667356 0.458800 0.586641 -0.575491 0.817663 0.015188 -0.472702 -0.347736 0.809716 2415.dat
1 15 429.676500 -346.330600 -391.490400 0.667356 0.458800 0.586641 -0.575491 0.817663 0.015188 -0.472702 -0.347736 0.809716 3464.dat
1 15 322.899500 -254.251700 -315.857900 0.667356 0.458800 0.586641 -0.575491 0.817663 0.015188 -0.472702 -0.347736 0.809716 3464.dat
1 256 322.899500 -254.251700 -315.857900 0.586641 0.458800 -0.667356 0.015188 0.817663 0.575491 0.809716 -0.347736 0.472702 59895.dat
1 256 429.676500 -346.330600 -391.490400 0.586641 0.458800 -0.667356 0.015188 0.817663 0.575491 0.809716 -0.347736 0.472702 59895.dat
1 0 301.867800 -275.515200 -361.972500 -0.458800 0.586641 -0.667356 -0.817663 0.015188 0.575491 0.347736 0.809716 0.472702 32524.dat
1 1 267.693100 -240.834200 -325.513600 0.586641 0.458800 -0.667356 0.015188 0.817663 0.575491 0.809716 -0.347736 0.472702 4274.dat
1 0 286.465400 -240.348100 -299.602600 0.458800 -0.586641 -0.667356 0.817663 -0.015188 0.575491 -0.347736 -0.809716 0.472702 2566.dat
1 0 322.608400 -395.957100 -312.988900 -0.667356 0.458800 -0.586641 0.575491 0.817663 -0.015188 0.472702 -0.347736 -0.809716 3022.dat
1 72 331.477900 -408.101500 -306.836800 -0.667356 0.458800 -0.586641 0.575491 0.817663 -0.015188 0.472702 -0.347736 -0.809716 2555.dat
1 72 318.130700 -396.591600 -297.382700 -0.667356 0.458800 -0.586641 0.575491 0.817663 -0.015188 0.472702 -0.347736 -0.809716 2555.dat
1 72 313.071700 -402.650500 -318.304200 -0.667356 0.458800 -0.586641 0.575491 0.817663 -0.015188 0.472702 -0.347736 -0.809716 30244.dat
1 72 373.271000 -347.910200 -299.959000 -0.586641 0.458800 0.667356 -0.015188 0.817663 -0.575491 -0.809716 -0.347736 -0.472702 32209.dat
1 72 366.818000 -348.077200 -308.865800 -0.667356 0.458800 -0.586641 0.575491 0.817663 -0.015188 0.472702 -0.347736 -0.809716 60208.dat
1 0 389.110500 -347.500700 -278.097400 0.667356 -0.458800 -0.586641 -0.575491 -0.817663 -0.015188 -0.472702 0.347736 -0.809716 30332.dat
1 0 329.585300 -401.935500 -274.705600 -0.586641 0.458800 0.667356 -0.015188 0.817663 -0.575491 -0.809716 -0.347736 -0.472702 4459.dat
1 0 342.932200 -413.445600 -284.159700 -0.586641 0.458800 0.667356 -0.015188 0.817663 -0.575491 -0.809716 -0.347736 -0.472702 4459.dat
1 15 399.020700 -471.558000 -366.931700 -0.667356 0.458800 -0.586641 0.575491 0.817663 -0.015188 0.472702 -0.347736 -0.809716 4150.dat
1 15 238.855600 -333.440000 -253.483100 -0.667356 0.458800 -0.586641 0.575491 0.817663 -0.015188 0.472702 -0.347736 -0.809716 4150.dat
1 320 258.670400 -353.929800 -390.957700 0.586641 0.458800 -0.667356 0.015188 0.817663 0.575491 0.809716 -0.347736 0.472702 30413.dat
1 320 298.711700 -388.459200 -419.319600 -0.586641 0.458800 0.667356 -0.015188 0.817663 -0.575491 -0.809716 -0.347736 -0.472702 30413.dat
