0 7325-CursedCobraStatue.ldr
0 Name: 7325 - Cursed Cobra Statue
0 Author: Christian Neumann [Wesley]
0 Theme: Explorers
0 CustomBrick

1 72 -96.000010 -232.000000 0.000000 0.000000 1.000000 0.000000 0.000001 0.000000 1.000000 1.000000 0.000000 -0.000001 14417.dat
1 297 -8.000000 -244.000000 -0.000010 0.000000 0.000000 -1.000000 0.000000 1.000000 0.000000 1.000000 0.000000 0.000000 91884.dat
1 320 230.351700 -129.000000 428.635800 0.965929 0.000000 0.258808 0.000000 1.000000 0.000000 -0.258808 0.000000 0.965929 87079.dat
1 0 232.940000 -121.000000 438.295000 0.965900 0.000000 0.258800 0.000000 1.000000 0.000000 -0.258800 0.000000 0.965900 3710.dat
1 320 207.059700 -73.000000 341.705100 0.965929 0.000000 0.258808 0.000000 1.000000 0.000000 -0.258808 0.000000 0.965929 3710.dat
1 320 214.823800 -73.000000 370.682400 0.965929 0.000000 0.258808 0.000000 1.000000 0.000000 -0.258808 0.000000 0.965929 3795.dat
1 320 225.175800 -73.000000 409.318400 0.965929 0.000000 0.258808 0.000000 1.000000 0.000000 -0.258808 0.000000 0.965929 3795.dat
1 256 190.477200 -39.000000 480.729600 -0.258800 0.000000 0.965900 0.000000 1.000000 0.000000 -0.965900 0.000000 -0.258800 61254.dat
1 256 149.069200 -39.000000 326.185600 -0.258800 0.000000 0.965900 0.000000 1.000000 0.000000 -0.965900 0.000000 -0.258800 61254.dat
1 256 290.930800 -39.000000 453.814400 0.258800 0.000000 -0.965900 0.000000 1.000000 0.000000 0.965900 0.000000 0.258800 61254.dat
1 256 249.522800 -39.000000 299.270400 0.258800 0.000000 -0.965900 0.000000 1.000000 0.000000 0.965900 0.000000 0.258800 61254.dat
1 28 80.832400 -387.087800 0.000000 0.000000 -0.173600 -0.984800 0.000000 0.984800 -0.173600 1.000000 0.000000 0.000000 47753.dat
1 28 0.000000 -8.000000 0.000000 1.000000 0.000000 0.000000 0.000000 1.000000 0.000000 0.000000 0.000000 1.000000 3958.dat
1 0 -40.000000 -80.000000 0.000000 1.000000 0.000000 0.000000 0.000000 1.000000 0.000000 0.000000 0.000000 1.000000 30145.dat
1 19 -50.000000 -80.000000 -30.000000 1.000000 0.000000 0.000000 0.000000 1.000000 0.000000 0.000000 0.000000 1.000000 4460a.dat
1 19 -50.000000 -80.000000 30.000000 -1.000000 0.000000 0.000000 0.000000 1.000000 0.000000 0.000000 0.000000 -1.000000 4460a.dat
1 0 0.000000 -80.000000 -30.000000 -1.000000 0.000000 0.000000 0.000000 1.000000 0.000000 0.000000 0.000000 -1.000000 60581.dat
1 0 0.000000 -80.000000 30.000000 1.000000 0.000000 0.000000 0.000000 1.000000 0.000000 0.000000 0.000000 1.000000 60581.dat
1 19 50.000000 -80.000000 -30.000000 1.000000 0.000000 0.000000 0.000000 1.000000 0.000000 0.000000 0.000000 1.000000 4460a.dat
1 19 50.000000 -80.000000 30.000000 -1.000000 0.000000 0.000000 0.000000 1.000000 0.000000 0.000000 0.000000 -1.000000 4460a.dat
1 28 50.000000 -32.000000 0.000000 0.000000 0.000000 1.000000 0.000000 1.000000 0.000000 -1.000000 0.000000 0.000000 30136.dat
1 19 50.000000 -80.000000 0.000000 0.000000 0.000000 1.000000 0.000000 1.000000 0.000000 -1.000000 0.000000 0.000000 3245a.dat
1 72 0.000000 -88.000000 0.000000 -1.000000 0.000000 0.000000 0.000000 1.000000 0.000000 0.000000 0.000000 -1.000000 3032.dat
1 19 -40.000000 -112.000000 0.000000 0.000000 0.000000 1.000000 0.000000 1.000000 0.000000 -1.000000 0.000000 0.000000 3001.dat
1 19 -40.000000 -160.000000 -30.000000 1.000000 0.000000 0.000000 0.000000 1.000000 0.000000 0.000000 0.000000 1.000000 3245a.dat
1 19 -40.000000 -160.000000 30.000000 1.000000 0.000000 0.000000 0.000000 1.000000 0.000000 0.000000 0.000000 1.000000 3245a.dat
1 19 -50.000000 -208.000000 0.000000 0.000000 0.000000 1.000000 0.000000 1.000000 0.000000 -1.000000 0.000000 0.000000 6182.dat
1 72 -50.000000 -232.000000 0.000000 0.000000 0.000000 1.000000 0.000000 1.000000 0.000000 -1.000000 0.000000 0.000000 3701.dat
1 19 -30.000000 -232.000000 0.000000 0.000000 0.000000 1.000000 0.000000 1.000000 0.000000 -1.000000 0.000000 0.000000 2454.dat
1 19 -10.000000 -160.000000 -30.000000 0.000000 0.000000 -1.000000 0.000000 1.000000 0.000000 1.000000 0.000000 0.000000 4460a.dat
1 19 -10.000000 -160.000000 30.000000 0.000000 0.000000 -1.000000 0.000000 1.000000 0.000000 1.000000 0.000000 0.000000 4460a.dat
1 19 -30.000000 -232.000000 -30.000000 0.000000 0.000000 -1.000000 0.000000 1.000000 0.000000 1.000000 0.000000 0.000000 4460a.dat
1 19 -30.000000 -232.000000 30.000000 0.000000 0.000000 -1.000000 0.000000 1.000000 0.000000 1.000000 0.000000 0.000000 4460a.dat
1 0 -30.000000 -240.000000 0.000000 0.000000 0.000000 -1.000000 0.000000 1.000000 0.000000 1.000000 0.000000 0.000000 4623.dat
1 0 -50.000000 -240.000000 -30.000000 1.000000 0.000000 0.000000 0.000000 1.000000 0.000000 0.000000 0.000000 1.000000 2420.dat
1 0 -50.000000 -240.000000 30.000000 0.000000 0.000000 1.000000 0.000000 1.000000 0.000000 -1.000000 0.000000 0.000000 2420.dat
1 484 -40.000000 -248.000000 0.000000 0.000000 0.000000 1.000000 0.000000 1.000000 0.000000 -1.000000 0.000000 0.000000 3020.dat
1 272 -50.000000 -272.000000 10.000000 0.000000 0.000000 -1.000000 0.000000 1.000000 0.000000 1.000000 0.000000 0.000000 3045.dat
1 272 -50.000000 -272.000000 -10.000000 1.000000 0.000000 0.000000 0.000000 1.000000 0.000000 0.000000 0.000000 1.000000 3045.dat
1 1 -60.000000 -222.000000 20.000000 -1.000000 0.000000 0.000000 0.000000 1.000000 0.000000 0.000000 0.000000 -1.000000 43093.dat
1 1 -60.000000 -222.000000 -20.000000 -1.000000 0.000000 0.000000 0.000000 1.000000 0.000000 0.000000 0.000000 -1.000000 43093.dat
1 0 -60.000000 -222.000000 0.000000 0.000000 1.000000 0.000000 -1.000000 0.000000 0.000000 0.000000 0.000000 1.000000 87408.dat
1 1 -80.000000 -222.000000 0.000000 -1.000000 0.000000 0.000000 0.000000 1.000000 0.000000 0.000000 0.000000 -1.000000 43093.dat
1 297 -50.000000 -296.000000 0.000000 0.000000 0.000000 -1.000000 0.000000 1.000000 0.000000 1.000000 0.000000 0.000000 3048b.dat
1 28 -119.039700 -330.825900 0.000000 -0.258800 0.965900 0.000000 0.965900 0.258800 0.000000 0.000000 0.000000 -1.000000 87580.dat
1 28 23.136100 -405.381200 0.000000 -0.984800 -0.173600 0.000000 -0.173600 0.984800 0.000000 0.000000 0.000000 -1.000000 87580.dat
1 47 24.525300 -413.259600 0.000000 -0.984800 -0.173600 0.000000 -0.173600 0.984800 0.000000 0.000000 0.000000 -1.000000 6141.dat
1 72 25.914500 -421.138100 0.000000 -0.984800 -0.173600 0.000000 -0.173600 0.984800 0.000000 0.000000 0.000000 -1.000000 4740.dat
1 47 -126.767100 -332.896500 0.000000 -0.258800 0.965900 0.000000 0.965900 0.258800 0.000000 0.000000 0.000000 -1.000000 6141.dat
1 72 -134.494600 -334.967100 0.000000 -0.258800 0.965900 0.000000 0.965900 0.258800 0.000000 0.000000 0.000000 -1.000000 4740.dat
1 72 -16.132400 -355.441400 0.000000 -0.984800 -0.173600 0.000000 -0.173600 0.984800 0.000000 0.000000 0.000000 -1.000000 3021.dat
1 71 4.952400 -359.847800 0.000000 0.000000 -0.173600 -0.984800 0.000000 0.984800 -0.173600 1.000000 0.000000 0.000000 44567.dat
1 72 -21.814000 -380.812600 0.000000 -0.984800 -0.173600 0.000000 -0.173600 0.984800 0.000000 0.000000 0.000000 -1.000000 57909.dat
1 0 6.341200 -367.726200 -30.000000 0.984800 -0.173600 0.000000 0.173600 0.984800 0.000000 0.000000 0.000000 1.000000 2420.dat
1 0 6.341200 -367.726200 30.000000 0.000000 -0.173600 0.984800 0.000000 0.984800 0.173600 -1.000000 0.000000 0.000000 2420.dat
1 4 37.274000 -370.396600 0.000000 -0.984800 -0.173600 0.000000 -0.173600 0.984800 0.000000 0.000000 0.000000 -1.000000 3020.dat
1 0 18.966800 -381.747000 0.000000 -0.984800 -0.173600 0.000000 -0.173600 0.984800 0.000000 0.000000 0.000000 -1.000000 3795.dat
1 272 -19.036400 -396.569400 0.000000 0.000000 -0.173600 0.984800 0.000000 0.984800 0.173600 -1.000000 0.000000 0.000000 51739.dat
1 297 11.896400 -399.239800 10.000000 -0.984800 -0.173600 0.000000 -0.173600 0.984800 0.000000 0.000000 0.000000 -1.000000 6091.dat
1 297 31.592400 -395.767800 10.000000 -0.984800 -0.173600 0.000000 -0.173600 0.984800 0.000000 0.000000 0.000000 -1.000000 6091.dat
1 297 31.592400 -395.767800 -10.000000 0.984800 -0.173600 0.000000 0.173600 0.984800 0.000000 0.000000 0.000000 1.000000 6091.dat
1 297 11.896400 -399.239800 -10.000000 0.984800 -0.173600 0.000000 0.173600 0.984800 0.000000 0.000000 0.000000 1.000000 6091.dat
1 28 2.048400 -400.975800 0.000000 0.984800 -0.173600 0.000000 0.173600 0.984800 0.000000 0.000000 0.000000 1.000000 3020.dat
1 297 24.648400 -356.375800 30.000000 -0.984800 -0.173600 0.000000 -0.173600 0.984800 0.000000 0.000000 0.000000 -1.000000 6141.dat
1 297 24.648400 -356.375800 -30.000000 -0.984800 -0.173600 0.000000 -0.173600 0.984800 0.000000 0.000000 0.000000 -1.000000 6141.dat
1 19 49.899600 -384.417400 0.000000 0.000000 -0.173600 -0.984800 0.000000 0.984800 -0.173600 1.000000 0.000000 0.000000 3023.dat
1 4 86.514000 -361.716600 10.000000 0.000000 -0.173600 -0.984800 0.000000 0.984800 -0.173600 1.000000 0.000000 0.000000 4085c.dat
1 4 86.514000 -361.716600 -10.000000 0.000000 -0.173600 -0.984800 0.000000 0.984800 -0.173600 1.000000 0.000000 0.000000 4085c.dat
1 4 75.277200 -355.574200 0.000000 0.000000 -0.173600 -0.984800 0.000000 0.984800 -0.173600 1.000000 0.000000 0.000000 2654.dat
1 15 104.821200 -350.366200 10.000000 0.000000 0.984800 -0.173600 0.000000 0.173600 0.984800 1.000000 0.000000 0.000000 53451.dat
1 15 104.821200 -350.366200 -10.000000 0.000000 0.984800 -0.173600 0.000000 0.173600 0.984800 1.000000 0.000000 0.000000 53451.dat
1 28 -64.947900 -316.332100 0.000000 -0.258800 0.965900 0.000000 0.965900 0.258800 0.000000 0.000000 0.000000 -1.000000 3020.dat
1 28 -95.856700 -324.613700 0.000000 -0.258800 0.965900 0.000000 0.965900 0.258800 0.000000 0.000000 0.000000 -1.000000 3020.dat
1 297 -108.723100 -338.413500 10.000000 -0.258800 0.965900 0.000000 0.965900 0.258800 0.000000 0.000000 0.000000 -1.000000 6091.dat
1 297 -113.899100 -319.095500 10.000000 -0.258800 0.965900 0.000000 0.965900 0.258800 0.000000 0.000000 0.000000 -1.000000 6091.dat
1 297 -113.899100 -319.095500 -10.000000 0.258800 0.965900 0.000000 -0.965900 0.258800 0.000000 0.000000 0.000000 1.000000 6091.dat
1 297 -108.723100 -338.413500 -10.000000 0.258800 0.965900 0.000000 -0.965900 0.258800 0.000000 0.000000 0.000000 1.000000 6091.dat
1 272 -93.231910 -365.320100 0.000000 0.000000 0.965900 -0.258800 0.000000 0.258800 0.965900 1.000000 0.000000 0.000000 51739.dat
1 272 -113.935900 -288.048100 0.000000 0.000000 0.965900 0.258800 0.000000 0.258800 -0.965900 -1.000000 0.000000 0.000000 51739.dat
1 28 -111.311100 -328.754500 0.000000 -0.258800 0.965900 0.000000 0.965900 0.258800 0.000000 0.000000 0.000000 -1.000000 3020.dat
1 484 -98.371090 -377.049500 0.000000 0.000000 0.965900 -0.258800 0.000000 0.258800 0.965900 1.000000 0.000000 0.000000 3069b.dat
1 484 -124.251100 -280.459500 0.000000 0.000000 0.965900 -0.258800 0.000000 0.258800 0.965900 1.000000 0.000000 0.000000 3069b.dat
1 0 -112.000000 -222.000000 0.000000 0.000000 1.000000 0.000000 1.000000 0.000000 0.000000 0.000000 0.000000 -1.000000 3022.dat
1 28 -120.000000 -222.000000 0.000000 0.000000 1.000000 0.000000 1.000000 0.000000 0.000000 0.000000 0.000000 -1.000000 87580.dat
1 297 -120.000000 -222.000000 0.000000 0.000000 1.000000 0.000000 0.000000 0.000000 1.000000 1.000000 0.000000 0.000000 50746.dat
1 28 -93.925700 -128.185600 -30.000000 -0.224100 0.965900 0.129400 0.836500 0.258800 -0.483000 -0.500000 0.000000 -0.866000 3020.dat
1 28 -124.834500 -136.467200 -30.000000 -0.224100 0.965900 0.129400 0.836500 0.258800 -0.483000 -0.500000 0.000000 -0.866000 3020.dat
1 297 -139.341900 -144.143000 -16.340000 -0.224100 0.965900 0.129400 0.836500 0.258800 -0.483000 -0.500000 0.000000 -0.866000 6091.dat
1 297 -143.823900 -127.413000 -26.340000 -0.224100 0.965900 0.129400 0.836500 0.258800 -0.483000 -0.500000 0.000000 -0.866000 6091.dat
1 297 -141.235900 -137.073000 -43.660000 0.224100 0.965900 -0.129400 -0.836500 0.258800 0.483000 0.500000 0.000000 0.866000 6091.dat
1 297 -136.753900 -153.803000 -33.660000 0.224100 0.965900 -0.129400 -0.836500 0.258800 0.483000 0.500000 0.000000 0.866000 6091.dat
1 272 -123.597700 -171.997600 -10.000000 -0.129400 0.965900 -0.224100 0.483000 0.258800 0.836500 0.866000 0.000000 -0.500000 51739.dat
1 272 -141.525700 -105.077600 -50.000000 0.129400 0.965900 0.224100 -0.483000 0.258800 -0.836500 -0.866000 0.000000 0.500000 51739.dat
1 28 -140.288900 -140.608000 -30.000000 -0.224100 0.965900 0.129400 0.836500 0.258800 -0.483000 -0.500000 0.000000 -0.866000 3020.dat
1 484 -129.083900 -182.433000 -5.000000 -0.129400 0.965900 -0.224100 0.483000 0.258800 0.836500 0.866000 0.000000 -0.500000 3069b.dat
1 484 -151.493900 -98.782990 -55.000000 -0.129400 0.965900 -0.224100 0.483000 0.258800 0.836500 0.866000 0.000000 -0.500000 3069b.dat
1 0 -130.963200 -58.049000 -95.597400 0.183000 0.965900 -0.183000 0.476700 -0.250000 -0.842800 -0.859800 0.067000 -0.506200 3022.dat
1 28 -138.690400 -56.049000 -96.133400 0.183000 0.965900 -0.183000 0.476700 -0.250000 -0.842800 -0.859800 0.067000 -0.506200 87580.dat
1 297 -138.690400 -56.049000 -96.133400 0.183000 0.965900 0.183000 0.842800 -0.250000 0.476700 0.506200 0.067000 -0.859800 50746.dat
1 28 -44.677200 -43.479900 -130.789300 0.965900 0.258800 0.000000 0.000000 0.000000 -1.000000 -0.258800 0.965900 0.000000 3020.dat
1 28 -52.958800 -43.479900 -161.698100 0.965900 0.258800 0.000000 0.000000 0.000000 -1.000000 -0.258800 0.965900 0.000000 3020.dat
1 297 -66.758600 -33.479900 -174.564500 0.965900 0.258800 0.000000 0.000000 0.000000 -1.000000 -0.258800 0.965900 0.000000 6091.dat
1 297 -47.440600 -33.479900 -179.740500 0.965900 0.258800 0.000000 0.000000 0.000000 -1.000000 -0.258800 0.965900 0.000000 6091.dat
1 297 -47.440600 -53.479900 -179.740500 -0.965900 0.258800 0.000000 0.000000 0.000000 1.000000 0.258800 0.965900 0.000000 6091.dat
1 297 -66.758600 -53.479900 -174.564500 -0.965900 0.258800 0.000000 0.000000 0.000000 1.000000 0.258800 0.965900 0.000000 6091.dat
1 272 -93.665200 -43.479900 -159.073300 0.000000 0.258800 0.965900 1.000000 0.000000 0.000000 0.000000 0.965900 -0.258800 51739.dat
1 272 -16.393200 -43.479900 -179.777300 0.000000 0.258800 -0.965900 -1.000000 0.000000 0.000000 0.000000 0.965900 0.258800 51739.dat
1 28 -57.099600 -43.479900 -177.152500 0.965900 0.258800 0.000000 0.000000 0.000000 -1.000000 -0.258800 0.965900 0.000000 3020.dat
1 484 -105.394600 -43.479900 -164.212500 0.000000 0.258800 0.965900 1.000000 0.000000 0.000000 0.000000 0.965900 -0.258800 3069b.dat
1 484 -8.804600 -43.479900 -190.092500 0.000000 0.258800 0.965900 1.000000 0.000000 0.000000 0.000000 0.965900 -0.258800 3069b.dat
1 0 52.950500 -43.479900 -166.875100 0.965900 -0.258800 0.000000 0.000000 0.000000 -1.000000 0.258800 0.965900 0.000000 3022.dat
1 28 55.020900 -43.479900 -174.602300 0.965900 -0.258800 0.000000 0.000000 0.000000 -1.000000 0.258800 0.965900 0.000000 87580.dat
1 297 55.020900 -43.479900 -174.602300 0.000000 -0.258800 0.965900 1.000000 0.000000 0.000000 0.000000 0.965900 0.258800 50746.dat
1 28 104.804600 -43.479900 -80.174400 0.500000 -0.866000 0.000000 0.000000 0.000000 -1.000000 0.866000 0.500000 0.000000 3020.dat
1 28 132.516600 -43.479900 -96.174400 0.500000 -0.866000 0.000000 0.000000 0.000000 -1.000000 0.866000 0.500000 0.000000 3020.dat
1 297 141.372600 -33.479900 -112.834400 0.500000 -0.866000 0.000000 0.000000 0.000000 -1.000000 0.866000 0.500000 0.000000 6091.dat
1 297 151.372600 -33.479900 -95.514400 0.500000 -0.866000 0.000000 0.000000 0.000000 -1.000000 0.866000 0.500000 0.000000 6091.dat
1 297 151.372600 -53.479900 -95.514400 -0.500000 -0.866000 0.000000 0.000000 0.000000 1.000000 -0.866000 0.500000 0.000000 6091.dat
1 297 141.372600 -53.479900 -112.834400 -0.500000 -0.866000 0.000000 0.000000 0.000000 1.000000 -0.866000 0.500000 0.000000 6091.dat
1 272 119.444600 -43.479900 -134.814400 0.000000 -0.866000 0.500000 1.000000 0.000000 0.000000 0.000000 0.500000 0.866000 51739.dat
1 272 159.444600 -43.479900 -65.534400 0.000000 -0.866000 -0.500000 -1.000000 0.000000 0.000000 0.000000 0.500000 -0.866000 51739.dat
1 28 146.372600 -43.479900 -104.174400 0.500000 -0.866000 0.000000 0.000000 0.000000 -1.000000 0.866000 0.500000 0.000000 3020.dat
1 484 121.372600 -43.479900 -147.474400 0.000000 -0.866000 0.500000 1.000000 0.000000 0.000000 0.000000 0.500000 0.866000 3069b.dat
1 484 171.372600 -43.479900 -60.874400 0.000000 -0.866000 0.500000 1.000000 0.000000 0.000000 0.000000 0.500000 0.866000 3069b.dat
1 72 159.804600 -43.479900 15.088400 0.500000 -0.866000 0.000000 0.000000 0.000000 -1.000000 0.866000 0.500000 0.000000 3021.dat
1 72 190.588600 -43.479900 20.408400 0.000000 -0.866000 0.500000 1.000000 0.000000 0.000000 0.000000 0.500000 0.866000 3700.dat
1 72 175.588600 -43.479900 -5.571600 -0.500000 -0.866000 0.000000 0.000000 0.000000 1.000000 -0.866000 0.500000 0.000000 57909.dat
1 272 192.516600 -43.479900 7.748400 0.000000 -0.866000 -0.500000 -1.000000 0.000000 0.000000 0.000000 0.500000 -0.866000 51739.dat
1 297 184.444600 -33.479900 -22.231600 0.500000 -0.866000 0.000000 0.000000 0.000000 -1.000000 0.866000 0.500000 0.000000 6091.dat
1 297 184.444600 -53.479900 -22.231600 -0.500000 -0.866000 0.000000 0.000000 0.000000 1.000000 -0.866000 0.500000 0.000000 6091.dat
1 28 189.444600 -43.479900 -13.571600 0.500000 -0.866000 0.000000 0.000000 0.000000 -1.000000 0.866000 0.500000 0.000000 87580.dat
1 28 186.928600 -43.479900 34.068400 -0.224121 0.836469 0.500000 -0.965900 -0.258800 0.000000 0.129400 -0.482950 0.866000 40378.dat
1 297 189.444600 -43.479900 -13.571600 0.000000 -0.866000 0.500000 1.000000 0.000000 0.000000 0.000000 0.500000 0.866000 50746.dat
1 28 216.814900 -34.162400 155.375000 -0.224121 0.945028 -0.237928 -0.965900 -0.183000 0.183000 0.129400 0.270849 0.953849 40379.dat
1 0 220.000000 -57.000000 390.000000 0.258800 0.000000 -0.965900 0.000000 1.000000 0.000000 0.965900 0.000000 0.258800 2445.dat
1 0 240.704000 -65.000000 467.272000 0.965900 0.000000 0.258800 0.000000 1.000000 0.000000 -0.258800 0.000000 0.965900 3020.dat
1 19 248.468000 -65.000000 496.249000 0.965900 0.000000 0.258800 0.000000 1.000000 0.000000 -0.258800 0.000000 0.965900 3023.dat
1 0 199.296000 -65.000000 312.728000 0.965900 0.000000 0.258800 0.000000 1.000000 0.000000 -0.258800 0.000000 0.965900 3020.dat
1 19 191.532000 -65.000000 283.751000 0.965900 0.000000 0.258800 0.000000 1.000000 0.000000 -0.258800 0.000000 0.965900 3023.dat
1 71 220.000000 -65.000000 390.000000 0.258800 0.000000 -0.965900 0.000000 1.000000 0.000000 0.965900 0.000000 0.258800 3795.dat
1 72 240.704000 -73.000000 467.272000 0.258800 0.000000 -0.965900 0.000000 1.000000 0.000000 0.965900 0.000000 0.258800 3031.dat
1 71 232.940000 -81.000000 438.295000 0.965900 0.000000 0.258800 0.000000 1.000000 0.000000 -0.258800 0.000000 0.965900 3710.dat
1 70 243.292000 -81.000000 476.931000 0.258800 0.000000 -0.965900 0.000000 1.000000 0.000000 0.965900 0.000000 0.258800 30150.dat
1 0 261.917000 -105.000000 430.531000 0.258800 0.000000 -0.965900 0.000000 1.000000 0.000000 0.965900 0.000000 0.258800 60476.dat
1 0 203.963000 -105.000000 446.059000 -0.258800 0.000000 0.965900 0.000000 1.000000 0.000000 -0.965900 0.000000 -0.258800 60476.dat
1 71 232.940000 -113.000000 438.295000 0.965900 0.000000 0.258800 0.000000 1.000000 0.000000 -0.258800 0.000000 0.965900 3710.dat
1 0 212.235700 -81.000000 361.023200 0.965929 0.000000 0.258808 0.000000 1.000000 0.000000 -0.258808 0.000000 0.965929 3829c01.dat
1 0 287.894500 -95.000000 446.346000 0.000000 -0.258800 0.965900 -1.000000 0.000000 0.000000 0.000000 -0.965900 -0.258800 3837.dat
1 320 199.296000 -89.000000 312.728000 0.965900 0.000000 0.258800 0.000000 1.000000 0.000000 -0.258800 0.000000 0.965900 3001.dat
1 72 191.532000 -89.000000 283.751000 0.965900 0.000000 0.258800 0.000000 1.000000 0.000000 -0.258800 0.000000 0.965900 52038.dat
1 47 159.967000 -79.000000 281.856000 0.965900 0.258800 0.000000 0.000000 0.000000 -1.000000 -0.258800 0.965900 0.000000 6141.dat
1 47 217.921000 -79.000000 266.328000 0.965900 0.258800 0.000000 0.000000 0.000000 -1.000000 -0.258800 0.965900 0.000000 6141.dat
1 0 186.873600 -79.000000 266.364800 0.965900 0.258800 0.000000 0.000000 0.000000 -1.000000 -0.258800 0.965900 0.000000 2412b.dat
1 320 186.873600 -59.000000 266.364800 0.965900 0.258800 0.000000 0.000000 0.000000 -1.000000 -0.258800 0.965900 0.000000 2431.dat
1 320 194.120000 -97.000000 293.410000 0.965900 0.000000 0.258800 0.000000 1.000000 0.000000 -0.258800 0.000000 0.965900 51739.dat
1 320 201.884000 -97.000000 322.387000 0.965900 0.000000 0.258800 0.000000 1.000000 0.000000 -0.258800 0.000000 0.965900 2431.dat
1 72 199.296000 -105.000000 312.728000 0.258800 0.000000 -0.965900 0.000000 1.000000 0.000000 0.965900 0.000000 0.258800 87079.dat
1 0 236.037000 -105.000000 333.941000 0.258800 0.000000 -0.965900 0.000000 1.000000 0.000000 0.965900 0.000000 0.258800 4081b.dat
1 0 178.083000 -105.000000 349.469000 -0.258800 0.000000 0.965900 0.000000 1.000000 0.000000 -0.965900 0.000000 -0.258800 4081b.dat
1 40 207.060000 -129.000000 341.705000 0.965900 0.000000 0.258800 0.000000 1.000000 0.000000 -0.258800 0.000000 0.965900 30413.dat
1 47 155.659400 -103.000000 343.054200 0.965900 0.258800 0.000000 0.000000 0.000000 -1.000000 -0.258800 0.965900 0.000000 6141.dat
1 47 252.249400 -103.000000 317.174200 0.965900 0.258800 0.000000 0.000000 0.000000 -1.000000 -0.258800 0.965900 0.000000 6141.dat
1 19 248.468000 -49.000000 496.249000 0.965900 0.000000 0.258800 0.000000 1.000000 0.000000 -0.258800 0.000000 0.965900 3023.dat
1 19 191.532000 -49.000000 283.751000 0.965900 0.000000 0.258800 0.000000 1.000000 0.000000 -0.258800 0.000000 0.965900 3023.dat
1 72 197.843800 -85.000000 500.495900 0.965900 0.000000 0.258800 0.000000 1.000000 0.000000 -0.258800 0.000000 0.965900 30141.dat
1 71 199.296000 -49.000000 312.728000 0.965900 0.000000 0.258800 0.000000 1.000000 0.000000 -0.258800 0.000000 0.965900 30157.dat
1 71 240.704000 -49.000000 467.272000 0.965900 0.000000 0.258800 0.000000 1.000000 0.000000 -0.258800 0.000000 0.965900 30157.dat
1 72 225.685000 -57.000000 295.305000 0.258800 0.000000 -0.965900 0.000000 1.000000 0.000000 0.965900 0.000000 0.258800 6141.dat
1 72 230.861000 -57.000000 314.623000 0.258800 0.000000 -0.965900 0.000000 1.000000 0.000000 0.965900 0.000000 0.258800 6141.dat
1 72 167.731000 -57.000000 310.833000 0.258800 0.000000 -0.965900 0.000000 1.000000 0.000000 0.965900 0.000000 0.258800 6141.dat
1 72 172.907000 -57.000000 330.151000 0.258800 0.000000 -0.965900 0.000000 1.000000 0.000000 0.965900 0.000000 0.258800 6141.dat
1 72 209.139000 -57.000000 465.377000 0.258800 0.000000 -0.965900 0.000000 1.000000 0.000000 0.965900 0.000000 0.258800 6141.dat
1 72 214.315000 -57.000000 484.695000 0.258800 0.000000 -0.965900 0.000000 1.000000 0.000000 0.965900 0.000000 0.258800 6141.dat
1 72 272.269000 -57.000000 469.167000 0.258800 0.000000 -0.965900 0.000000 1.000000 0.000000 0.965900 0.000000 0.258800 6141.dat
1 72 267.093000 -57.000000 449.849000 0.258800 0.000000 -0.965900 0.000000 1.000000 0.000000 0.965900 0.000000 0.258800 6141.dat
1 71 249.522800 -39.000000 299.270400 0.258800 0.000000 -0.965900 0.000000 1.000000 0.000000 0.965900 0.000000 0.258800 56902.dat
1 71 290.930800 -39.000000 453.814400 0.258800 0.000000 -0.965900 0.000000 1.000000 0.000000 0.965900 0.000000 0.258800 56902.dat
1 71 190.477200 -39.000000 480.729600 -0.258800 0.000000 0.965900 0.000000 1.000000 0.000000 -0.965900 0.000000 -0.258800 56902.dat
1 71 149.069200 -39.000000 326.185600 -0.258800 0.000000 0.965900 0.000000 1.000000 0.000000 -0.965900 0.000000 -0.258800 56902.dat
1 72 51.086500 -324.100200 -20.000000 0.000000 -0.642738 -0.766037 0.000000 0.766037 -0.642738 1.000000 0.000000 0.000000 43722.dat
1 72 51.086500 -324.100200 20.000000 0.000000 -0.642738 -0.766037 0.000000 0.766037 -0.642738 1.000000 0.000000 0.000000 43723.dat
1 0 40.907670 -343.083300 0.000000 0.000000 -0.642738 0.766037 0.000000 0.766037 0.642738 -1.000000 0.000000 0.000000 60471.dat
1 0 63.888780 -323.801100 0.000000 0.000000 -0.642738 0.766037 0.000000 0.766037 0.642738 -1.000000 0.000000 0.000000 3022.dat
1 0 76.691040 -323.502100 0.000000 0.000000 -0.642738 0.766037 0.000000 0.766037 0.642738 -1.000000 0.000000 0.000000 3794a.dat
1 4 53.709940 -342.784200 0.000000 0.000000 -0.642738 -0.766037 0.000000 0.766037 -0.642738 1.000000 0.000000 0.000000 3068b.dat
1 4 81.832940 -329.630400 0.000000 0.000000 -0.642738 -0.766037 0.000000 0.766037 -0.642738 1.000000 0.000000 0.000000 4085c.dat
1 0 -93.305500 -303.225300 0.000000 -0.258800 0.965900 0.000000 0.965900 0.258800 0.000000 0.000000 0.000000 -1.000000 62712.dat
1 0 135.588600 -43.479900 -74.854400 0.500000 -0.866000 0.000000 0.000000 0.000000 -1.000000 0.866000 0.500000 0.000000 62712.dat
1 0 115.588600 -43.479900 -109.494400 -0.500000 -0.866000 0.000000 0.000000 0.000000 1.000000 -0.866000 0.500000 0.000000 62712.dat
1 0 -70.206400 -43.479900 -148.794900 -0.965900 0.258800 0.000000 0.000000 0.000000 1.000000 0.258800 0.965900 0.000000 62712.dat
1 0 -112.625300 -151.126800 -20.000000 0.224100 0.965900 -0.129400 -0.836500 0.258800 0.483000 0.500000 0.000000 0.866000 62712.dat
1 0 -82.953500 -341.861300 0.000000 0.258800 0.965900 0.000000 -0.965900 0.258800 0.000000 0.000000 0.000000 1.000000 62712.dat
1 0 -121.589300 -117.666800 -40.000000 -0.224100 0.965900 0.129400 0.836500 0.258800 -0.483000 -0.500000 0.000000 -0.866000 62712.dat
1 0 -31.570400 -43.479900 -159.146900 0.965900 0.258800 0.000000 0.000000 0.000000 -1.000000 -0.258800 0.965900 0.000000 62712.dat
1 320 163.939300 -97.000000 373.963400 0.965929 0.000000 0.258808 0.000000 1.000000 0.000000 -0.258808 0.000000 0.965929 3821.dat
1 320 260.532200 -97.000000 348.082700 0.965929 0.000000 0.258808 0.000000 1.000000 0.000000 -0.258808 0.000000 0.965929 3822.dat
1 320 207.060900 -97.000000 341.704800 0.965929 0.000000 0.258808 0.000000 1.000000 0.000000 -0.258808 0.000000 0.965929 3010.dat
1 320 200.681400 -81.000000 395.177100 0.965929 0.000000 0.258808 0.000000 1.000000 0.000000 -0.258808 0.000000 0.965929 4079.dat
1 320 239.318500 -81.000000 384.824800 0.965929 0.000000 0.258808 0.000000 1.000000 0.000000 -0.258808 0.000000 0.965929 4079.dat
1 320 227.763900 -97.000000 418.977700 0.965929 0.000000 0.258808 0.000000 1.000000 0.000000 -0.258808 0.000000 0.965929 3009.dat
1 320 227.763900 -121.000000 418.977700 0.965929 0.000000 0.258808 0.000000 1.000000 0.000000 -0.258808 0.000000 0.965929 3009.dat
1 320 183.257900 -97.000000 368.787300 0.965929 0.000000 0.258808 0.000000 1.000000 0.000000 -0.258808 0.000000 0.965929 3005.dat
1 320 241.213600 -97.000000 353.258800 0.965929 0.000000 0.258808 0.000000 1.000000 0.000000 -0.258808 0.000000 0.965929 3005.dat
1 320 173.598600 -105.000000 371.375300 0.965929 0.000000 0.258808 0.000000 1.000000 0.000000 -0.258808 0.000000 0.965929 3069b.dat
1 320 250.872900 -105.000000 350.670800 0.965929 0.000000 0.258808 0.000000 1.000000 0.000000 -0.258808 0.000000 0.965929 3069b.dat
1 320 179.467400 -129.000000 431.918100 0.965929 0.000000 0.258808 0.000000 1.000000 0.000000 -0.258808 0.000000 0.965929 3070b.dat
1 320 276.060300 -129.000000 406.037300 0.965929 0.000000 0.258808 0.000000 1.000000 0.000000 -0.258808 0.000000 0.965929 3070b.dat
1 72 -96.000000 -212.000000 0.000000 0.000000 1.000000 0.000000 0.000000 0.000000 -1.000000 -1.000000 0.000000 0.000000 14417.dat
1 72 -104.000000 -222.000000 0.000000 0.000000 1.000000 0.000000 1.000000 0.000000 0.000000 0.000000 0.000000 -1.000000 3022.dat
1 72 -88.000000 -222.000000 0.000000 0.000000 1.000000 0.000000 1.000000 0.000000 0.000000 0.000000 0.000000 -1.000000 3022.dat
1 72 -117.339000 -66.815820 -85.927070 0.182996 0.965929 0.183021 0.842781 -0.249987 0.476677 0.506190 0.067017 -0.859814 14417.dat
1 72 -113.678700 -57.282180 -103.123300 -0.182997 0.965929 -0.183022 -0.842781 -0.249987 -0.476678 -0.506190 0.067017 0.859814 14417.dat
1 72 -123.236200 -60.048950 -95.061370 0.183022 0.965927 -0.182996 0.476679 -0.249987 -0.842784 -0.859814 0.067017 -0.506190 3022.dat
1 72 -107.781500 -64.048870 -93.989060 0.183022 0.965929 -0.182996 0.476678 -0.249987 -0.842781 -0.859813 0.067017 -0.506190 3022.dat
1 72 39.150080 -43.479900 -154.008600 0.000001 -0.258808 0.965929 1.000000 0.000001 -0.000001 0.000000 0.965929 0.258808 14417.dat
1 72 58.468640 -43.479900 -148.832500 0.000000 -0.258808 -0.965929 -1.000000 0.000000 0.000000 0.000000 0.965929 -0.258808 14417.dat
1 72 50.879820 -43.479900 -159.148000 0.965929 -0.258808 0.000000 0.000000 0.000000 -1.000000 0.258808 0.965929 0.000000 3022.dat
1 72 46.738900 -43.479920 -143.693100 0.965929 -0.258807 0.000001 0.000001 -0.000001 -1.000000 0.258807 0.965929 0.000000 3022.dat
