0 6367-4-ArticulatedLorry.ldr
0 Name: 6367-4 - Articulated Lorry
0 Author: Nenufar
0 Theme: Heavy Plant
0 CustomBrick

1 0 -119.783000 8.999980 6.218280 0.707114 0.000000 -0.707114 0.000000 1.000000 0.000000 0.707114 0.000000 0.707114 3795.dat
1 0 -63.213810 8.999980 62.787280 -0.707114 0.000000 -0.707114 0.000000 1.000000 0.000000 0.707114 0.000000 -0.707114 3176.dat
1 0 -56.142540 0.999980 69.858400 -0.707114 0.000000 -0.707114 0.000000 1.000000 0.000000 0.707114 0.000000 -0.707114 3069b.dat
1 0 -77.356080 0.999980 48.645020 0.707114 0.000000 -0.707114 0.000000 1.000000 0.000000 0.707114 0.000000 0.707114 3068b.dat
1 1 -140.996500 -7.000020 -14.995170 0.707114 0.000000 0.707114 0.000000 1.000000 0.000000 -0.707114 0.000000 0.707114 3829c01.dat
1 0 -133.925400 24.999980 -7.924040 -0.707114 0.000000 -0.707114 0.000000 1.000000 0.000000 0.707114 0.000000 -0.707114 122c01.dat
1 0 -77.356120 24.999980 48.644980 -0.707114 0.000000 -0.707114 0.000000 1.000000 0.000000 0.707114 0.000000 -0.707114 122c01.dat
1 256 -113.419000 30.999980 -28.430640 0.707114 0.000000 -0.707114 0.000000 1.000000 0.000000 0.707114 0.000000 0.707114 4084.dat
1 256 -56.849280 30.999980 28.138520 0.707124 0.000000 -0.707123 0.000000 1.000000 0.000000 0.707123 0.000000 0.707123 4084.dat
1 256 -154.431800 30.999980 12.582260 -0.707114 0.000000 0.707114 0.000000 1.000000 0.000000 -0.707114 0.000000 -0.707114 4084.dat
1 256 -97.862640 30.999980 69.151580 -0.707124 0.000000 0.707123 0.000000 1.000000 0.000000 -0.707123 0.000000 -0.707124 4084.dat
1 1 -133.925400 -7.000020 -7.924030 0.707114 0.000000 0.707114 0.000000 1.000000 0.000000 -0.707114 0.000000 0.707114 4211.dat
1 0 -133.925400 16.999980 -7.924030 0.707114 0.000000 -0.707114 0.000000 1.000000 0.000000 0.707114 0.000000 0.707114 3022.dat
1 0 -77.356080 16.999980 48.645020 0.707121 0.000000 -0.707121 0.000000 1.000000 0.000000 0.707121 0.000000 0.707121 3022.dat
1 1 -91.498370 -7.000020 -7.924010 0.707114 0.000000 -0.707114 0.000000 1.000000 0.000000 0.707114 0.000000 0.707114 3024.dat
1 1 -133.925400 -7.000020 34.502720 0.707114 0.000000 -0.707114 0.000000 1.000000 0.000000 0.707114 0.000000 0.707114 3024.dat
1 1 -98.569620 -7.000020 27.431620 -0.707114 0.000000 -0.707114 0.000000 1.000000 0.000000 0.707114 0.000000 -0.707114 3710.dat
1 1 -155.139000 -7.000020 -29.137760 -0.707114 0.000000 -0.707114 0.000000 1.000000 0.000000 0.707114 0.000000 -0.707114 3710.dat
1 15 -155.139000 -15.000020 -29.137760 -0.707114 0.000000 -0.707114 0.000000 1.000000 0.000000 0.707114 0.000000 -0.707114 3023.dat
1 15 -155.139000 -23.000020 -29.137760 -0.707114 0.000000 -0.707114 0.000000 1.000000 0.000000 0.707114 0.000000 -0.707114 3023.dat
1 15 -155.139000 -31.000020 -29.137790 -0.707114 0.000000 -0.707114 0.000000 1.000000 0.000000 0.707114 0.000000 -0.707114 3023.dat
1 15 -98.569620 -31.000020 27.431620 -0.707114 0.000000 -0.707114 0.000000 1.000000 0.000000 0.707114 0.000000 -0.707114 3010.dat
1 15 -119.783000 -31.000020 -36.208850 0.707114 0.000000 0.707114 0.000000 1.000000 0.000000 -0.707114 0.000000 0.707114 3822.dat
1 15 -162.210200 -31.000020 6.218250 0.707114 0.000000 0.707114 0.000000 1.000000 0.000000 -0.707114 0.000000 0.707114 3821.dat
1 15 -133.925400 -31.000020 -50.351380 0.707114 0.000000 0.707114 0.000000 1.000000 0.000000 -0.707114 0.000000 0.707114 4070.dat
1 15 -176.352300 -31.000020 -7.924030 0.707114 0.000000 0.707114 0.000000 1.000000 0.000000 -0.707114 0.000000 0.707114 4070.dat
1 46 -143.825200 -21.000020 -60.250980 -0.707114 0.707114 0.000000 0.000000 0.000000 1.000000 0.707114 0.707114 0.000000 3024.dat
1 46 -186.251800 -21.000020 -17.824030 -0.707114 0.707114 0.000000 0.000000 0.000000 1.000000 0.707114 0.707114 0.000000 3024.dat
1 15 -126.854100 -39.000020 -43.280020 0.707114 0.000000 -0.707114 0.000000 1.000000 0.000000 0.707114 0.000000 0.707114 3023.dat
1 15 -169.281200 -39.000020 -0.852900 0.707114 0.000000 -0.707114 0.000000 1.000000 0.000000 0.707114 0.000000 0.707114 3023.dat
1 1 -155.139000 -39.000020 -29.137810 0.707114 0.000000 0.707114 0.000000 1.000000 0.000000 -0.707114 0.000000 0.707114 4175.dat
1 47 -140.996500 -87.000020 -14.995220 0.707114 0.000000 0.707114 0.000000 1.000000 0.000000 -0.707114 0.000000 0.707114 4594.dat
1 15 -98.569580 -55.000020 27.431600 -0.707114 0.000000 -0.707114 0.000000 1.000000 0.000000 0.707114 0.000000 -0.707114 3010.dat
1 15 -98.569580 -79.000020 27.431600 -0.707114 0.000000 -0.707114 0.000000 1.000000 0.000000 0.707114 0.000000 -0.707114 3010.dat
1 1 -119.783100 -95.000020 6.218270 0.707114 0.000000 0.707114 0.000000 1.000000 0.000000 -0.707114 0.000000 0.707114 4213.dat
1 1 -155.139000 -95.000020 -29.137770 -0.707114 0.000000 -0.707114 0.000000 1.000000 0.000000 0.707114 0.000000 -0.707114 3710.dat
1 0 -119.783200 -103.000000 6.218030 0.707121 0.000000 -0.707121 0.000000 1.000000 0.000000 0.707121 0.000000 0.707121 3068b.dat
1 1 -98.569600 -87.000020 27.431580 0.707121 0.000000 0.707121 0.000000 1.000000 0.000000 -0.707121 0.000000 0.707121 4625.dat
1 1 78.001650 -7.000020 84.000950 1.000015 0.000000 0.000000 0.000000 1.000000 0.000000 0.000000 0.000000 1.000014 3031.dat
1 1 8.000510 -7.000020 64.000500 1.000015 0.000000 0.000000 0.000000 1.000000 0.000000 0.000000 0.000000 1.000014 3021.dat
1 1 8.000510 -7.000020 104.001200 1.000015 0.000000 0.000000 0.000000 1.000000 0.000000 0.000000 0.000000 1.000014 3021.dat
1 1 -72.000720 -7.000020 84.000920 0.000000 0.000000 -1.000015 0.000000 1.000000 0.000000 1.000014 0.000000 0.000000 3710.dat
1 1 -42.000210 -7.000020 84.000920 0.000000 0.000000 -1.000015 0.000000 1.000000 0.000000 1.000014 0.000000 0.000000 3709b.dat
1 1 -62.000620 -15.000020 54.000420 1.000015 0.000000 0.000000 0.000000 1.000000 0.000000 0.000000 0.000000 1.000014 3023.dat
1 1 -62.000590 -15.000020 114.001300 1.000015 0.000000 0.000000 0.000000 1.000000 0.000000 0.000000 0.000000 1.000014 3023.dat
1 1 38.000820 -15.000020 54.000400 1.000015 0.000000 0.000000 0.000000 1.000000 0.000000 0.000000 0.000000 1.000014 3460.dat
1 1 38.000830 -15.000020 114.001300 1.000015 0.000000 0.000000 0.000000 1.000000 0.000000 0.000000 0.000000 1.000014 3460.dat
1 1 78.001650 0.999980 84.000950 -1.000015 0.000000 0.000000 0.000000 1.000000 0.000000 0.000000 0.000000 -1.000014 3709b.dat
1 1 68.001540 8.999980 84.000920 1.000015 0.000000 0.000000 0.000000 1.000000 0.000000 0.000000 0.000000 1.000014 3021.dat
1 0 108.001900 8.999980 74.000740 1.000015 0.000000 0.000000 0.000000 1.000000 0.000000 0.000000 0.000000 1.000014 4081b.dat
1 0 108.001800 8.999980 94.001130 -1.000015 0.000000 0.000000 0.000000 1.000000 0.000000 0.000000 0.000000 -1.000014 4081b.dat
1 36 120.001800 10.999980 54.000400 0.000000 -1.000015 0.000000 1.000000 0.000000 0.000000 0.000000 0.000000 1.000014 6141.dat
1 36 120.001800 10.999980 114.001300 0.000000 -1.000015 0.000000 1.000000 0.000000 0.000000 0.000000 0.000000 1.000014 6141.dat
1 0 78.001650 16.999980 84.000950 1.000015 0.000000 0.000000 0.000000 1.000000 0.000000 0.000000 0.000000 1.000014 3020.dat
1 0 58.001260 24.999980 84.000930 0.000000 0.000000 -1.000015 0.000000 1.000000 0.000000 1.000014 0.000000 0.000000 122c01.dat
1 256 58.001250 31.000000 55.000400 1.000034 0.000000 0.000000 0.000000 1.000000 0.000000 0.000000 0.000000 1.000033 4084.dat
1 256 58.001240 31.000000 113.001300 -1.000034 0.000000 0.000000 0.000000 1.000000 0.000000 0.000000 0.000000 -1.000033 4084.dat
1 15 -72.000720 -15.000020 84.000920 0.000000 0.000000 -1.000015 0.000000 1.000000 0.000000 1.000014 0.000000 0.000000 3023.dat
1 15 108.001900 -15.000020 84.000950 0.000000 0.000000 -1.000015 0.000000 1.000000 0.000000 1.000014 0.000000 0.000000 3023.dat
1 7 -42.000210 8.879990 84.000920 0.000000 -0.707114 0.707114 1.000000 0.000000 0.000000 0.000000 0.707114 0.707114 3749.dat
1 15 -72.000720 -39.000020 84.000920 0.000000 0.000000 -1.000015 0.000000 1.000000 0.000000 1.000014 0.000000 0.000000 3010.dat
1 15 -72.000720 -63.000020 84.000920 0.000001 0.000000 -1.000021 0.000000 1.000000 0.000000 1.000020 0.000000 0.000001 3010.dat
1 15 -72.000720 -87.000040 84.000920 0.000001 0.000000 -1.000021 0.000000 1.000000 0.000000 1.000020 0.000000 0.000001 3010.dat
1 15 108.001900 -39.000020 84.000950 0.000000 0.000000 -1.000015 0.000000 1.000000 0.000000 1.000014 0.000000 0.000000 3010.dat
1 15 108.001900 -63.000020 84.000950 0.000001 0.000000 -1.000017 0.000000 1.000000 0.000000 1.000016 0.000000 0.000001 3010.dat
1 15 108.001900 -87.000040 84.000950 0.000001 0.000000 -1.000017 0.000000 1.000000 0.000000 1.000016 0.000000 0.000001 3010.dat
1 15 -21.999960 -87.000040 114.001300 1.000015 0.000000 0.000000 0.000000 1.000000 0.000000 0.000000 0.000000 1.000014 4215a.dat
1 15 58.001240 -87.000040 114.001300 1.000015 0.000000 0.000000 0.000000 1.000000 0.000000 0.000000 0.000000 1.000014 4215a.dat
1 15 -21.999950 -87.000040 54.000320 -1.000015 0.000000 0.000000 0.000000 1.000000 0.000000 0.000000 0.000000 -1.000014 4215a.dat
1 15 58.001260 -87.000040 54.000400 -1.000015 0.000000 0.000000 0.000000 1.000000 0.000000 0.000000 0.000000 -1.000014 4215a.dat
1 15 98.001800 -111.000000 84.000930 0.000000 0.000000 -1.000015 0.000000 1.000000 0.000000 1.000014 0.000000 0.000000 3001.dat
1 15 -1.999710 -111.000000 54.000400 1.000015 0.000000 0.000000 0.000000 1.000000 0.000000 0.000000 0.000000 1.000014 3008.dat
1 15 -1.999710 -111.000000 114.001300 1.000015 0.000000 0.000000 0.000000 1.000000 0.000000 0.000000 0.000000 1.000014 3008.dat
1 14 -82.000800 -111.000000 84.000930 1.000015 0.000000 0.000000 0.000000 1.000000 0.000000 0.000000 0.000000 1.000014 3003.dat
1 1 -72.000720 -119.000000 84.000920 0.000000 0.000000 -1.000015 0.000000 1.000000 0.000000 1.000014 0.000000 0.000000 4625.dat
1 1 108.001900 -119.000000 84.000950 0.000000 0.000000 1.000015 0.000000 1.000000 0.000000 -1.000014 0.000000 0.000000 4625.dat
1 1 18.000680 -119.000000 54.000420 1.000015 0.000000 0.000000 0.000000 1.000000 0.000000 0.000000 0.000000 1.000014 4162.dat
1 1 18.000680 -119.000000 114.001300 1.000015 0.000000 0.000000 0.000000 1.000000 0.000000 0.000000 0.000000 1.000014 4162.dat
1 1 78.001650 -127.000000 84.000950 0.000000 0.000000 1.000015 0.000000 1.000000 0.000000 -1.000014 0.000000 0.000000 4213.dat
1 1 -42.000000 -127.000000 84.000000 0.000000 0.000000 -1.000000 0.000000 1.000000 0.000000 1.000000 0.000000 0.000000 4213.dat
1 1 28.000780 -127.000000 84.000960 0.000000 0.000000 -1.000015 0.000000 1.000000 0.000000 1.000014 0.000000 0.000000 3710.dat
1 1 8.000520 -127.000000 84.000950 0.000000 0.000000 -1.000015 0.000000 1.000000 0.000000 1.000014 0.000000 0.000000 3710.dat
1 1 18.000670 -135.000000 84.000950 1.000015 0.000000 0.000000 0.000000 1.000000 0.000000 0.000000 0.000000 1.000014 3795.dat
1 1 140.000000 40.000000 -39.999980 1.000000 0.000000 0.000000 0.000000 1.000000 0.000000 0.000000 0.000000 1.000000 3031.dat
1 1 140.000000 48.000000 -9.999990 -1.000000 0.000000 0.000000 0.000000 1.000000 0.000000 0.000000 0.000000 -1.000000 3710.dat
1 1 140.000000 48.000000 -69.999980 -1.000000 0.000000 0.000000 0.000000 1.000000 0.000000 0.000000 0.000000 -1.000000 3710.dat
1 14 120.000000 16.000000 -39.999980 1.000000 0.000000 0.000000 0.000000 1.000000 0.000000 0.000000 0.000000 1.000000 3003.dat
1 14 160.000000 16.000000 -39.999980 1.000000 0.000000 0.000000 0.000000 1.000000 0.000000 0.000000 0.000000 1.000000 3003.dat
1 14 140.000000 -8.000000 -39.999980 1.000000 0.000000 0.000000 0.000000 1.000000 0.000000 0.000000 0.000000 1.000000 3003.dat
1 4 -11.250000 28.000000 -40.000000 0.000000 0.000000 -1.000000 0.000000 1.000000 0.000000 1.000000 0.000000 0.000000 971.dat
1 4 -11.250000 28.000000 -40.000000 0.000000 0.707107 -0.707107 0.000000 0.707107 0.707107 1.000000 0.000000 0.000000 972.dat
1 4 -11.250000 16.000000 -40.000000 0.000000 0.000000 -1.000000 0.000000 1.000000 0.000000 1.000000 0.000000 0.000000 970.dat
1 4 -11.250010 -16.000000 -40.000000 0.000000 0.000000 -1.000000 0.000000 1.000000 0.000000 1.000000 0.000000 0.000000 973.dat
1 4 -11.250000 -7.090660 -24.434680 0.000000 -0.637467 -0.770478 -0.170671 0.759173 -0.628114 0.985328 0.131498 -0.108797 3819.dat
1 4 -11.250000 -7.092830 -55.574610 0.000000 0.000000 -1.000000 0.169703 0.985495 0.000000 0.985495 -0.169703 0.000000 3818.dat
1 14 -1.749990 10.783060 -63.726440 0.119998 -0.696851 -0.707107 0.048984 0.715542 -0.696850 0.991565 0.048984 0.119998 3820.dat
1 14 -15.657090 12.761420 -15.921630 -0.169914 -0.980960 -0.094053 -0.152350 0.120442 -0.980961 0.973611 -0.152350 -0.169914 3820.dat
1 14 -11.250000 -40.000000 -40.000000 -0.342020 0.000000 -0.939693 0.000000 1.000000 0.000000 0.939693 0.000000 -0.342020 3626ap01.dat
1 0 -11.250000 -40.000000 -40.000020 -0.342020 0.000000 -0.939693 0.000000 1.000000 0.000000 0.939693 0.000000 -0.342020 3901.dat
