0 6367-5-BoxTruck.ldr
0 Name: 6367-5 - Box Truck
0 Author: Nenufar
0 Theme: Heavy Plant
0 CustomBrick

1 0 100.000000 -8.000000 0.000000 1.000000 0.000000 0.000000 0.000000 1.000000 0.000000 0.000000 0.000000 1.000000 3795.dat
1 0 -60.000000 -8.000000 0.000000 1.000000 0.000000 0.000000 0.000000 1.000000 0.000000 0.000000 0.000000 1.000000 3832.dat
1 0 -120.000000 -16.000000 0.000000 1.000000 0.000000 0.000000 0.000000 1.000000 0.000000 0.000000 0.000000 1.000000 3020.dat
1 0 60.000000 -16.000000 0.000000 1.000000 0.000000 0.000000 0.000000 1.000000 0.000000 0.000000 0.000000 1.000000 3832.dat
1 0 -20.000000 -24.000000 0.000000 1.000000 0.000000 0.000000 0.000000 1.000000 0.000000 0.000000 0.000000 1.000000 3832.dat
1 0 -140.000000 -24.000000 0.000000 1.000000 0.000000 0.000000 0.000000 1.000000 0.000000 0.000000 0.000000 1.000000 3022.dat
1 0 -70.000000 -16.000000 -10.000000 1.000000 0.000000 0.000000 0.000000 1.000000 0.000000 0.000000 0.000000 1.000000 4081b.dat
1 0 -70.000000 -16.000000 10.000000 -1.000000 0.000000 0.000000 0.000000 1.000000 0.000000 0.000000 0.000000 -1.000000 4081b.dat
1 0 100.000000 -24.000000 0.000000 1.000000 0.000000 0.000000 0.000000 1.000000 0.000000 0.000000 0.000000 1.000000 3022.dat
1 0 140.000000 -24.000000 0.000000 1.000000 0.000000 0.000000 0.000000 1.000000 0.000000 0.000000 0.000000 1.000000 3022.dat
1 1 -140.000000 -40.000000 0.000000 0.000000 0.000000 1.000000 0.000000 1.000000 0.000000 -1.000000 0.000000 0.000000 4211.dat
1 1 150.000000 -32.000000 0.000000 0.000000 0.000000 -1.000000 0.000000 1.000000 0.000000 1.000000 0.000000 0.000000 4315.dat
1 1 130.000000 -32.000000 0.000000 0.000000 0.000000 -1.000000 0.000000 1.000000 0.000000 1.000000 0.000000 0.000000 3710.dat
1 1 0.000000 -32.000000 10.000000 1.000000 0.000000 0.000000 0.000000 1.000000 0.000000 0.000000 0.000000 1.000000 3460.dat
1 1 0.000000 -32.000000 -10.000000 1.000000 0.000000 0.000000 0.000000 1.000000 0.000000 0.000000 0.000000 1.000000 3460.dat
1 1 -40.000000 -32.000000 30.000000 1.000000 0.000000 0.000000 0.000000 1.000000 0.000000 0.000000 0.000000 1.000000 3710.dat
1 1 226.225600 -73.255100 -30.000100 0.707107 -0.707107 0.000000 -0.707107 -0.707107 0.000000 0.000000 0.000000 -1.000000 3710.dat
1 36 150.000000 -24.000000 -30.000000 1.000000 0.000000 0.000000 0.000000 1.000000 0.000000 0.000000 0.000000 1.000000 6141.dat
1 36 150.000000 -24.000000 30.000000 1.000000 0.000000 0.000000 0.000000 1.000000 0.000000 0.000000 0.000000 1.000000 6141.dat
1 14 -42.000000 -14.000000 -30.000000 0.000000 -1.000000 0.000000 1.000000 0.000000 0.000000 0.000000 0.000000 1.000000 3062b.dat
1 14 -41.999990 -14.000000 30.000000 0.000000 -1.000000 0.000000 1.000000 0.000000 0.000000 0.000000 0.000000 1.000000 3062b.dat
1 4 117.712500 3.999930 -130.294800 -0.707106 0.500001 -0.500000 0.000001 0.707106 0.707107 0.707107 0.500000 -0.500000 971.dat
1 4 117.712500 -8.000070 -130.294800 -0.707107 0.000001 -0.707107 0.000001 1.000000 0.000001 0.707107 0.000000 -0.707106 970.dat
1 4 117.712500 3.999930 -130.294800 -0.707107 0.000001 -0.707107 0.000001 1.000000 0.000001 0.707107 0.000000 -0.707106 972.dat
1 4 117.712400 -40.000040 -130.294800 -0.707107 0.000001 -0.707107 0.000001 1.000000 0.000001 0.707107 0.000000 -0.707106 973.dat
1 4 106.706600 -31.090740 -119.288900 -0.696734 -0.120682 -0.707107 -0.170671 0.985328 0.000001 0.696735 0.120683 -0.707106 3819.dat
1 4 128.724200 -31.092600 -141.307000 -0.696841 0.584845 -0.415147 0.169701 0.696842 0.696849 0.696841 0.415144 -0.584849 3818.dat
1 14 147.265600 -25.321560 -131.348100 -0.707107 -0.000001 -0.707105 0.000001 0.999997 0.000002 0.707108 -0.000001 -0.707105 3820.dat
1 14 108.000700 -13.222830 -106.440900 -0.786409 -0.457835 -0.414666 -0.049254 0.715635 -0.696729 0.615739 -0.527492 -0.585335 3820.dat
1 14 117.712400 -64.000030 -130.294800 -0.707107 0.000001 -0.707107 0.000001 1.000000 0.000001 0.707107 0.000000 -0.707106 3626ap01.dat
1 0 117.712400 -64.000030 -130.294800 -0.707107 0.000001 -0.707107 0.000001 1.000000 0.000001 0.707107 0.000000 -0.707106 3901.dat
1 0 -140.000000 0.000000 0.000000 0.000000 0.000000 -1.000000 0.000000 1.000000 0.000000 1.000000 0.000000 0.000000 122c01.dat
1 0 100.000000 0.000000 0.000000 0.000000 0.000000 -1.000000 0.000000 1.000000 0.000000 1.000000 0.000000 0.000000 122c01.dat
1 0 40.000000 0.000000 0.000000 0.000000 0.000000 -1.000004 0.000000 1.000000 0.000000 1.000004 0.000000 0.000000 122c01.dat
1 256 -140.000000 6.000000 -29.000000 1.000000 0.000000 0.000000 0.000000 1.000000 0.000000 0.000000 0.000000 1.000000 4084.dat
1 256 39.999920 6.000000 -29.000050 1.000000 0.000000 0.000000 0.000000 1.000000 0.000000 0.000000 0.000000 1.000000 4084.dat
1 256 99.999980 6.000000 -29.000060 1.000002 0.000000 0.000000 0.000000 1.000000 0.000000 0.000000 0.000000 1.000002 4084.dat
1 256 100.000000 6.000000 29.000060 -1.000002 0.000000 0.000000 0.000000 1.000000 0.000000 0.000000 0.000000 -1.000002 4084.dat
1 256 40.000020 6.000000 29.000130 -1.000004 0.000000 0.000000 0.000000 1.000000 0.000000 0.000000 0.000000 -1.000004 4084.dat
1 256 -140.000000 6.000000 29.000000 -1.000000 0.000000 0.000000 0.000000 1.000000 0.000000 0.000000 0.000000 -1.000000 4084.dat
1 1 -170.000000 -40.000000 0.000000 0.000000 0.000000 -1.000000 0.000000 1.000000 0.000000 1.000000 0.000000 0.000000 3710.dat
1 1 -110.000000 -40.000000 30.000010 1.000000 0.000000 0.000000 0.000000 1.000000 0.000000 0.000000 0.000000 1.000000 3024.dat
1 1 -110.000000 -40.000000 -30.000000 1.000000 0.000000 0.000000 0.000000 1.000000 0.000000 0.000000 0.000000 1.000000 3024.dat
1 1 60.000000 -40.000000 20.000000 1.000000 0.000000 0.000000 0.000000 1.000000 0.000000 0.000000 0.000000 1.000000 3022.dat
1 1 59.999980 -40.000000 -20.000000 1.000000 0.000000 0.000000 0.000000 1.000000 0.000000 0.000000 0.000000 1.000000 3022.dat
1 1 10.000000 -40.000000 -20.000000 1.000000 0.000000 0.000000 0.000000 1.000000 0.000000 0.000000 0.000000 1.000000 3021.dat
1 1 10.000000 -40.000000 20.000000 1.000000 0.000000 0.000000 0.000000 1.000000 0.000000 0.000000 0.000000 1.000000 3021.dat
1 1 120.000000 -40.000000 0.000000 1.000000 0.000000 0.000000 0.000000 1.000000 0.000000 0.000000 0.000000 1.000000 3031.dat
1 1 -60.000000 -40.000000 0.000000 1.000000 0.000000 0.000000 0.000000 1.000000 0.000000 0.000000 0.000000 1.000000 3031.dat
1 1 -40.000000 -32.000000 -29.999990 -1.000000 0.000000 0.000000 0.000000 1.000000 0.000000 0.000000 0.000000 -1.000000 3710.dat
1 1 192.284300 -50.627420 0.000010 0.000000 -0.707107 -0.707107 0.000000 -0.707107 0.707107 -1.000000 0.000000 -0.000001 4213.dat
1 1 234.710900 -93.054080 0.000040 0.000001 -0.707107 -0.707110 0.000000 -0.707107 0.707110 -1.000005 0.000000 -0.000001 3709b.dat
1 1 226.225600 -73.255090 30.000160 0.707107 -0.707107 0.000000 -0.707107 -0.707107 0.000000 0.000000 0.000000 -1.000000 3710.dat
1 15 40.000000 -112.000000 30.000000 1.000000 0.000000 0.000000 0.000000 1.000000 0.000000 0.000000 0.000000 1.000000 4215a.dat
1 15 120.000000 -112.000000 30.000000 1.000000 0.000000 0.000000 0.000000 1.000000 0.000000 0.000000 0.000000 1.000000 4215a.dat
1 15 39.999990 -112.000000 -30.000000 -1.000000 0.000000 0.000000 0.000000 1.000000 0.000000 0.000000 0.000000 -1.000000 4215a.dat
1 15 120.000000 -112.000000 -29.999990 -1.000000 0.000000 0.000000 0.000000 1.000000 0.000000 0.000000 0.000000 -1.000000 4215a.dat
1 15 -40.000000 -64.000000 -30.000000 1.000000 0.000000 0.000000 0.000000 1.000000 0.000000 0.000000 0.000000 1.000000 3010.dat
1 14 -40.000000 -88.000000 -30.000000 1.000000 0.000000 0.000000 0.000000 1.000000 0.000000 0.000000 0.000000 1.000000 3010.dat
1 15 -40.000000 -64.000000 30.000000 1.000000 0.000000 0.000000 0.000000 1.000000 0.000000 0.000000 0.000000 1.000000 3010.dat
1 14 -40.000000 -88.000000 30.000000 1.000000 0.000000 0.000000 0.000000 1.000000 0.000000 0.000000 0.000000 1.000000 3010.dat
1 15 -30.000000 -112.000000 -30.000000 1.000000 0.000000 0.000000 0.000000 1.000000 0.000000 0.000000 0.000000 1.000000 3622.dat
1 15 -30.000000 -112.000000 30.000000 1.000000 0.000000 0.000000 0.000000 1.000000 0.000000 0.000000 0.000000 1.000000 3622.dat
1 15 -89.999980 -64.000000 0.000000 0.000000 0.000000 -1.000000 0.000000 1.000000 0.000000 1.000000 0.000000 0.000000 3010.dat
1 15 -90.000000 -88.000000 -30.000000 1.000000 0.000000 0.000000 0.000000 1.000000 0.000000 0.000000 0.000000 1.000000 3005.dat
1 15 -89.999980 -88.000000 30.000000 1.000000 0.000000 0.000000 0.000000 1.000000 0.000000 0.000000 0.000000 1.000000 3005.dat
1 15 -80.000000 -96.000000 -30.000000 1.000000 0.000000 0.000000 0.000000 1.000000 0.000000 0.000000 0.000000 1.000000 3023.dat
1 15 -80.000000 -104.000000 -30.000000 1.000000 0.000000 0.000000 0.000000 1.000000 0.000000 0.000000 0.000000 1.000000 3023.dat
1 15 -80.000000 -96.000000 30.000000 1.000000 0.000000 0.000000 0.000000 1.000000 0.000000 0.000000 0.000000 1.000000 3023.dat
1 15 -80.000000 -104.000000 30.000000 1.000000 0.000000 0.000000 0.000000 1.000000 0.000000 0.000000 0.000000 1.000000 3023.dat
1 15 -70.000000 -112.000000 30.000000 1.000000 0.000000 0.000000 0.000000 1.000000 0.000000 0.000000 0.000000 1.000000 4085a.dat
1 15 -70.000000 -112.000000 -30.000000 -1.000000 0.000000 0.000000 0.000000 1.000000 0.000000 0.000000 0.000000 -1.000000 4085a.dat
1 15 -70.000000 -136.000000 0.000000 0.000000 0.000000 -1.000000 0.000000 1.000000 0.000000 1.000000 0.000000 0.000000 3010.dat
1 15 130.000000 -136.000000 30.000000 1.000000 0.000000 0.000000 0.000000 1.000000 0.000000 0.000000 0.000000 1.000000 3622.dat
1 15 130.000000 -136.000000 -30.000000 1.000000 0.000000 0.000000 0.000000 1.000000 0.000000 0.000000 0.000000 1.000000 3622.dat
1 15 19.999980 -136.000000 -29.999980 1.000000 0.000000 0.000000 0.000000 1.000000 0.000000 0.000000 0.000000 1.000000 3008.dat
1 15 19.999980 -136.000000 30.000000 1.000000 0.000000 0.000000 0.000000 1.000000 0.000000 0.000000 0.000000 1.000000 3008.dat
1 1 39.999980 -144.000000 0.000000 1.000000 0.000000 0.000000 0.000000 1.000000 0.000000 0.000000 0.000000 1.000000 3029.dat
1 15 -170.000000 -64.000000 30.000000 0.000000 0.000000 1.000000 0.000000 1.000000 0.000000 -1.000000 0.000000 0.000000 4070.dat
1 15 -170.000000 -64.000000 -30.000000 0.000000 0.000000 1.000000 0.000000 1.000000 0.000000 -1.000000 0.000000 0.000000 4070.dat
1 46 -184.000000 -54.000000 30.000000 0.000000 1.000000 0.000000 0.000000 0.000000 1.000000 1.000000 0.000000 0.000000 3024.dat
1 46 -184.000000 -54.000000 -30.000010 0.000000 1.000000 0.000000 0.000000 0.000000 1.000000 1.000000 0.000000 0.000000 3024.dat
1 15 -150.000000 -64.000000 -30.000000 0.000000 0.000000 1.000000 0.000000 1.000000 0.000000 -1.000000 0.000000 0.000000 3822.dat
1 15 -150.000000 -64.000000 30.000000 0.000000 0.000000 1.000000 0.000000 1.000000 0.000000 -1.000000 0.000000 0.000000 3821.dat
1 47 -150.000000 -112.000000 0.000000 0.000000 0.000000 1.000000 0.000000 1.000000 0.000000 -1.000000 0.000000 0.000000 4594.dat
1 1 -150.000000 -40.000000 0.000000 0.000000 0.000000 1.000000 0.000000 1.000000 0.000000 -1.000000 0.000000 0.000000 3829c01.dat
1 1 -170.000100 -64.000000 0.000020 0.000000 0.000000 1.000000 0.000000 1.000000 0.000000 -1.000000 0.000000 0.000000 4175.dat
1 1 -170.000000 -48.000000 0.000000 0.000000 0.000000 1.000000 0.000000 1.000000 0.000000 -1.000000 0.000000 0.000000 3023.dat
1 1 -170.000100 -56.000000 0.000030 0.000000 0.000000 1.000001 0.000000 1.000000 0.000000 -1.000001 0.000000 0.000000 3023.dat
1 1 -120.000000 -120.000000 -0.000020 -0.000001 0.000000 1.000000 0.000000 1.000000 0.000000 -1.000000 0.000000 -0.000001 4213.dat
1 1 -89.999930 -112.000000 0.000050 0.000000 0.000000 1.000000 0.000000 1.000000 0.000000 -1.000000 0.000000 0.000000 4625.dat
1 1 -170.000000 -120.000000 -0.000010 0.000000 0.000000 -1.000000 0.000000 1.000000 0.000000 1.000000 0.000000 0.000000 3710.dat
1 14 180.000000 8.000000 -60.000000 1.000000 0.000000 0.000000 0.000000 1.000000 0.000000 0.000000 0.000000 1.000000 3003.dat
1 14 220.000000 8.000000 -40.000000 1.000000 0.000000 0.000000 0.000000 1.000000 0.000000 0.000000 0.000000 1.000000 3003.dat
1 14 200.000000 -16.000000 -60.000000 1.000000 0.000000 0.000000 0.000000 1.000000 0.000000 0.000000 0.000000 1.000000 3003.dat
1 14 220.000000 8.000000 -80.000000 1.000000 0.000000 0.000000 0.000000 1.000000 0.000000 0.000000 0.000000 1.000000 3003.dat
