0 6367-1-LargeTruck.ldr
0 Name: 6367-1 - Large Truck
0 Author: Nenufar
0 Theme: Heavy Plant
0 CustomBrick

1 0 -130.502100 -39.139990 9.498199 0.707113 0.000000 -0.707113 0.000000 1.000000 0.000000 0.707113 0.000000 0.707113 3795.dat
1 0 -17.363760 -39.139980 122.636500 0.707113 0.000000 -0.707113 0.000000 1.000000 0.000000 0.707113 0.000000 0.707113 3022.dat
1 0 -73.933200 -47.140000 66.067050 0.707113 0.000000 -0.707113 0.000000 1.000000 0.000000 0.707113 0.000000 0.707113 3832.dat
1 0 -158.786900 -47.140010 -18.786620 0.707113 0.000000 0.707113 0.000000 1.000000 0.000000 -0.707113 0.000000 0.707113 3176.dat
1 0 -144.644600 -55.140010 -4.644330 0.707113 0.000000 -0.707113 0.000000 1.000000 0.000000 0.707113 0.000000 0.707113 3068b.dat
1 0 -116.359700 -55.140010 23.640560 0.707113 0.000000 -0.707113 0.000000 1.000000 0.000000 0.707113 0.000000 0.707113 3068b.dat
1 0 -165.857900 -55.140010 -25.857600 -0.707113 0.000000 -0.707113 0.000000 1.000000 0.000000 0.707113 0.000000 -0.707113 3069b.dat
1 1 -17.363780 -63.139990 122.636500 -0.707113 0.000000 -0.707113 0.000000 1.000000 0.000000 0.707113 0.000000 -0.707113 4211.dat
1 1 -31.506620 -55.140000 108.493600 0.707113 0.000000 -0.707113 0.000000 1.000000 0.000000 0.707113 0.000000 0.707113 3022.dat
1 1 -95.146400 -55.140000 73.138280 0.707113 0.000000 -0.707113 0.000000 1.000000 0.000000 0.707113 0.000000 0.707113 3021.dat
1 1 -66.861980 -55.140000 44.853880 0.707113 0.000000 -0.707113 0.000000 1.000000 0.000000 0.707113 0.000000 0.707113 3021.dat
1 1 -10.292660 -63.139990 129.707600 0.707113 0.000000 -0.707113 0.000000 1.000000 0.000000 0.707113 0.000000 0.707113 3021.dat
1 1 -52.719960 -63.140000 44.853790 0.707113 0.000000 -0.707113 0.000000 1.000000 0.000000 0.707113 0.000000 0.707113 3666.dat
1 1 -95.146450 -63.140000 87.280360 0.707113 0.000000 -0.707113 0.000000 1.000000 0.000000 0.707113 0.000000 0.707113 3666.dat
1 1 -88.075400 -63.140000 51.924850 0.707113 0.000000 -0.707113 0.000000 1.000000 0.000000 0.707113 0.000000 0.707113 3022.dat
1 1 -38.577560 -63.139990 101.422700 -0.707113 0.000000 -0.707113 0.000000 1.000000 0.000000 0.707113 0.000000 -0.707113 3829c01.dat
1 14 -88.075420 -87.139980 9.498330 0.707113 0.000000 -0.707113 0.000000 1.000000 0.000000 0.707113 0.000000 0.707113 3062b.dat
1 14 -130.502000 -87.139980 51.924860 0.707113 0.000000 -0.707113 0.000000 1.000000 0.000000 0.707113 0.000000 0.707113 3062b.dat
1 15 -88.075450 -87.139980 51.924850 -0.707113 0.000000 -0.707113 0.000000 1.000000 0.000000 0.707113 0.000000 -0.707113 3001.dat
1 15 -66.862140 -95.139980 30.711580 0.707113 0.000000 -0.707113 0.000000 1.000000 0.000000 0.707113 0.000000 0.707113 3023.dat
1 15 -109.288700 -95.139980 73.138160 0.707113 0.000000 -0.707113 0.000000 1.000000 0.000000 0.707113 0.000000 0.707113 3023.dat
1 15 -95.146840 -95.139980 44.853470 -0.707113 0.000000 -0.707113 0.000000 1.000000 0.000000 0.707113 0.000000 -0.707113 3023.dat
1 15 -45.648640 -87.139980 136.778200 -0.707113 0.000000 -0.707113 0.000000 1.000000 0.000000 0.707113 0.000000 -0.707113 4070.dat
1 15 -3.222140 -87.139980 94.351580 -0.707113 0.000000 -0.707113 0.000000 1.000000 0.000000 0.707113 0.000000 -0.707113 4070.dat
1 46 6.678190 -77.139980 104.251800 0.707114 -0.707115 0.000000 0.000000 0.000000 1.000000 -0.707115 -0.707114 0.000000 3024.dat
1 46 -35.748340 -77.139980 146.678500 0.000000 -0.707115 -0.707114 1.000000 0.000000 0.000000 0.000000 -0.707114 0.707115 3024.dat
1 15 -10.292660 -87.139980 129.707600 0.707113 0.000000 -0.707113 0.000000 1.000000 0.000000 0.707113 0.000000 0.707113 3002.dat
1 15 -95.146840 -119.140000 44.853470 -0.707113 0.000000 -0.707113 0.000000 1.000000 0.000000 0.707113 0.000000 -0.707113 3010.dat
1 15 -59.790920 -119.140000 37.782800 0.707113 0.000000 -0.707113 0.000000 1.000000 0.000000 0.707113 0.000000 0.707113 3005.dat
1 15 -102.217500 -119.140000 80.209360 0.707113 0.000000 -0.707113 0.000000 1.000000 0.000000 0.707113 0.000000 0.707113 3005.dat
1 15 -17.365600 -87.139980 80.207890 -0.707100 0.000000 -0.707100 0.000000 1.000000 0.000000 0.707100 0.000000 -0.707100 3821.dat
1 15 -59.790850 -87.139980 122.636000 -0.707113 0.000000 -0.707113 0.000000 1.000000 0.000000 0.707113 0.000000 -0.707113 3822.dat
1 15 -66.862140 -127.140000 30.711580 0.707113 0.000000 -0.707113 0.000000 1.000000 0.000000 0.707113 0.000000 0.707113 3023.dat
1 15 -109.288700 -127.140000 73.138160 0.707113 0.000000 -0.707113 0.000000 1.000000 0.000000 0.707113 0.000000 0.707113 3023.dat
1 15 -95.146800 -127.140000 44.853480 -0.707113 0.000000 -0.707113 0.000000 1.000000 0.000000 0.707113 0.000000 -0.707113 3023.dat
1 1 -10.292630 -95.139980 129.707600 -0.707113 0.000000 -0.707113 0.000000 1.000000 0.000000 0.707113 0.000000 -0.707113 3023.dat
1 1 3.849610 -95.139980 143.849900 -0.707113 0.000000 -0.707113 0.000000 1.000000 0.000000 0.707113 0.000000 -0.707113 4175.dat
1 47 -38.577590 -135.140000 101.422700 -0.707113 0.000000 -0.707113 0.000000 1.000000 0.000000 0.707113 0.000000 -0.707113 4594.dat
1 15 -95.146800 -135.140000 44.853480 -0.707113 0.000000 -0.707113 0.000000 1.000000 0.000000 0.707113 0.000000 -0.707113 3023.dat
1 15 -102.217400 -135.140000 80.209380 0.707113 0.000000 -0.707113 0.000000 1.000000 0.000000 0.707113 0.000000 0.707113 3070b.dat
1 15 -59.790940 -135.140000 37.782780 0.707113 0.000000 -0.707113 0.000000 1.000000 0.000000 0.707113 0.000000 0.707113 3070b.dat
1 15 -73.933560 -135.140000 23.640170 0.707113 0.000000 0.707113 0.000000 1.000000 0.000000 -0.707113 0.000000 0.707113 4085a.dat
1 15 -116.360100 -135.140000 66.066750 0.707113 0.000000 0.707113 0.000000 1.000000 0.000000 -0.707113 0.000000 0.707113 4085a.dat
1 1 -95.146820 -143.140000 44.853460 -0.707113 0.000000 -0.707113 0.000000 1.000000 0.000000 0.707113 0.000000 -0.707113 4315.dat
1 1 -59.791000 -143.140000 80.209290 -0.707113 0.000000 -0.707113 0.000000 1.000000 0.000000 0.707113 0.000000 -0.707113 4213.dat
1 1 -66.862080 -167.140000 73.138200 -0.707113 0.000000 -0.707113 0.000000 1.000000 0.000000 0.707113 0.000000 -0.707113 3937.dat
1 1 -61.862060 -164.211100 78.138200 -0.707113 -0.500000 -0.500001 0.000000 0.707107 -0.707107 0.707113 -0.500000 -0.500000 3938.dat
1 1 -57.862100 -169.867900 82.138160 -0.707113 -0.500000 -0.500001 0.000000 0.707107 -0.707107 0.707113 -0.500000 -0.500000 3710.dat
1 14 -34.720180 -168.453700 76.995640 -0.707113 -0.500000 -0.500001 0.000000 0.707107 -0.707107 0.707113 -0.500000 -0.500000 3068b.dat
1 14 -63.004610 -168.453700 105.280100 -0.707113 -0.500000 -0.500001 0.000000 0.707107 -0.707107 0.707113 -0.500000 -0.500000 3068b.dat
1 14 -130.501900 -94.979990 51.924900 0.707113 0.000000 -0.707113 0.000000 1.000000 0.000000 0.707113 0.000000 0.707113 3957.dat
1 14 -88.075410 -94.989990 9.498320 0.707113 0.000000 -0.707113 0.000000 1.000000 0.000000 0.707113 0.000000 0.707113 3957.dat
1 1 -24.435400 -143.140000 115.564900 -0.707113 0.000000 -0.707113 0.000000 1.000000 0.000000 0.707113 0.000000 -0.707113 3710.dat
1 0 -17.363760 -31.139980 122.636500 -0.707113 0.000000 -0.707113 0.000000 1.000000 0.000000 0.707113 0.000000 -0.707113 122c01.dat
1 0 -116.359700 -31.139990 23.640560 -0.707113 0.000000 -0.707113 0.000000 1.000000 0.000000 0.707113 0.000000 -0.707113 122c01.dat
1 0 -158.786300 -31.140030 -18.785760 -0.707107 0.000000 -0.707107 0.000000 1.000000 0.000000 0.707107 0.000000 -0.707107 122c01.dat
1 256 -138.280700 -25.139990 -39.292780 0.707113 0.000000 -0.707113 0.000000 1.000000 0.000000 0.707113 0.000000 0.707113 4084.dat
1 256 -95.853550 -25.139990 3.134360 0.707113 0.000000 -0.707113 0.000000 1.000000 0.000000 0.707113 0.000000 0.707113 4084.dat
1 256 3.142410 -25.139980 102.130300 0.707113 0.000000 -0.707113 0.000000 1.000000 0.000000 0.707113 0.000000 0.707113 4084.dat
1 256 -37.869940 -25.139980 143.142600 -0.707113 0.000000 0.707113 0.000000 1.000000 0.000000 -0.707113 0.000000 -0.707113 4084.dat
1 256 -136.865900 -25.139990 44.146720 -0.707113 0.000000 0.707113 0.000000 1.000000 0.000000 -0.707113 0.000000 -0.707113 4084.dat
1 256 -179.293000 -25.139990 1.719590 -0.707113 0.000000 0.707113 0.000000 1.000000 0.000000 -0.707113 0.000000 -0.707113 4084.dat
1 1 -180.000000 -63.000000 -360.000000 1.000000 0.000000 0.000000 0.000000 1.000000 0.000000 0.000000 0.000000 1.000000 3031.dat
1 1 -160.000000 -63.000000 10.000000 0.000000 0.000000 -1.000000 0.000000 1.000000 0.000000 1.000000 0.000000 0.000000 3021.dat
1 1 -200.000000 -63.000000 10.000000 0.000000 0.000000 -1.000000 0.000000 1.000000 0.000000 1.000000 0.000000 0.000000 3021.dat
1 1 -180.000000 -63.000000 -40.000000 1.000000 0.000000 0.000000 0.000000 1.000000 0.000000 0.000000 0.000000 1.000000 3709b.dat
1 1 -180.000000 -63.000000 -180.000000 0.000000 0.000000 -1.000000 0.000000 1.000000 0.000000 1.000000 0.000000 0.000000 3029.dat
1 1 -180.000000 -63.000020 -310.000000 -1.000000 0.000000 0.000000 0.000000 1.000000 0.000007 0.000000 0.000007 -1.000000 3710.dat
1 1 -150.000000 -71.000000 -390.000000 1.000000 0.000000 0.000000 0.000000 1.000000 0.000000 0.000000 0.000000 1.000000 3024.dat
1 1 -180.000000 -71.000000 -390.000000 1.000000 0.000000 0.000000 0.000000 1.000000 0.000000 0.000000 0.000000 1.000000 3023.dat
1 1 -210.000000 -71.000000 -320.000000 0.000000 0.000000 -1.000000 0.000000 1.000000 0.000000 1.000000 0.000000 0.000000 3460.dat
1 1 -210.000000 -71.000000 -80.000040 0.000000 0.000000 1.000000 0.000000 1.000000 0.000000 -1.000000 0.000000 0.000000 3460.dat
1 1 -190.000000 -71.000000 20.000000 -1.000000 0.000000 0.000000 0.000000 1.000000 0.000000 0.000000 0.000000 -1.000000 3021.dat
1 1 -150.000000 -71.000000 30.000000 1.000000 0.000000 0.000000 0.000000 1.000000 0.000000 0.000000 0.000000 1.000000 3024.dat
1 1 -210.000000 -71.000000 -200.000000 0.000000 0.000000 -1.000000 0.000000 1.000000 0.000000 1.000000 0.000000 0.000000 3710.dat
1 1 -150.000000 -71.000000 -180.000100 0.000000 0.000000 -1.000000 0.000000 1.000000 0.000000 1.000000 0.000000 0.000000 3710.dat
1 1 -180.000000 -71.000000 -40.000000 0.000000 0.000000 -1.000000 0.000000 1.000000 0.000000 1.000000 0.000000 0.000000 3709b.dat
1 1 -150.000000 -71.000000 -300.000100 0.000000 0.000000 -1.000000 0.000000 1.000000 0.000000 1.000000 0.000000 0.000000 4162.dat
1 1 -150.000000 -71.000000 -60.000000 0.000000 0.000000 -1.000000 0.000000 1.000000 0.000000 1.000000 0.000000 0.000000 4162.dat
1 15 -180.000000 -95.000000 -389.999900 -1.000000 0.000000 -0.000001 0.000000 1.000000 0.000000 0.000001 0.000000 -1.000000 3010.dat
1 15 -180.000000 -119.000000 -389.999900 -1.000000 0.000000 -0.000001 0.000000 1.000000 0.000000 0.000001 0.000000 -1.000000 3010.dat
1 15 -180.000000 -143.000000 -389.999900 -1.000000 0.000000 -0.000001 0.000000 1.000000 0.000000 0.000001 0.000000 -1.000000 3010.dat
1 15 -180.000000 -95.000000 30.000000 -1.000000 0.000000 -0.000001 0.000000 1.000000 0.000000 0.000001 0.000000 -1.000000 3010.dat
1 15 -180.000000 -119.000000 30.000000 -1.000000 0.000000 -0.000001 0.000000 1.000000 0.000000 0.000001 0.000000 -1.000000 3010.dat
1 15 -180.000000 -143.000000 30.000000 -1.000000 0.000000 -0.000001 0.000000 1.000000 0.000000 0.000001 0.000000 -1.000000 3010.dat
1 15 -210.000000 -95.000000 -180.000000 -0.000001 0.000000 1.000000 0.000000 1.000000 0.000000 -1.000000 0.000000 -0.000001 3010.dat
1 14 -210.000000 -119.000000 -180.000000 -0.000001 0.000000 1.000000 0.000000 1.000000 0.000000 -1.000000 0.000000 -0.000001 3010.dat
1 15 -210.000000 -143.000000 -180.000000 -0.000001 0.000000 1.000000 0.000000 1.000000 0.000000 -1.000000 0.000000 -0.000001 3010.dat
1 15 -210.000000 -143.000000 -340.000100 0.000000 0.000000 -1.000000 0.000000 1.000000 0.000000 1.000000 0.000000 0.000000 4215a.dat
1 15 -210.000000 -143.000000 -260.000000 0.000000 0.000000 -1.000000 0.000000 1.000000 0.000000 1.000000 0.000000 0.000000 4215a.dat
1 15 -210.000000 -143.000000 -100.000000 0.000000 0.000000 -1.000000 0.000000 1.000000 0.000000 1.000000 0.000000 0.000000 4215a.dat
1 15 -210.000000 -143.000000 -20.000040 0.000000 0.000000 -1.000000 0.000000 1.000000 0.000000 1.000000 0.000000 0.000000 4215a.dat
1 15 -150.000000 -95.000000 -180.000100 -0.000001 0.000000 1.000000 0.000000 1.000000 0.000000 -1.000000 0.000000 -0.000001 3010.dat
1 14 -150.000400 -119.000000 -180.000500 -0.000001 0.000000 1.000003 0.000000 1.000000 0.000000 -1.000003 0.000000 -0.000001 3010.dat
1 15 -150.000400 -143.000000 -180.000500 -0.000001 0.000000 1.000003 0.000000 1.000000 0.000000 -1.000003 0.000000 -0.000001 3010.dat
1 15 -210.000000 -167.000000 -260.000000 0.000000 0.000000 -1.000000 0.000000 1.000000 0.000000 1.000000 0.000000 0.000000 3008.dat
1 15 -210.000000 -167.000000 -100.000000 0.000000 0.000000 -1.000000 0.000000 1.000000 0.000000 1.000000 0.000000 0.000000 3008.dat
1 15 -170.000000 -167.000000 -389.999900 1.000000 0.000000 0.000000 0.000000 1.000000 0.000000 0.000000 0.000000 1.000000 3622.dat
1 15 -210.000000 -167.000000 -370.000100 0.000000 0.000000 1.000000 0.000000 1.000000 0.000000 -1.000000 0.000000 0.000000 3622.dat
1 15 -210.000000 -167.000000 9.999960 0.000000 0.000000 1.000000 0.000000 1.000000 0.000000 -1.000000 0.000000 0.000000 3622.dat
1 15 -170.000000 -167.000000 30.000000 1.000000 0.000000 0.000000 0.000000 1.000000 0.000000 0.000000 0.000000 1.000000 3622.dat
1 15 -150.000400 -167.000000 -180.000400 -0.000001 0.000000 1.000000 0.000000 1.000000 0.000000 -1.000000 0.000000 -0.000001 3010.dat
1 1 -180.000000 -175.000000 -389.999900 -1.000000 0.000000 0.000000 0.000000 1.000000 0.000007 0.000000 0.000007 -1.000000 3710.dat
1 1 -180.000000 -175.000000 29.999970 -1.000000 0.000000 0.000000 0.000000 1.000000 0.000007 0.000000 0.000007 -1.000000 3710.dat
1 1 -150.000400 -175.000000 -180.000400 0.000000 -0.000007 1.000000 0.000000 1.000000 0.000007 -1.000000 0.000000 0.000000 3710.dat
1 1 -210.000000 -174.999900 -180.000100 0.000000 0.000000 1.000000 0.000007 1.000000 0.000000 -1.000000 0.000007 0.000000 3710.dat
1 1 -180.000000 -183.000000 29.999910 -1.000000 0.000000 0.000000 0.000000 1.000000 0.000007 0.000000 0.000007 -1.000000 3710.dat
1 1 -180.000000 -183.000000 -390.000000 -1.000000 0.000000 0.000000 0.000000 1.000000 0.000007 0.000000 0.000007 -1.000000 3710.dat
1 1 -180.000300 -183.000000 -180.000400 1.000000 0.000000 0.000000 0.000000 1.000000 0.000000 0.000000 0.000000 1.000000 3031.dat
1 1 -210.000000 -175.000000 -100.000000 0.000000 0.000000 -1.000006 0.000000 1.000000 0.000000 1.000006 0.000000 0.000000 4625.dat
1 1 -210.000000 -175.000000 -19.999550 0.000000 0.000000 -1.000006 0.000000 1.000000 0.000000 1.000006 0.000000 0.000000 4625.dat
1 1 -183.539100 -195.071300 -100.000000 0.000000 0.342023 -0.939692 -0.000001 0.939698 0.342021 1.000006 0.000000 0.000000 4213.dat
1 1 -183.539200 -195.071400 -19.999510 0.000000 0.342023 -0.939692 -0.000001 0.939698 0.342021 1.000006 0.000000 0.000000 4213.dat
1 1 -152.612200 -197.814400 -59.999740 0.000000 0.342023 0.939692 0.000000 0.939698 -0.342021 -1.000006 0.000001 0.000000 3460.dat
1 15 -149.876100 -190.296900 -59.999740 0.000000 0.342023 0.939692 0.000001 0.939698 -0.342021 -1.000006 0.000001 0.000000 3008.dat
1 15 -141.667400 -167.743600 -19.999330 0.000001 0.342021 0.939692 0.000000 0.939692 -0.342021 -1.000000 0.000000 0.000001 4215a.dat
1 15 -141.667600 -167.744100 -99.999110 0.000001 0.342023 0.939694 0.000000 0.939698 -0.342021 -1.000008 0.000000 0.000001 4215a.dat
1 1 -210.000000 -175.000000 -340.000100 0.000000 0.000000 -1.000000 0.000000 1.000000 0.000000 1.000000 0.000000 0.000000 4625.dat
1 1 -210.000100 -175.000000 -260.000000 0.000000 0.000000 -1.000003 0.000000 1.000000 0.000000 1.000003 0.000000 0.000000 4625.dat
1 1 -201.464500 -212.176800 -340.000400 0.000000 0.866027 -0.499999 -0.000001 0.500001 0.866024 1.000003 0.000000 0.000000 4213.dat
1 1 -201.464600 -212.177000 -260.000000 0.000000 0.866027 -0.499999 -0.000001 0.500001 0.866024 1.000003 0.000000 0.000000 4213.dat
1 1 -179.536400 -234.157500 -300.000100 0.000000 0.866027 0.499999 0.000000 0.500001 -0.866023 -1.000003 0.000000 0.000000 3460.dat
1 15 -172.607900 -230.157700 -300.000100 0.000000 0.866027 0.499999 0.000000 0.500001 -0.866024 -1.000003 0.000000 0.000000 3008.dat
1 15 -151.823200 -218.157400 -260.000000 0.000000 0.866027 0.499999 -0.000001 0.500001 -0.866024 -1.000003 0.000000 0.000001 4215a.dat
1 15 -151.823000 -218.157400 -339.999500 0.000000 0.866027 0.500000 -0.000001 0.500001 -0.866025 -1.000005 0.000000 0.000001 4215a.dat
1 7 -180.000000 -53.190000 -40.000000 0.000000 0.000000 1.000000 1.000000 0.000000 0.000000 0.000000 1.000000 0.000000 3749.dat
1 0 -180.000000 -55.000000 -200.000000 0.000000 0.000000 -1.000000 0.000000 1.000000 0.000000 1.000000 0.000000 0.000000 3832.dat
1 0 -180.000000 -55.000000 -340.000000 0.000000 0.000000 -1.000000 0.000000 1.000000 0.000000 1.000000 0.000000 0.000000 3020.dat
1 0 -190.000100 -47.000000 -370.000100 0.000000 0.000000 1.000000 0.000000 1.000000 0.000000 -1.000000 0.000000 0.000000 4081b.dat
1 0 -170.000000 -47.000000 -370.000100 0.000000 0.000000 -1.000000 0.000000 1.000000 0.000000 1.000000 0.000000 0.000000 4081b.dat
1 0 -180.000000 -47.000000 -300.000000 1.000000 0.000000 0.000000 0.000000 1.000000 0.000000 0.000000 0.000000 1.000000 3022.dat
1 0 -180.000000 -47.000000 -200.000000 1.000000 0.000000 0.000000 0.000000 1.000000 0.000000 0.000000 0.000000 1.000000 3022.dat
1 0 -180.000000 -39.000000 -280.000100 0.000000 0.000000 -1.000000 0.000000 1.000000 0.000000 1.000000 0.000000 0.000000 3832.dat
1 36 -210.000100 -45.000000 -382.000100 0.000000 0.000000 -1.000000 -1.000000 0.000000 0.000000 0.000000 1.000000 0.000000 6141.dat
1 36 -150.000000 -45.000000 -382.000100 0.000000 0.000000 -1.000000 -1.000000 0.000000 0.000000 0.000000 1.000000 0.000000 6141.dat
1 0 -190.000000 -47.000000 -160.000000 0.000000 0.000000 -1.000000 0.000000 1.000000 0.000000 1.000000 0.000000 0.000000 4275b.dat
1 0 -170.000000 -47.000000 -160.000000 0.000000 0.000000 -1.000000 0.000000 1.000000 0.000000 1.000000 0.000000 0.000000 4275b.dat
1 0 -190.000100 -47.000000 -160.000000 0.000000 0.000000 -1.000000 0.000000 1.000000 0.000000 1.000000 0.000000 0.000000 4531.dat
1 0 -170.000100 -46.999980 -160.000000 0.000000 0.000000 -1.000000 0.000000 1.000000 0.000000 1.000000 0.000000 0.000000 4531.dat
1 0 -180.000100 -30.999980 -170.000100 1.000000 0.000000 0.000000 0.000000 1.000000 0.000000 0.000000 0.000000 1.000000 3710.dat
1 0 -180.000100 -31.000000 -300.000500 0.999999 0.000000 0.000000 0.000000 1.000000 0.000000 0.000000 0.000000 0.999999 122c01.dat
1 0 -180.000000 -31.000000 -240.000000 1.000000 0.000000 0.000000 0.000000 1.000000 0.000000 0.000000 0.000000 1.000000 122c01.dat
1 256 -209.000100 -25.000000 -240.000000 0.000000 0.000000 1.000000 0.000000 1.000000 0.000000 -1.000000 0.000000 0.000000 4084.dat
1 256 -209.000100 -25.000000 -300.000000 0.000000 0.000000 1.000000 0.000000 1.000000 0.000000 -1.000000 0.000000 0.000000 4084.dat
1 256 -151.000300 -25.000000 -300.000000 0.000000 0.000000 -1.000000 0.000000 1.000000 0.000000 1.000000 0.000000 0.000000 4084.dat
1 256 -151.000300 -25.000000 -240.000100 0.000000 0.000000 -1.000000 0.000000 1.000000 0.000000 1.000000 0.000000 0.000000 4084.dat
1 14 -180.000000 -87.000010 -320.000000 1.000000 0.000000 0.000000 0.000000 1.000000 0.000000 0.000000 0.000000 1.000000 3003.dat
1 14 -180.000000 -87.000000 -260.000000 1.000000 0.000000 0.000000 0.000000 1.000000 0.000000 0.000000 0.000000 1.000000 3003.dat
1 14 -180.000000 -111.000000 -260.000000 1.000000 0.000000 0.000000 0.000000 1.000000 0.000000 0.000000 0.000000 1.000000 3003.dat
1 14 -180.000000 -111.000000 -320.000000 1.000000 0.000000 0.000000 0.000000 1.000000 0.000000 0.000000 0.000000 1.000000 3003.dat
1 14 -180.000000 -87.000000 -100.000000 1.000000 0.000000 0.000000 0.000000 1.000000 0.000000 0.000000 0.000000 1.000000 3003.dat
1 4 -20.000000 -28.000000 -151.250000 -1.000000 0.000000 0.000000 0.000000 1.000000 0.000000 0.000000 0.000000 -1.000000 972c.dat
1 4 -20.000000 -28.000000 -151.250000 -1.000000 0.000000 0.000000 0.000000 0.707107 -0.707107 0.000000 -0.707107 -0.707107 971c.dat
1 4 -20.000000 -40.000000 -151.250000 1.000000 0.000000 0.000000 0.000000 1.000000 0.000000 0.000000 0.000000 1.000000 970b.dat
1 4 -20.000000 -72.000000 -151.250000 1.000000 0.000000 0.000000 0.000000 1.000000 0.000000 0.000000 0.000000 1.000000 973.dat
1 4 -4.434670 -63.090660 -151.250000 -0.985328 0.170671 0.000000 0.170671 0.985328 0.000000 0.000000 0.000000 -1.000000 3818.dat
1 4 -35.574610 -63.092840 -151.250000 -0.985495 -0.165808 -0.036152 -0.169703 0.962874 0.209940 0.000000 0.213030 -0.977046 3819.dat
1 14 3.734710 -45.222780 -141.750000 -0.991469 -0.049255 -0.120683 0.049255 0.715638 -0.696732 0.120683 -0.696732 -0.707107 3820.dat
1 14 -43.290920 -47.746120 -137.431900 -0.995436 0.026506 0.091681 -0.026506 0.846075 -0.532405 -0.091681 -0.532405 -0.841510 3820.dat
1 14 -20.000000 -96.000000 -151.250000 -0.981627 0.000000 0.190809 0.000000 1.000000 0.000000 -0.190809 0.000000 -0.981627 3626ap01.dat
1 0 -20.000000 -96.000000 -151.250000 -0.981628 0.000000 0.190809 0.000000 1.000000 0.000000 -0.190809 0.000000 -0.981628 3901.dat
