0 6651-MailTruck.ldr
0 Name: 6651 - Mail Truck
0 Author: Nenufar
0 Theme: Heavy Plant
0 CustomBrick

1 14 -99.000030 -30.907520 -33.000020 -0.000001 0.000000 1.000000 0.000000 1.000000 0.000000 -1.000000 0.000000 -0.000001 3829.dat
1 4 -89.000040 -30.907520 -33.000040 0.000000 0.000000 1.000000 0.000000 1.000000 0.000000 -1.000000 0.000000 0.000000 4211.dat
1 0 -29.000030 -14.907520 -33.000050 1.000000 0.000000 0.000000 0.000000 1.000000 0.000000 0.000000 0.000000 1.000000 3034.dat
1 4 30.999980 -30.907520 -33.000060 0.000000 0.000000 -1.000000 0.000000 1.000000 0.000000 1.000000 0.000000 0.000000 4211.dat
1 14 10.999990 -102.907500 -2.999990 1.000000 0.000000 0.000001 0.000000 1.000000 0.000000 -0.000001 0.000000 1.000000 4215b.dat
1 14 30.999970 -110.907500 -33.000060 1.000000 0.000000 0.000000 0.000000 1.000000 0.000000 0.000000 0.000000 1.000000 3031.dat
1 14 60.999980 -102.907500 -33.000060 0.000000 0.000000 -1.000000 0.000000 1.000000 0.000000 1.000000 0.000000 0.000000 3853.dat
1 4 60.999980 -30.907520 -33.000060 0.000000 0.000000 -1.000000 0.000000 1.000000 0.000000 1.000000 0.000000 0.000000 3710.dat
1 14 10.999970 -102.907500 -63.000060 -1.000000 0.000000 -0.000001 0.000000 1.000000 0.000000 0.000001 0.000000 -1.000000 4215b.dat
1 4 -29.000040 -30.907520 -63.000040 1.000000 0.000000 0.000000 0.000000 1.000000 0.000000 0.000000 0.000000 1.000000 3710.dat
1 4 -29.000030 -30.907520 -2.999990 1.000000 0.000000 0.000000 0.000000 1.000000 0.000000 0.000000 0.000000 1.000000 3710.dat
1 4 10.999980 -30.907520 -33.000060 1.000000 0.000000 0.000000 0.000000 1.000000 0.000000 0.000000 0.000000 1.000000 3020.dat
1 7 -9.000020 -38.907520 -33.000060 1.000000 0.000000 0.000000 0.000000 1.000000 0.000000 0.000000 0.000000 1.000000 3068b.dat
1 7 30.999980 -38.907520 -33.000060 1.000000 0.000000 0.000000 0.000000 1.000000 0.000000 0.000000 0.000000 1.000000 3068b.dat
1 0 -89.000040 -6.907520 -33.000040 0.000000 0.000000 -1.000000 0.000000 1.000000 0.000000 1.000000 0.000000 0.000000 4600.dat
1 0 30.999980 -6.907520 -33.000060 0.000000 0.000000 -1.000000 0.000000 1.000000 0.000000 1.000000 0.000000 0.000000 4600.dat
1 4 -119.000000 -30.907520 -33.000030 0.000000 0.000000 -1.000000 0.000000 1.000000 0.000000 1.000000 0.000000 0.000000 3710.dat
1 14 -119.000000 -54.907520 -33.000030 0.000000 0.000000 -1.000000 0.000000 1.000000 0.000000 1.000000 0.000000 0.000000 3004.dat
1 47 -99.000030 -102.907500 -33.000020 0.000000 0.000000 1.000000 0.000000 1.000000 0.000000 -1.000000 0.000000 0.000000 3823.dat
1 14 -119.000000 -54.907520 -2.999970 0.000000 0.000000 1.000000 0.000000 1.000000 0.000000 -1.000000 0.000000 0.000000 4070.dat
1 46 -133.296500 -44.907520 -2.999970 0.000000 1.000000 0.000000 0.000000 0.000000 -1.000000 -1.000000 0.000000 0.000000 3024.dat
1 14 -119.000000 -54.907520 -63.000020 0.000000 0.000000 1.000000 0.000000 1.000000 0.000000 -1.000000 0.000000 0.000000 4070.dat
1 46 -133.296600 -44.907520 -63.000000 0.000000 1.000000 0.000000 0.000000 0.000000 -1.000000 -1.000000 0.000000 0.000000 3024.dat
1 14 -39.000070 -30.907520 -33.000050 0.000000 0.000000 -1.000000 0.000000 1.000000 0.000000 1.000000 0.000000 0.000000 3023.dat
1 14 -39.000070 -54.907520 -33.000050 0.000000 0.000000 -1.000000 0.000000 1.000000 0.000000 1.000000 0.000000 0.000000 3010.dat
1 14 -69.000000 -110.907500 -33.000000 -0.000001 0.000000 1.000000 0.000000 1.000000 0.000000 -1.000000 0.000000 -0.000001 4213.dat
1 14 -19.000040 -110.907500 -33.000050 0.000000 0.000000 -1.000000 0.000000 1.000000 0.000000 1.000000 0.000000 0.000000 3710.dat
1 14 -99.000030 -54.907520 -2.999980 0.000000 0.000000 1.000000 0.000000 1.000000 0.000000 -1.000000 0.000000 0.000000 3821.dat
1 14 -99.000050 -54.907520 -63.000020 0.000000 0.000000 1.000000 0.000000 1.000000 0.000000 -1.000000 0.000000 0.000000 3822.dat
1 14 73.674580 -102.913000 -71.799870 -1.000000 0.000000 0.000000 0.000000 1.000000 0.000000 0.000000 0.000000 -1.000000 3856.dat
1 14 73.675400 -102.913000 5.799770 1.000000 0.000000 0.000000 0.000000 1.000000 0.000000 0.000000 0.000000 1.000000 3856.dat
1 256 -89.000030 -1.907510 -2.999980 -0.112297 -0.993675 0.000000 0.993675 -0.112297 0.000001 -0.000001 0.000000 1.000000 3641.dat
1 4 -36.177400 -54.500720 -118.657600 0.707106 -0.183013 -0.683013 0.000000 0.965926 -0.258819 0.707107 0.183013 0.683013 973.dat
1 4 -48.820320 -45.897060 -128.040200 0.665796 0.098144 -0.739653 0.163920 0.947854 0.273321 0.727912 -0.303221 0.614983 3818.dat
1 4 -26.861370 -45.927510 -106.092900 0.727970 0.462866 -0.505788 -0.164856 0.834243 0.526177 0.665500 -0.299658 0.683608 3819.dat
1 14 -43.258320 -31.304140 -143.283500 0.769496 -0.238584 -0.592416 -0.096325 0.873619 -0.476966 0.631349 0.424087 0.649272 3820.dat
1 14 -9.369200 -36.162950 -115.294900 0.728508 -0.011694 -0.684940 -0.189439 0.957425 -0.217835 0.658328 0.288449 0.695274 3820.dat
1 0 -42.033740 -23.591070 -112.801100 0.707106 -0.183013 -0.683013 0.000000 0.965926 -0.258819 0.707106 0.183013 0.683013 970.dat
1 0 -44.229920 -12.000000 -110.605000 0.707107 -0.183013 -0.683016 0.000000 0.965926 -0.258820 0.707107 0.183013 0.683016 3816.dat
1 0 -44.229920 -12.000000 -110.605000 0.707107 0.000000 -0.707107 0.000000 1.000000 0.000000 0.707107 0.000000 0.707107 3817.dat
1 0 -31.785100 -77.682910 -123.049800 0.707105 -0.183013 -0.683012 0.000000 0.965926 -0.258819 0.707106 0.183013 0.683011 3624.dat
1 0 40.000000 8.000000 -160.000000 1.000000 0.000000 0.000000 0.000000 1.000000 0.000000 0.000000 0.000000 1.000000 3022.dat
1 14 40.000000 -39.999950 -160.000000 0.000000 0.000000 1.000000 0.000000 1.000000 0.000000 -1.000000 0.000000 0.000000 4345b.dat
1 14 40.000000 -39.999950 -160.000000 0.000000 0.000000 1.000000 0.000000 1.000000 0.000000 -1.000000 0.000000 0.000000 4346.dat
1 15 36.000000 -16.000000 -156.000000 1.000000 0.000000 0.000000 0.000000 1.000000 0.000000 0.000000 0.000000 1.000000 3069bp01.dat
1 15 35.000000 -8.000000 -160.000000 1.000000 0.000000 0.000000 0.000000 1.000000 0.000000 0.000000 0.000000 1.000000 3069bp01.dat
1 15 36.000000 -24.000000 -164.000000 1.000000 0.000000 0.000000 0.000000 1.000000 0.000000 0.000000 0.000000 1.000000 3069bp01.dat
1 14 -31.785090 -77.682900 -123.049800 0.763944 -0.183013 -0.618785 0.022558 0.965926 -0.257834 0.644888 0.183013 0.742042 3626ap01.dat
1 4 -89.000030 -1.907520 -2.999980 -0.707107 -0.707107 0.000000 -0.707107 0.707107 0.000000 0.000000 0.000000 -1.000000 4624.dat
1 256 31.000020 -1.907510 -3.000000 -0.112297 -0.993675 0.000000 0.993675 -0.112297 0.000001 -0.000001 0.000000 1.000000 3641.dat
1 4 30.999990 -1.907530 -3.000000 -0.707107 -0.707107 0.000000 -0.707107 0.707107 0.000000 0.000000 0.000000 -1.000000 4624.dat
1 256 -89.000040 -1.907530 -63.000080 0.112297 0.993675 0.000000 0.993675 -0.112297 0.000001 0.000001 0.000000 -1.000000 3641.dat
1 4 -89.000040 -1.907520 -63.000030 0.707107 0.707107 0.000000 -0.707106 0.707106 0.000000 0.000000 0.000000 1.000000 4624.dat
1 256 30.999960 -1.907530 -63.000040 0.112297 0.993675 0.000000 0.993675 -0.112297 0.000001 0.000001 0.000000 -1.000000 3641.dat
1 4 30.999970 -1.907520 -63.000040 0.707107 0.707107 0.000000 -0.707106 0.707106 0.000000 0.000000 0.000000 1.000000 4624.dat
