0 4641-Speedboat.ldr
0 Name: 4641 - Speedboat
0 Author: juraj3579
0 Theme: Boats
0 CustomBrick

1 15 0.000000 0.000000 0.000000 1.000000 0.000000 0.000000 0.000000 1.000000 0.000000 0.000000 0.000000 1.000000 52501.dat
1 4 -50.000000 8.000000 30.000000 1.000000 0.000000 0.000000 0.000000 1.000000 0.000000 0.000000 0.000000 1.000000 3666.dat
1 4 -50.000000 8.000000 -30.000000 1.000000 0.000000 0.000000 0.000000 1.000000 0.000000 0.000000 0.000000 1.000000 3666.dat
1 15 -50.000000 0.000000 0.000000 1.000000 0.000000 0.000000 0.000000 1.000000 0.000000 0.000000 0.000000 1.000000 60219.dat
1 0 -100.000000 -16.000000 0.000000 0.000000 0.000000 -1.000000 0.000000 1.000000 0.000000 1.000000 0.000000 0.000000 3010.dat
1 4 -10.000000 8.000000 0.000000 0.000000 0.000000 -1.000000 0.000000 1.000000 0.000000 1.000000 0.000000 0.000000 3022.dat
1 15 -130.000000 0.000000 0.000000 0.000000 0.000000 1.000000 0.000000 1.000000 0.000000 -1.000000 0.000000 0.000000 87611.dat
1 4 -130.000000 -24.000000 0.000000 0.000000 0.000000 1.000000 0.000000 1.000000 0.000000 -1.000000 0.000000 0.000000 87615.dat
1 15 0.000000 8.000000 -30.000000 0.000000 0.000000 -1.000000 0.000000 1.000000 0.000000 1.000000 0.000000 0.000000 54200.dat
1 15 0.000000 8.000000 30.000000 0.000000 0.000000 -1.000000 0.000000 1.000000 0.000000 1.000000 0.000000 0.000000 54200.dat
1 0 -20.000000 -24.000000 0.000000 0.000000 0.000000 1.000000 0.000000 1.000000 0.000000 -1.000000 0.000000 0.000000 2432.dat
1 1 -80.000000 8.000000 0.000000 0.000000 0.000000 1.000000 0.000000 1.000000 0.000000 -1.000000 0.000000 0.000000 3829.dat
1 15 0.000000 -16.000000 0.000000 0.000000 0.000000 -1.000000 0.000000 1.000000 0.000000 1.000000 0.000000 0.000000 30236.dat
1 4 -70.000000 -24.000000 -50.000000 0.000000 0.000000 -1.000000 0.000000 1.000000 0.000000 1.000000 0.000000 0.000000 42022.dat
1 4 -70.000000 -24.000000 50.000000 0.000000 0.000000 -1.000000 0.000000 1.000000 0.000000 1.000000 0.000000 0.000000 42022.dat
1 0 -90.000000 24.000000 20.000000 0.000000 0.000000 -1.000000 0.000000 1.000000 0.000000 1.000000 0.000000 0.000000 2654.dat
1 0 -90.000000 24.000000 -20.000000 0.000000 0.000000 -1.000000 0.000000 1.000000 0.000000 1.000000 0.000000 0.000000 2654.dat
1 0 -190.000000 24.000000 0.000000 0.000000 0.000000 -1.000000 0.000000 1.000000 0.000000 1.000000 0.000000 0.000000 2654.dat
1 4 -250.000000 -8.000000 -10.000000 0.000000 0.000000 1.000000 0.000000 1.000000 0.000000 -1.000000 0.000000 0.000000 61409.dat
1 4 -250.000000 -8.000000 10.000000 0.000000 0.000000 1.000000 0.000000 1.000000 0.000000 -1.000000 0.000000 0.000000 61409.dat
1 15 -170.000000 -32.000000 0.000000 0.000000 0.000000 1.000000 0.000000 1.000000 0.000000 -1.000000 0.000000 0.000000 48183.dat
1 15 -140.000000 -32.000000 0.000000 0.000000 0.000000 1.000000 0.000000 1.000000 0.000000 -1.000000 0.000000 0.000000 2412a.dat
1 40 -100.000000 -56.000000 0.000000 0.000000 0.000000 1.000000 0.000000 1.000000 0.000000 -1.000000 0.000000 0.000000 57783.dat
1 0 50.000000 -8.000000 0.000000 -1.000000 0.000000 0.000000 0.000000 1.000000 0.000000 0.000000 0.000000 -1.000000 63868.dat
1 0 50.000000 -32.000000 0.000000 -1.000000 0.000000 0.000000 0.000000 1.000000 0.000000 0.000000 0.000000 -1.000000 52107.dat
1 0 40.000000 0.000000 0.000000 0.000000 0.000000 -1.000000 0.000000 1.000000 0.000000 1.000000 0.000000 0.000000 3665.dat
1 14 50.000000 -22.000000 18.000000 1.000000 0.000000 0.000000 0.000000 0.000000 1.000000 0.000000 -1.000000 0.000000 2412a.dat
1 14 50.000000 -22.000000 -18.000000 -1.000000 0.000000 0.000000 0.000000 0.000000 1.000000 0.000000 1.000000 0.000000 2412a.dat
1 0 50.000000 -32.000000 0.000000 0.000000 0.000000 -1.000000 0.000000 1.000000 0.000000 1.000000 0.000000 0.000000 61409.dat
1 1 -105.000000 -32.000000 -150.000000 0.000000 0.000000 1.000000 0.000000 1.000000 0.000000 -1.000000 0.000000 0.000000 973p81.dat
1 1 -105.000000 0.000000 -150.000000 0.000000 0.000000 1.000000 0.000000 1.000000 0.000000 -1.000000 0.000000 0.000000 970.dat
1 1 -105.000000 12.000000 -150.000000 0.000000 0.000000 1.000000 0.000000 1.000000 0.000000 -1.000000 0.000000 0.000000 3816.dat
1 1 -105.000000 12.000000 -150.000000 0.000000 0.000000 1.000000 0.000000 1.000000 0.000000 -1.000000 0.000000 0.000000 3817.dat
1 1 -105.000000 -23.035910 -134.399600 0.000000 0.000000 1.000000 0.173652 0.984807 0.000000 -0.984807 0.173652 0.000000 3818.dat
1 1 -105.000000 -23.035910 -165.600400 0.000000 0.000000 1.000000 -0.173652 0.984807 0.000000 -0.984807 -0.173652 0.000000 3819.dat
1 14 -114.899500 -5.291320 -173.806500 0.000000 0.707107 0.707107 -0.173652 0.696364 -0.696364 -0.984807 -0.122790 0.122790 3820.dat
1 14 -114.899500 -5.291320 -126.193600 -0.173632 0.685458 0.707107 -0.002658 0.717684 -0.696364 -0.984807 -0.122790 -0.122791 3820.dat
1 14 -105.000000 -58.000000 -150.000000 0.000000 0.000000 1.000000 0.000000 1.000000 0.000000 -1.000000 0.000000 0.000000 3626bp7c.dat
1 1 -105.000000 -58.000000 -150.000000 0.000000 0.000000 1.000000 0.000000 1.000000 0.000000 -1.000000 0.000000 0.000000 4485.dat
1 14 -105.000000 -32.000000 -150.000000 0.000000 0.000000 1.000000 0.000000 1.000000 0.000000 -1.000000 0.000000 0.000000 2610.dat
