0 5762-3-Speedboat.ldr
0 Name: 5762-3 - Speedboat
0 Author: Nenufar
0 Theme: Boats
0 Year: 2011
0 RRP: 6
0 Pieces: 43
0 CustomBrick

1 15 61.133620 -35.472200 0.000000 0.985704 -0.168489 0.000000 0.168489 0.985704 0.000000 0.000000 0.000000 1.000000 3022.dat
1 25 16.313810 -10.669250 0.000000 0.000000 -0.168489 0.985703 0.000000 0.985704 0.168489 -1.000000 0.000000 -0.000001 3020.dat
1 71 -40.132610 -36.549880 0.000050 0.985704 -0.168489 0.000000 0.168489 0.985704 0.000000 0.000000 0.000000 1.000000 3034.dat
1 15 -24.462250 -9.523200 10.000000 0.985704 -0.168489 0.000000 0.168489 0.985704 0.000000 0.000000 0.000000 1.000000 3666.dat
1 15 -24.462250 -9.523200 -10.000000 0.985704 -0.168489 0.000000 0.168489 0.985704 0.000000 0.000000 0.000000 1.000000 3666.dat
1 25 -48.641760 -46.120410 0.000050 0.000000 -0.168489 0.985704 0.000000 0.985704 0.168489 -1.000000 0.000000 -0.000001 3023.dat
1 15 17.661720 -18.554880 40.000000 0.000000 -0.168489 -0.985704 0.000000 0.985704 -0.168489 1.000000 0.000000 0.000000 41770.dat
1 15 17.661700 -18.554890 -40.000000 0.000000 -0.168489 -0.985704 0.000000 0.985704 -0.168489 1.000000 0.000000 0.000000 41769.dat
1 15 -80.908660 -35.403820 -29.999970 0.000000 -0.168489 0.985704 0.000000 0.985704 0.168489 -1.000000 0.000000 0.000000 54384.dat
1 15 -80.908630 -35.403810 29.999320 0.000000 -0.168489 0.985704 0.000000 0.985704 0.168489 -1.000000 0.000000 0.000000 54383.dat
1 80 51.276550 -37.157090 -29.999940 0.985704 -0.168489 0.000000 0.168489 0.985704 0.000000 0.000000 0.000000 1.000000 6141.dat
1 46 -106.436000 -64.115380 0.000050 0.000000 -0.168489 0.985703 0.000000 0.985704 0.168489 -1.000000 0.000000 0.000000 6141.dat
1 80 51.276580 -37.157080 29.999990 0.000000 -0.168489 -0.985703 0.000000 0.985704 -0.168489 1.000000 0.000000 0.000000 6141.dat
1 25 19.009620 -26.440510 30.000000 -0.985704 -0.168489 0.000000 -0.168489 0.985704 0.000000 0.000000 0.000000 -1.000000 3023.dat
1 25 19.009620 -26.440520 -30.000000 -0.985704 -0.168489 0.000000 -0.168489 0.985704 0.000000 0.000000 0.000000 -1.000000 3023.dat
1 25 -23.114330 -17.408830 -0.000030 0.000000 -0.168489 0.985704 0.000000 0.985704 0.168489 -1.000000 0.000000 -0.000001 3020.dat
1 15 -40.132610 -36.549880 -29.999970 0.985704 -0.168489 0.000000 0.168489 0.985704 0.000000 0.000000 0.000000 1.000000 3710.dat
1 15 -40.132580 -36.549880 30.000020 0.985704 -0.168489 0.000000 0.168489 0.985704 0.000000 0.000000 0.000000 1.000000 3710.dat
1 25 -9.213590 -39.380820 0.000050 0.985704 -0.168489 0.000000 0.168489 0.985704 0.000000 0.000000 0.000000 1.000000 3021.dat
1 25 -82.256560 -27.518180 0.000010 0.985704 -0.168489 0.000001 0.168489 0.985704 0.000000 -0.000001 0.000000 1.000000 3020.dat
1 25 31.562470 -40.526880 0.000070 0.000000 -0.168489 -0.985703 0.000000 0.985704 -0.168489 1.000000 0.000000 0.000000 3794b.dat
1 25 -7.865690 -47.266450 0.000040 0.000000 -0.168489 -0.985704 0.000000 0.985704 -0.168489 1.000000 0.000000 0.000000 3794b.dat
1 25 -107.783900 -56.229760 0.000040 0.000000 -0.168489 -0.985703 0.000000 0.985704 -0.168489 1.000000 0.000000 0.000000 3794b.dat
1 25 11.848400 -43.896660 -9.999949 0.985704 -0.168489 0.000000 0.168489 0.985704 0.000000 0.000000 0.000000 1.000000 3070b.dat
1 25 11.848400 -43.896660 10.000050 0.985704 -0.168489 0.000000 0.168489 0.985704 0.000000 0.000000 0.000000 1.000000 3070b.dat
1 71 40.071590 -30.956360 -19.999940 0.985704 -0.168489 0.000000 0.168489 0.985704 0.000000 0.000000 0.000000 1.000000 4488.dat
1 25 -130.193800 -43.828280 -9.999980 0.000000 -0.168489 0.985703 0.000000 0.985704 0.168489 -1.000000 0.000000 0.000000 54200.dat
1 25 -130.193700 -43.828260 10.000040 0.000000 -0.168489 0.985703 0.000000 0.985704 0.168489 -1.000000 0.000000 0.000000 54200.dat
1 72 -0.704420 -29.810290 30.000020 0.000000 -0.168489 0.985703 0.000000 0.985704 0.168489 -1.000000 0.000000 -0.000001 61409b.dat
1 72 -0.704470 -29.810300 -29.999960 0.000000 -0.168489 0.985703 0.000000 0.985704 0.168489 -1.000000 0.000000 -0.000001 61409b.dat
1 25 45.884930 -5.614570 -0.000070 0.000000 -0.168489 -0.985703 0.000000 0.985704 -0.168489 1.000000 0.000000 0.000000 3023.dat
1 80 31.562480 -40.526880 -29.999910 0.000000 -0.168489 0.985704 0.000000 0.985704 0.168489 -1.000000 0.000000 0.000000 6141.dat
1 80 31.562500 -40.526870 30.000020 0.000000 -0.168489 0.985704 0.000000 0.985704 0.168489 -1.000000 0.000000 0.000000 6141.dat
1 25 -78.212840 -51.175080 -9.999949 0.985704 -0.168489 0.000000 0.168489 0.985704 0.000000 0.000000 0.000000 1.000000 3069b.dat
1 25 -78.212840 -51.175060 10.000040 0.985704 -0.168489 0.000000 0.168489 0.985704 0.000000 0.000000 0.000000 1.000000 3069b.dat
1 40 -38.784690 -44.435500 0.000050 0.000000 -0.168489 0.985703 0.000000 0.985704 0.168489 -1.000000 0.000000 0.000000 30602.dat
1 15 17.661720 -18.554880 -0.000050 0.985704 -0.168489 0.000001 0.168489 0.985704 0.000000 -0.000001 0.000000 1.000000 3020.dat
1 71 40.071620 -30.956360 20.000000 0.985704 -0.168489 0.000000 0.168489 0.985704 0.000000 0.000000 0.000000 1.000000 4488.dat
1 40 -30.275570 -34.864990 -29.999970 0.985704 -0.168489 0.000000 0.168489 0.985704 0.000000 0.000000 0.000000 1.000000 54200.dat
1 40 -30.275540 -34.864970 30.000020 -0.985704 -0.168489 0.000000 -0.168489 0.985704 0.000000 0.000000 0.000000 -1.000000 54200.dat
1 0 -3.821960 -70.923360 0.000030 0.000000 -0.168489 -0.985704 0.000000 0.985704 -0.168489 1.000000 0.000000 0.000000 4286.dat
1 15 62.481520 -43.357820 -0.000010 0.000000 -0.168489 0.985704 0.000000 0.985704 0.168489 -1.000000 0.000000 0.000000 51739.dat
1 25 73.686440 -49.558560 -0.000010 0.000000 -0.168489 -0.985704 0.000000 0.985704 -0.168489 1.000000 0.000000 0.000000 3666.dat
