0 6599-SharkAttack.ldr
0 Name: 6599 - Shark Attack
0 Author: Robert Paciorek [bercik]
0 Theme: Boats
0 CustomBrick

1 15 -100.000000 0.000000 -40.000000 1.000000 0.000000 0.000000 0.000000 1.000000 0.000000 0.000000 0.000000 1.000000 2547a.dat
1 8 40.000000 0.000000 -50.000000 1.000000 0.000000 0.000000 0.000000 1.000000 0.000000 0.000000 0.000000 1.000000 2547a.dat
1 7 -291.503200 24.000000 -94.261470 0.766044 0.000000 0.642788 0.000000 1.000000 0.000000 -0.642788 0.000000 0.766044 30094.dat
1 7 -291.503200 0.000000 -94.261470 0.766044 0.000000 0.642788 0.000000 1.000000 0.000000 -0.642788 0.000000 0.766044 4871.dat
1 14 -283.842800 -8.000000 -100.689400 0.642788 0.000000 -0.766044 0.000000 1.000000 0.000000 0.766044 0.000000 0.642788 4315.dat
1 34 -318.447300 -8.000000 -110.814900 0.642788 0.000000 -0.766044 0.000000 1.000000 0.000000 0.766044 0.000000 0.642788 3024.dat
1 36 -279.880000 -8.000000 -64.852280 0.642788 0.000000 -0.766044 0.000000 1.000000 0.000000 0.766044 0.000000 0.642788 3024.dat
1 43 -273.118200 -4.000000 -109.688400 0.642788 0.000000 -0.766044 0.000000 1.000000 0.000000 0.766044 0.000000 0.642788 30083.dat
1 14 -299.163700 -8.000000 -87.833600 -0.642788 0.000000 0.766044 0.000000 1.000000 0.000000 -0.766044 0.000000 -0.642788 3747a.dat
1 0 -291.503200 -16.000000 -94.261470 0.766044 0.000000 0.642788 0.000000 1.000000 0.000000 -0.642788 0.000000 0.766044 3020.dat
1 0 -329.805500 -16.000000 -62.122080 -0.642788 0.000000 0.766044 0.000000 1.000000 0.000000 -0.766044 0.000000 -0.642788 2540.dat
1 4 -283.842700 8.000000 -100.689400 -0.642788 0.000000 0.766044 0.000000 1.000000 0.000000 -0.766044 0.000000 -0.642788 3023.dat
1 14 -272.219600 -32.000000 -71.280160 -0.766044 0.000000 -0.642788 0.000000 1.000000 0.000000 0.642788 0.000000 -0.766044 3660.dat
1 14 -310.786900 -32.000000 -117.242800 0.766044 0.000000 0.642788 0.000000 1.000000 0.000000 -0.642788 0.000000 0.766044 3660.dat
1 0 -283.842800 0.000000 -100.689300 -0.642788 0.000000 0.766044 0.000000 1.000000 0.000000 -0.766044 0.000000 -0.642788 3023.dat
1 14 -315.717100 -40.000000 -60.889520 0.766044 0.000000 0.642788 0.000000 1.000000 0.000000 -0.642788 0.000000 0.766044 3700.dat
1 14 -328.572900 -40.000000 -76.210400 0.766044 0.000000 0.642788 0.000000 1.000000 0.000000 -0.642788 0.000000 0.766044 3700.dat
1 15 -264.559100 -40.000000 -77.708040 -0.642788 0.000000 0.766044 0.000000 1.000000 0.000000 -0.766044 0.000000 -0.642788 4592c01.dat
1 0 -299.163700 -56.000000 -87.833600 -0.642788 0.000000 0.766044 0.000000 1.000000 0.000000 -0.766044 0.000000 -0.642788 3009.dat
1 7 -335.000800 -30.000000 -83.870830 -0.642788 0.000000 0.766044 0.000000 1.000000 0.000000 -0.766044 0.000000 -0.642788 3749.dat
1 7 -309.289200 -30.000000 -53.229080 0.642788 0.000000 -0.766044 0.000000 1.000000 0.000000 0.766044 0.000000 0.642788 3749.dat
1 14 -351.070500 -30.000000 -103.021900 0.000000 0.642788 0.766044 1.000000 0.000000 0.000000 0.000000 0.766044 -0.642788 3941.dat
1 14 -293.219500 -30.000000 -34.077970 0.000000 -0.642788 -0.766044 1.000000 0.000000 0.000000 0.000000 -0.766044 0.642788 3941.dat
1 0 -251.703400 -56.000000 -62.387160 -0.766044 0.000000 -0.642788 0.000000 1.000000 0.000000 0.642788 0.000000 -0.766044 2921.dat
1 0 -315.982200 -56.000000 -138.991600 0.766044 0.000000 0.642788 0.000000 1.000000 0.000000 -0.642788 0.000000 0.766044 4070.dat
1 14 -288.077200 -30.000000 -27.949620 0.000000 -0.642788 -0.766044 1.000000 0.000000 0.000000 0.000000 -0.766044 0.642788 4150.dat
1 0 -322.145000 -56.000000 -68.549960 0.642788 0.000000 -0.766044 0.000000 1.000000 0.000000 0.766044 0.000000 0.642788 6040.dat
1 14 -356.212700 -30.000000 -109.150300 0.000000 0.642788 0.766044 1.000000 0.000000 0.000000 0.000000 0.766044 -0.642788 4150.dat
1 15 -227.907000 -52.000000 -30.138420 0.000000 0.766044 0.642788 -1.000000 0.000000 0.000000 0.000000 -0.642788 0.766044 6019.dat
1 4 -335.383800 25.000000 -83.549440 0.000000 0.642788 -0.766044 -1.000000 0.000000 0.000000 0.000000 0.766044 0.642788 2335.dat
1 7 -361.979300 -46.000000 -35.124980 -0.766044 0.000000 -0.642788 0.000000 1.000000 0.000000 0.642788 0.000000 -0.766044 3749.dat
1 4 -329.805500 -64.000000 -62.122080 0.642788 0.000000 -0.766044 0.000000 1.000000 0.000000 0.766044 0.000000 0.642788 2412b.dat
1 14 -314.863600 -88.000000 -111.211200 0.766044 0.000000 0.642788 0.000000 1.000000 0.000000 -0.642788 0.000000 0.766044 30079.dat
1 14 -280.299400 -88.090800 -68.416640 -0.642788 0.000000 0.766044 0.000000 1.000000 0.000000 -0.766044 0.000000 -0.642788 30079.dat
1 15 -221.778600 -52.000000 -35.280730 0.000000 0.766044 0.642788 -1.000000 0.000000 0.000000 0.000000 -0.642788 0.766044 4740.dat
1 42 -215.650300 -52.000000 -40.423030 0.000000 0.766044 0.642788 -1.000000 0.000000 0.000000 0.000000 -0.642788 0.766044 6141.dat
1 4 -371.937900 -46.000000 -26.768740 -0.642788 0.000000 0.766044 0.000000 1.000000 0.000000 -0.766044 0.000000 -0.642788 6041.dat
1 7 -283.842800 -152.000000 -100.689400 0.642788 0.000000 -0.766044 0.000000 1.000000 0.000000 0.766044 0.000000 0.642788 2432.dat
1 36 -328.507900 -63.000000 -170.254200 0.642788 0.766044 0.000000 0.000000 0.000000 1.000000 0.766044 -0.642788 0.000000 6141.dat
1 47 -310.589400 -46.000000 -172.235600 0.642788 0.766044 0.000000 0.000000 0.000000 1.000000 0.766044 -0.642788 0.000000 6141.dat
1 15 -340.245100 -46.000000 -157.794800 0.766044 0.642788 0.000000 0.000000 0.000000 -1.000000 -0.642788 0.766044 0.000000 4360.dat
1 4 -298.927900 -93.000000 -89.721930 0.642788 0.000000 -0.766044 0.000000 1.000000 0.000000 0.766044 0.000000 0.642788 4485.dat
1 14 -298.927900 -93.000000 -89.721930 0.642788 0.000000 -0.766044 0.000000 1.000000 0.000000 0.766044 0.000000 0.642788 3626bp01.dat
1 4 -298.927900 -69.000000 -89.721930 0.642788 0.000000 -0.766044 0.000000 1.000000 0.000000 0.766044 0.000000 0.642788 973.dat
1 4 -297.631800 -37.000010 -89.119060 0.642788 0.000000 -0.766043 0.000000 1.000000 0.000000 0.766044 0.000000 0.642788 970.dat
1 4 -288.964600 -61.000000 -77.848240 0.642788 0.754240 -0.027894 -0.167595 0.172401 1.000000 0.766044 -0.632883 0.238815 3819.dat
1 4 -308.891100 -61.000000 -101.595600 0.642788 0.518293 -0.574283 0.167596 0.632755 0.755998 0.766044 -0.575320 0.314111 3818.dat
1 14 -270.156400 -68.283290 -88.117160 0.642788 0.519495 -0.573196 -0.167595 0.815562 0.553868 0.766044 -0.254919 0.603884 3820.dat
1 14 -296.454900 -57.052200 -120.036500 0.642788 -0.051627 -0.766044 0.167596 1.000000 0.071831 0.766044 -0.174878 0.642788 3820.dat
1 4 -297.631600 -25.000000 -89.119170 0.642788 0.766044 0.000000 0.000000 0.000000 1.000000 0.766044 -0.642788 0.000000 3817.dat
1 4 -297.631800 -25.000000 -89.119060 0.642788 0.766043 0.000000 0.000000 0.000000 1.000000 0.766044 -0.642788 0.000000 3816.dat
1 0 -77.577400 -96.000000 -206.307300 0.500000 0.000000 0.866025 0.000000 1.000000 0.000000 -0.866025 0.000000 0.500000 2446.dat
1 7 -76.023320 -72.000000 -205.410000 0.500000 0.000000 0.866025 0.000000 1.000000 0.000000 -0.866025 0.000000 0.500000 30091.dat
1 0 -81.023320 0.000000 -196.749800 0.349617 0.000000 0.952849 0.000000 1.000000 0.000000 -0.952849 0.000000 0.349617 2599.dat
1 47 -73.247280 -96.000000 -203.807300 0.500000 0.000000 0.866025 0.000000 1.000000 0.000000 -0.866025 0.000000 0.500000 30090.dat
1 0 -71.023320 0.000000 -214.070300 0.650384 0.000000 0.779201 0.000000 1.000000 0.000000 -0.779201 0.000000 0.650384 2599.dat
1 14 -77.577400 -96.000000 -206.307300 0.500000 0.000000 0.866025 0.000000 1.000000 0.000000 -0.866025 0.000000 0.500000 3626cp01.dat
1 4 -77.577400 -72.000000 -206.307300 0.500000 0.000000 0.866025 0.000000 1.000000 0.000000 -0.866025 0.000000 0.500000 973.dat
1 0 -77.577400 -40.000000 -206.307300 0.500000 0.000000 0.866025 0.000000 1.000000 0.000000 -0.866025 0.000000 0.500000 970.dat
1 4 -69.827400 -64.000000 -219.730700 0.500000 0.085000 0.866025 -0.170000 1.000000 0.000000 -0.866025 -0.147224 0.500000 3819.dat
1 4 -85.327400 -64.000000 -192.883900 0.500000 -0.085000 0.866025 0.170000 1.000000 0.000000 -0.866025 0.147224 0.500000 3818.dat
1 0 -74.408650 -46.127000 -231.795700 0.500000 0.672280 0.552280 -0.170000 0.697000 -0.697000 -0.866025 0.249577 0.457423 3820.dat
1 0 -98.066650 -46.127000 -190.818900 0.500000 0.552280 0.672280 0.170000 0.697000 -0.697000 -0.866025 0.457423 0.249577 3820.dat
1 4 -77.577400 -28.000000 -206.307300 0.500000 0.000000 0.866025 0.000000 1.000000 0.000000 -0.866025 0.000000 0.500000 3817.dat
1 4 -77.577400 -28.000000 -206.307300 0.500000 0.000000 0.866025 0.000000 1.000000 0.000000 -0.866025 0.000000 0.500000 3816.dat
1 14 -115.803900 -46.485400 -201.149800 0.500000 0.719253 0.489361 0.165579 0.474634 -0.864469 -0.866025 0.507344 0.114974 30088.dat
1 15 -100.000000 -26.500000 -59.400000 1.000000 0.000000 0.000000 0.000000 1.000000 0.000000 0.000000 0.000000 1.000000 2548.dat
1 8 40.000000 -26.500000 -69.400000 1.000000 0.000000 0.000000 0.000000 1.000000 0.000000 0.000000 0.000000 1.000000 2548.dat
1 7 40.000000 40.000000 -150.000000 0.000000 0.000000 1.000000 0.000000 1.000000 0.000000 -1.000000 0.000000 0.000000 2547a.dat
1 7 21.000000 13.373000 -150.000000 0.000000 0.000000 1.000000 0.000000 1.000000 0.000000 -1.000000 0.000000 0.000000 30085.dat
