0 6604-2-Jetski.ldr
0 Name: 6604-2 - Jetski
0 Author: Nenufar
0 Theme: Boats
0 CustomBrick

1 15 0.000000 24.000000 0.000000 0.000000 0.000000 1.000000 0.000000 1.000000 0.000000 -1.000000 0.000000 0.000000 3020.dat
1 0 0.000000 16.000000 -10.000000 1.000000 0.000000 0.000000 0.000000 1.000000 0.000000 0.000000 0.000000 1.000000 3829c01.dat
1 15 0.000000 24.000000 -60.000000 1.000000 0.000000 0.000000 0.000000 1.000000 0.000000 0.000000 0.000000 1.000000 4859.dat
1 15 30.000000 8.000000 50.000000 1.000000 0.000000 0.000000 0.000000 1.000000 0.000000 0.000000 0.000000 1.000000 4286.dat
1 15 -30.000000 8.000000 50.000000 1.000000 0.000000 0.000000 0.000000 1.000000 0.000000 0.000000 0.000000 1.000000 4286.dat
1 0 0.000000 32.000000 -70.000000 1.000000 0.000000 0.000000 0.000000 1.000000 0.000000 0.000000 0.000000 1.000000 3839b.dat
1 0 20.000000 32.000000 20.000000 0.000000 0.000000 1.000000 0.000000 1.000000 0.000000 -1.000000 0.000000 0.000000 4600.dat
1 0 -20.000000 32.000000 20.000000 0.000000 0.000000 1.000000 0.000000 1.000000 0.000000 -1.000000 0.000000 0.000000 4600.dat
1 0 0.000020 14.999940 27.999990 1.000000 0.000000 0.000000 0.000000 0.000000 1.000000 0.000000 -1.000000 0.000000 3817.dat
1 0 0.000020 14.999950 27.999990 1.000000 0.000000 0.000000 0.000000 0.000000 1.000000 0.000000 -1.000000 0.000000 3816.dat
1 0 0.000020 2.999910 27.999990 1.000000 0.000000 0.000000 0.000000 1.000000 0.000000 0.000000 -0.000001 1.000000 3815.dat
1 0 -0.000010 -28.999910 28.000030 1.000000 0.000000 0.000000 0.000000 1.000000 0.000000 0.000000 0.000000 1.000000 973.dat
1 0 15.471850 -20.124430 28.000010 0.985328 0.121931 0.119422 -0.170671 0.703939 0.689452 0.000000 -0.699718 0.714421 3819.dat
1 0 -15.574590 -20.092920 28.000010 0.985495 -0.119998 -0.119998 0.169703 0.696851 0.696852 0.000000 -0.707108 0.707107 3818.dat
1 14 -21.642080 -14.321220 7.847410 1.000000 0.000000 0.000000 0.000000 1.000001 0.000000 0.000000 0.000000 1.000001 3820.dat
1 14 21.520920 -14.497430 7.561110 0.999999 -0.000009 -0.001774 -0.000009 0.999949 -0.010244 0.001774 0.010244 0.999947 3820.dat
1 14 0.000020 -53.000080 28.000030 1.000000 0.000000 0.000000 0.000000 1.000001 0.000000 0.000000 0.000000 1.000001 3626ap01.dat
1 15 0.000020 -53.000080 28.000030 1.000000 0.000000 0.000000 0.000000 1.000001 0.000000 0.000000 0.000000 1.000001 3842b.dat
1 15 0.000000 32.000000 -40.000000 1.000000 0.000000 0.000000 0.000000 1.000000 0.000000 0.000000 0.000000 1.000000 3022.dat
1 15 0.000000 0.000000 -30.000000 1.000000 0.000000 0.000000 0.000000 1.000000 0.000000 0.000000 0.000000 1.000000 3298p73.dat
0 STEP
