0 21019-EiffelTower.ldr
0 Name: 21019 - Eiffel Tower
0 Author: Damien Roux [Darats]
0 Theme: Architecture
0 CustomBrick

1 0 130.000000 0.000000 0.000000 0.000000 0.000000 -1.000000 0.000000 1.000000 0.000000 1.000000 0.000000 0.000000 4162.dat
1 71 0.000000 0.000000 80.000000 1.000000 0.000000 0.000000 0.000000 1.000000 0.000000 0.000000 0.000000 1.000000 3029.dat
1 0 0.000000 8.000000 120.000000 1.000000 0.000000 0.000000 0.000000 1.000000 0.000000 0.000000 0.000000 1.000000 91988.dat
1 0 120.000000 8.000000 0.000000 0.000000 0.000000 1.000000 0.000000 1.000000 0.000000 -1.000000 0.000000 0.000000 3832.dat
1 0 0.000000 8.000000 0.000000 0.000000 0.000000 1.000000 0.000000 1.000000 0.000000 -1.000000 0.000000 0.000000 3832.dat
1 0 -120.000000 8.000000 0.000000 0.000000 0.000000 1.000000 0.000000 1.000000 0.000000 -1.000000 0.000000 0.000000 3832.dat
1 71 0.000000 0.000000 0.000000 -1.000000 0.000000 0.000000 0.000000 1.000000 0.000000 0.000000 0.000000 -1.000000 3029.dat
1 71 0.000000 0.000000 -80.000000 -1.000000 0.000000 0.000000 0.000000 1.000000 0.000000 0.000000 0.000000 -1.000000 3029.dat
1 0 0.000000 8.000000 -120.000000 -1.000000 0.000000 0.000000 0.000000 1.000000 0.000000 0.000000 0.000000 -1.000000 91988.dat
1 0 60.000000 0.000000 -130.000000 -1.000000 0.000000 0.000000 0.000000 1.000000 0.000000 0.000000 0.000000 -1.000000 6636.dat
1 0 -60.000000 0.000000 -130.000000 -1.000000 0.000000 0.000000 0.000000 1.000000 0.000000 0.000000 0.000000 -1.000000 6636.dat
1 0 -60.000000 0.000000 130.000000 -1.000000 0.000000 0.000000 0.000000 1.000000 0.000000 0.000000 0.000000 -1.000000 6636.dat
1 0 60.000000 0.000000 130.000000 -1.000000 0.000000 0.000000 0.000000 1.000000 0.000000 0.000000 0.000000 -1.000000 6636.dat
1 0 -130.000000 0.000000 110.000000 0.000000 0.000000 -1.000000 0.000000 1.000000 0.000000 1.000000 0.000000 0.000000 63864.dat
1 0 -130.000000 0.000000 -110.000000 0.000000 0.000000 -1.000000 0.000000 1.000000 0.000000 1.000000 0.000000 0.000000 63864.dat
1 0 130.000000 0.000000 110.000000 0.000000 0.000000 -1.000000 0.000000 1.000000 0.000000 1.000000 0.000000 0.000000 63864.dat
1 0 130.000000 0.000000 -110.000000 0.000000 0.000000 -1.000000 0.000000 1.000000 0.000000 1.000000 0.000000 0.000000 63864.dat
1 0 -130.000000 0.000000 0.000000 0.000000 0.000000 -1.000000 0.000000 1.000000 0.000000 1.000000 0.000000 0.000000 4162.dat
1 0 -100.000000 -8.000000 -100.000000 0.000000 0.000000 -1.000000 0.000000 1.000000 0.000000 1.000000 0.000000 0.000000 3680.dat
1 0 -100.000000 -8.000000 100.000000 0.000000 0.000000 -1.000000 0.000000 1.000000 0.000000 1.000000 0.000000 0.000000 3680.dat
1 0 100.000000 -8.000000 -100.000000 0.000000 0.000000 -1.000000 0.000000 1.000000 0.000000 1.000000 0.000000 0.000000 3680.dat
1 0 100.000000 -8.000000 100.000000 0.000000 0.000000 -1.000000 0.000000 1.000000 0.000000 1.000000 0.000000 0.000000 3680.dat
1 288 -100.000000 -8.000000 60.000000 0.000000 0.000000 -1.000000 0.000000 1.000000 0.000000 1.000000 0.000000 0.000000 3068b.dat
1 288 -60.000000 -8.000000 100.000000 0.000000 0.000000 -1.000000 0.000000 1.000000 0.000000 1.000000 0.000000 0.000000 3068b.dat
1 288 -60.000000 -8.000000 60.000000 0.000000 0.000000 -1.000000 0.000000 1.000000 0.000000 1.000000 0.000000 0.000000 3068b.dat
1 288 -100.000000 -8.000000 -60.000000 0.000000 0.000000 -1.000000 0.000000 1.000000 0.000000 1.000000 0.000000 0.000000 3068b.dat
1 288 -60.000000 -8.000000 -60.000000 0.000000 0.000000 -1.000000 0.000000 1.000000 0.000000 1.000000 0.000000 0.000000 3068b.dat
1 288 -60.000000 -8.000000 -100.000000 0.000000 0.000000 -1.000000 0.000000 1.000000 0.000000 1.000000 0.000000 0.000000 3068b.dat
1 288 60.000000 -8.000000 100.000000 0.000000 0.000000 -1.000000 0.000000 1.000000 0.000000 1.000000 0.000000 0.000000 3068b.dat
1 288 60.000000 -8.000000 60.000000 0.000000 0.000000 -1.000000 0.000000 1.000000 0.000000 1.000000 0.000000 0.000000 3068b.dat
1 288 100.000000 -8.000000 60.000000 0.000000 0.000000 -1.000000 0.000000 1.000000 0.000000 1.000000 0.000000 0.000000 3068b.dat
1 288 100.000000 -8.000000 -60.000000 0.000000 0.000000 -1.000000 0.000000 1.000000 0.000000 1.000000 0.000000 0.000000 3068b.dat
1 288 60.000000 -8.000000 -60.000000 0.000000 0.000000 -1.000000 0.000000 1.000000 0.000000 1.000000 0.000000 0.000000 3068b.dat
1 288 60.000000 -8.000000 -100.000000 0.000000 0.000000 -1.000000 0.000000 1.000000 0.000000 1.000000 0.000000 0.000000 3068b.dat
1 72 -20.000000 -8.000000 20.000000 0.000000 0.000000 -1.000000 0.000000 1.000000 0.000000 1.000000 0.000000 0.000000 3068b.dat
1 72 20.000000 -8.000000 20.000000 0.000000 0.000000 -1.000000 0.000000 1.000000 0.000000 1.000000 0.000000 0.000000 3068b.dat
1 72 -20.000000 -8.000000 -20.000000 0.000000 0.000000 -1.000000 0.000000 1.000000 0.000000 1.000000 0.000000 0.000000 3068b.dat
1 72 20.000000 -8.000000 -20.000000 0.000000 0.000000 -1.000000 0.000000 1.000000 0.000000 1.000000 0.000000 0.000000 3068b.dat
1 72 -60.000000 -8.000000 0.000000 0.000000 0.000000 -1.000000 0.000000 1.000000 0.000000 1.000000 0.000000 0.000000 87079.dat
1 72 -100.000000 -8.000000 0.000000 0.000000 0.000000 -1.000000 0.000000 1.000000 0.000000 1.000000 0.000000 0.000000 87079.dat
1 72 60.000000 -8.000000 0.000000 0.000000 0.000000 -1.000000 0.000000 1.000000 0.000000 1.000000 0.000000 0.000000 87079.dat
1 72 100.000000 -8.000000 0.000000 0.000000 0.000000 -1.000000 0.000000 1.000000 0.000000 1.000000 0.000000 0.000000 87079.dat
1 72 0.000000 -8.000000 -60.000000 -1.000000 0.000000 0.000000 0.000000 1.000000 0.000000 0.000000 0.000000 -1.000000 87079.dat
1 72 0.000000 -8.000000 -100.000000 -1.000000 0.000000 0.000000 0.000000 1.000000 0.000000 0.000000 0.000000 -1.000000 87079.dat
1 72 0.000000 -8.000000 60.000000 -1.000000 0.000000 0.000000 0.000000 1.000000 0.000000 0.000000 0.000000 -1.000000 87079.dat
1 72 0.000000 -8.000000 100.000000 -1.000000 0.000000 0.000000 0.000000 1.000000 0.000000 0.000000 0.000000 -1.000000 87079.dat
1 71 -100.000000 -8.000000 100.000000 0.707100 0.000000 -0.707100 0.000000 1.000000 0.000000 0.707100 0.000000 0.707100 3679.dat
1 71 -107.071000 -16.000000 107.071000 0.707100 0.000000 -0.707100 0.000000 1.000000 0.000000 0.707100 0.000000 0.707100 15573.dat
1 71 -92.929000 -16.000000 92.929000 0.707100 0.000000 -0.707100 0.000000 1.000000 0.000000 0.707100 0.000000 0.707100 15573.dat
1 71 -100.000000 -24.000000 100.000000 -0.707100 0.000000 -0.707100 0.000000 1.000000 0.000000 0.707100 0.000000 -0.707100 92280.dat
1 71 100.000000 -8.000000 100.000000 0.707100 0.000000 0.707100 0.000000 1.000000 0.000000 -0.707100 0.000000 0.707100 3679.dat
1 71 107.071000 -16.000000 107.071000 0.707100 0.000000 0.707100 0.000000 1.000000 0.000000 -0.707100 0.000000 0.707100 15573.dat
1 71 92.929000 -16.000000 92.929000 0.707100 0.000000 0.707100 0.000000 1.000000 0.000000 -0.707100 0.000000 0.707100 15573.dat
1 71 100.000000 -24.000000 100.000000 0.707100 0.000000 -0.707100 0.000000 1.000000 0.000000 0.707100 0.000000 0.707100 92280.dat
1 71 100.000000 -8.000000 -100.000000 -0.707100 0.000000 0.707100 0.000000 1.000000 0.000000 -0.707100 0.000000 -0.707100 3679.dat
1 71 107.071000 -16.000000 -107.071000 -0.707100 0.000000 0.707100 0.000000 1.000000 0.000000 -0.707100 0.000000 -0.707100 15573.dat
1 71 92.929000 -16.000000 -92.929000 -0.707100 0.000000 0.707100 0.000000 1.000000 0.000000 -0.707100 0.000000 -0.707100 15573.dat
1 71 100.000000 -24.000000 -100.000000 0.707100 0.000000 0.707100 0.000000 1.000000 0.000000 -0.707100 0.000000 0.707100 92280.dat
1 71 -100.000000 -8.000000 -100.000000 -0.707100 0.000000 -0.707100 0.000000 1.000000 0.000000 0.707100 0.000000 -0.707100 3679.dat
1 71 -107.071000 -16.000000 -107.071000 -0.707100 0.000000 -0.707100 0.000000 1.000000 0.000000 0.707100 0.000000 -0.707100 15573.dat
1 71 -92.929000 -16.000000 -92.929000 -0.707100 0.000000 -0.707100 0.000000 1.000000 0.000000 0.707100 0.000000 -0.707100 15573.dat
1 71 -100.000000 -24.000000 -100.000000 -0.707100 0.000000 0.707100 0.000000 1.000000 0.000000 -0.707100 0.000000 -0.707100 92280.dat
1 71 0.000000 -104.000000 0.000000 -1.000000 0.000000 0.000000 0.000000 1.000000 0.000000 0.000000 0.000000 -1.000000 3958.dat
1 71 0.000000 -112.000000 0.000000 -1.000000 0.000000 0.000000 0.000000 1.000000 0.000000 0.000000 0.000000 -1.000000 3795.dat
1 72 -10.000000 -112.000000 -30.000000 -1.000000 0.000000 0.000000 0.000000 1.000000 0.000000 0.000000 0.000000 -1.000000 2420.dat
1 72 10.000000 -112.000000 -30.000000 0.000000 0.000000 1.000000 0.000000 1.000000 0.000000 -1.000000 0.000000 0.000000 2420.dat
1 72 10.000000 -112.000000 30.000000 1.000000 0.000000 0.000000 0.000000 1.000000 0.000000 0.000000 0.000000 1.000000 2420.dat
1 72 -10.000000 -112.000000 30.000000 0.000000 0.000000 -1.000000 0.000000 1.000000 0.000000 1.000000 0.000000 0.000000 2420.dat
1 72 0.000000 -120.000000 0.000000 0.000000 0.000000 -1.000000 0.000000 1.000000 0.000000 1.000000 0.000000 0.000000 4032a.dat
1 71 0.000000 -120.000000 -40.000000 0.000000 0.000000 -1.000000 0.000000 1.000000 0.000000 1.000000 0.000000 0.000000 3022.dat
1 71 0.000000 -120.000000 40.000000 0.000000 0.000000 -1.000000 0.000000 1.000000 0.000000 1.000000 0.000000 0.000000 3022.dat
1 72 0.000000 -128.000000 0.000000 -1.000000 0.000000 0.000000 0.000000 1.000000 0.000000 0.000000 0.000000 -1.000000 4151b.dat
1 72 -30.000000 -120.000000 -10.000000 -1.000000 0.000000 0.000000 0.000000 1.000000 0.000000 0.000000 0.000000 -1.000000 2420.dat
1 72 -30.000000 -120.000000 10.000000 0.000000 0.000000 -1.000000 0.000000 1.000000 0.000000 1.000000 0.000000 0.000000 2420.dat
1 72 30.000000 -120.000000 10.000000 1.000000 0.000000 0.000000 0.000000 1.000000 0.000000 0.000000 0.000000 1.000000 2420.dat
1 72 30.000000 -120.000000 -10.000000 0.000000 0.000000 1.000000 0.000000 1.000000 0.000000 -1.000000 0.000000 0.000000 2420.dat
1 72 0.000000 -136.000000 0.000000 -1.000000 0.000000 0.000000 0.000000 1.000000 0.000000 0.000000 0.000000 -1.000000 4032a.dat
1 71 0.000000 -136.000000 70.000000 -1.000000 0.000000 0.000000 0.000000 1.000000 0.000000 0.000000 0.000000 -1.000000 3023.dat
1 71 0.000000 -136.000000 -70.000000 -1.000000 0.000000 0.000000 0.000000 1.000000 0.000000 0.000000 0.000000 -1.000000 3023.dat
1 71 70.000000 -136.000000 0.000000 0.000000 0.000000 1.000000 0.000000 1.000000 0.000000 -1.000000 0.000000 0.000000 3023.dat
1 71 -70.000000 -136.000000 0.000000 0.000000 0.000000 1.000000 0.000000 1.000000 0.000000 -1.000000 0.000000 0.000000 3023.dat
1 71 -70.000000 -136.000000 -70.000000 1.000000 0.000000 0.000000 0.000000 1.000000 0.000000 0.000000 0.000000 1.000000 3024.dat
1 71 -70.000000 -136.000000 70.000000 1.000000 0.000000 0.000000 0.000000 1.000000 0.000000 0.000000 0.000000 1.000000 3024.dat
1 71 70.000000 -136.000000 70.000000 1.000000 0.000000 0.000000 0.000000 1.000000 0.000000 0.000000 0.000000 1.000000 3024.dat
1 71 70.000000 -136.000000 -70.000000 1.000000 0.000000 0.000000 0.000000 1.000000 0.000000 0.000000 0.000000 1.000000 3024.dat
1 71 0.000000 -144.000000 70.000000 1.000000 0.000000 0.000000 0.000000 1.000000 0.000000 0.000000 0.000000 1.000000 2431.dat
1 71 0.000000 -144.000000 -70.000000 1.000000 0.000000 0.000000 0.000000 1.000000 0.000000 0.000000 0.000000 1.000000 2431.dat
1 71 70.000000 -144.000000 0.000000 0.000000 0.000000 -1.000000 0.000000 1.000000 0.000000 1.000000 0.000000 0.000000 2431.dat
1 71 -70.000000 -144.000000 0.000000 0.000000 0.000000 -1.000000 0.000000 1.000000 0.000000 1.000000 0.000000 0.000000 2431.dat
1 71 0.000000 -240.000000 0.000000 -1.000000 0.000000 0.000000 0.000000 1.000000 0.000000 0.000000 0.000000 -1.000000 3958.dat
1 71 -20.000000 -248.000000 20.000000 -1.000000 0.000000 0.000000 0.000000 1.000000 0.000000 0.000000 0.000000 -1.000000 87580.dat
1 71 -20.000000 -248.000000 -20.000000 -1.000000 0.000000 0.000000 0.000000 1.000000 0.000000 0.000000 0.000000 -1.000000 87580.dat
1 71 20.000000 -248.000000 20.000000 -1.000000 0.000000 0.000000 0.000000 1.000000 0.000000 0.000000 0.000000 -1.000000 87580.dat
1 71 20.000000 -248.000000 -20.000000 -1.000000 0.000000 0.000000 0.000000 1.000000 0.000000 0.000000 0.000000 -1.000000 87580.dat
1 71 0.000000 -256.000000 -50.000000 1.000000 0.000000 0.000000 0.000000 1.000000 0.000000 0.000000 0.000000 1.000000 2431.dat
1 71 0.000000 -256.000000 50.000000 1.000000 0.000000 0.000000 0.000000 1.000000 0.000000 0.000000 0.000000 1.000000 2431.dat
1 71 50.000000 -256.000000 0.000000 0.000000 0.000000 1.000000 0.000000 1.000000 0.000000 -1.000000 0.000000 0.000000 6636.dat
1 71 -50.000000 -256.000000 0.000000 0.000000 0.000000 1.000000 0.000000 1.000000 0.000000 -1.000000 0.000000 0.000000 6636.dat
1 71 50.000000 -112.000000 -50.000000 0.707100 0.000000 -0.707100 0.000000 1.000000 0.000000 0.707100 0.000000 0.707100 61252.dat
1 71 50.000000 -120.000000 -50.000000 0.707100 0.000000 -0.707100 0.000000 1.000000 0.000000 0.707100 0.000000 0.707100 3024.dat
1 71 50.000000 -112.000000 50.000000 -0.707100 0.000000 -0.707100 0.000000 1.000000 0.000000 0.707100 0.000000 -0.707100 61252.dat
1 71 50.000000 -120.000000 50.000000 -0.707100 0.000000 -0.707100 0.000000 1.000000 0.000000 0.707100 0.000000 -0.707100 3024.dat
1 71 -50.000000 -112.000000 -50.000000 0.707100 0.000000 0.707100 0.000000 1.000000 0.000000 -0.707100 0.000000 0.707100 61252.dat
1 71 -50.000000 -120.000000 -50.000000 0.707100 0.000000 0.707100 0.000000 1.000000 0.000000 -0.707100 0.000000 0.707100 3024.dat
1 71 -50.000000 -112.000000 50.000000 -0.707100 0.000000 0.707100 0.000000 1.000000 0.000000 -0.707100 0.000000 -0.707100 61252.dat
1 71 -50.000000 -120.000000 50.000000 -0.707100 0.000000 0.707100 0.000000 1.000000 0.000000 -0.707100 0.000000 -0.707100 3024.dat
1 71 40.000000 -136.000000 -70.000000 1.000000 0.000000 0.000000 0.000000 1.000000 0.000000 0.000000 0.000000 1.000000 2436b.dat
1 87 20.000000 -126.000000 -92.000000 1.000000 0.000000 0.000000 0.000000 0.000000 -1.000000 0.000000 1.000000 0.000000 2412b.dat
1 87 60.000000 -126.000000 -92.000000 1.000000 0.000000 0.000000 0.000000 0.000000 -1.000000 0.000000 1.000000 0.000000 2412b.dat
1 71 -40.000000 -136.000000 -70.000000 1.000000 0.000000 0.000000 0.000000 1.000000 0.000000 0.000000 0.000000 1.000000 2436b.dat
1 87 -60.000000 -126.000000 -92.000000 1.000000 0.000000 0.000000 0.000000 0.000000 -1.000000 0.000000 1.000000 0.000000 2412b.dat
1 87 -20.000000 -126.000000 -92.000000 1.000000 0.000000 0.000000 0.000000 0.000000 -1.000000 0.000000 1.000000 0.000000 2412b.dat
1 71 70.000000 -136.000000 40.000000 0.000000 0.000000 -1.000000 0.000000 1.000000 0.000000 1.000000 0.000000 0.000000 2436b.dat
1 87 92.000000 -126.000000 20.000000 0.000000 -1.000000 0.000000 0.000000 0.000000 -1.000000 1.000000 0.000000 0.000000 2412b.dat
1 87 92.000000 -126.000000 60.000000 0.000000 -1.000000 0.000000 0.000000 0.000000 -1.000000 1.000000 0.000000 0.000000 2412b.dat
1 71 -40.000000 -136.000000 70.000000 -1.000000 0.000000 0.000000 0.000000 1.000000 0.000000 0.000000 0.000000 -1.000000 2436b.dat
1 87 -20.000000 -126.000000 92.000000 -1.000000 0.000000 0.000000 0.000000 0.000000 -1.000000 0.000000 -1.000000 0.000000 2412b.dat
1 87 -60.000000 -126.000000 92.000000 -1.000000 0.000000 0.000000 0.000000 0.000000 -1.000000 0.000000 -1.000000 0.000000 2412b.dat
1 71 40.000000 -136.000000 70.000000 -1.000000 0.000000 0.000000 0.000000 1.000000 0.000000 0.000000 0.000000 -1.000000 2436b.dat
1 87 60.000000 -126.000000 92.000000 -1.000000 0.000000 0.000000 0.000000 0.000000 -1.000000 0.000000 -1.000000 0.000000 2412b.dat
1 87 20.000000 -126.000000 92.000000 -1.000000 0.000000 0.000000 0.000000 0.000000 -1.000000 0.000000 -1.000000 0.000000 2412b.dat
1 71 -70.000000 -136.000000 -40.000000 0.000000 0.000000 1.000000 0.000000 1.000000 0.000000 -1.000000 0.000000 0.000000 2436b.dat
1 87 -92.000000 -126.000000 -20.000000 0.000000 1.000000 0.000000 0.000000 0.000000 -1.000000 -1.000000 0.000000 0.000000 2412b.dat
1 87 -92.000000 -126.000000 -60.000000 0.000000 1.000000 0.000000 0.000000 0.000000 -1.000000 -1.000000 0.000000 0.000000 2412b.dat
1 71 70.000000 -136.000000 -40.000000 0.000000 0.000000 -1.000000 0.000000 1.000000 0.000000 1.000000 0.000000 0.000000 2436b.dat
1 87 92.000000 -126.000000 -60.000000 0.000000 -1.000000 0.000000 0.000000 0.000000 -1.000000 1.000000 0.000000 0.000000 2412b.dat
1 87 92.000000 -126.000000 -20.000000 0.000000 -1.000000 0.000000 0.000000 0.000000 -1.000000 1.000000 0.000000 0.000000 2412b.dat
1 71 -70.000000 -136.000000 40.000000 0.000000 0.000000 1.000000 0.000000 1.000000 0.000000 -1.000000 0.000000 0.000000 2436b.dat
1 87 -92.000000 -126.000000 60.000000 0.000000 1.000000 0.000000 0.000000 0.000000 -1.000000 -1.000000 0.000000 0.000000 2412b.dat
1 87 -92.000000 -126.000000 20.000000 0.000000 1.000000 0.000000 0.000000 0.000000 -1.000000 -1.000000 0.000000 0.000000 2412b.dat
1 71 -30.000000 -224.000000 -30.000000 0.707100 0.000000 0.707100 0.000000 1.000000 0.000000 -0.707100 0.000000 0.707100 61252.dat
1 71 -30.000000 -232.000000 -30.000000 0.707100 0.000000 0.707100 0.000000 1.000000 0.000000 -0.707100 0.000000 0.707100 3024.dat
1 71 30.000000 -224.000000 30.000000 -0.707100 0.000000 -0.707100 0.000000 1.000000 0.000000 0.707100 0.000000 -0.707100 61252.dat
1 71 30.000000 -232.000000 30.000000 -0.707100 0.000000 -0.707100 0.000000 1.000000 0.000000 0.707100 0.000000 -0.707100 3024.dat
1 71 -30.000000 -224.000000 30.000000 -0.707100 0.000000 0.707100 0.000000 1.000000 0.000000 -0.707100 0.000000 -0.707100 61252.dat
1 71 -30.000000 -232.000000 30.000000 -0.707100 0.000000 0.707100 0.000000 1.000000 0.000000 -0.707100 0.000000 -0.707100 3024.dat
1 71 30.000000 -224.000000 -30.000000 0.707100 0.000000 -0.707100 0.000000 1.000000 0.000000 0.707100 0.000000 0.707100 61252.dat
1 71 30.000000 -232.000000 -30.000000 0.707100 0.000000 -0.707100 0.000000 1.000000 0.000000 0.707100 0.000000 0.707100 3024.dat
1 71 0.000000 -200.000000 0.000000 1.000000 0.000000 0.000000 0.000000 1.000000 0.000000 0.000000 0.000000 1.000000 6143.dat
1 71 0.000000 -208.000000 0.000000 1.000000 0.000000 0.000000 0.000000 1.000000 0.000000 0.000000 0.000000 1.000000 3022.dat
1 71 0.000000 -216.000000 0.000000 1.000000 0.000000 0.000000 0.000000 1.000000 0.000000 0.000000 0.000000 1.000000 3031.dat
1 72 0.000000 -224.000000 0.000000 1.000000 0.000000 0.000000 0.000000 1.000000 0.000000 0.000000 0.000000 1.000000 4032a.dat
1 71 0.000000 -232.000000 0.000000 1.000000 0.000000 0.000000 0.000000 1.000000 0.000000 0.000000 0.000000 1.000000 3022.dat
1 71 0.000000 -156.000000 0.000000 -1.000000 0.000000 0.000000 0.000000 0.000000 -1.000000 0.000000 -1.000000 0.000000 59443.dat
1 4 0.000000 -136.000000 0.000000 0.000000 0.000000 1.000000 -1.000000 0.000000 0.000000 0.000000 -1.000000 0.000000 32062.dat
1 4 0.000000 -176.000000 0.000000 0.000000 0.000000 1.000000 -1.000000 0.000000 0.000000 0.000000 -1.000000 0.000000 32062.dat
1 71 70.000000 -144.000000 70.000000 0.707100 0.000000 -0.707100 0.000000 1.000000 0.000000 0.707100 0.000000 0.707100 2555.dat
1 71 70.000000 -144.000000 -70.000000 0.707100 0.000000 0.707100 0.000000 1.000000 0.000000 -0.707100 0.000000 0.707100 2555.dat
1 71 -70.000000 -144.000000 -70.000000 -0.707100 0.000000 0.707100 0.000000 1.000000 0.000000 -0.707100 0.000000 -0.707100 2555.dat
1 71 -70.000000 -144.000000 70.000000 -0.707100 0.000000 -0.707100 0.000000 1.000000 0.000000 0.707100 0.000000 -0.707100 2555.dat
1 71 -40.000000 -248.000000 -50.000000 1.000000 0.000000 0.000000 0.000000 1.000000 0.000000 0.000000 0.000000 1.000000 99781.dat
1 87 -40.000000 -238.000000 -72.000000 1.000000 0.000000 0.000000 0.000000 0.000000 -1.000000 0.000000 1.000000 0.000000 2412b.dat
1 71 50.000000 -248.000000 -40.000000 0.000000 0.000000 -1.000000 0.000000 1.000000 0.000000 1.000000 0.000000 0.000000 99781.dat
1 87 72.000000 -238.000000 -40.000000 0.000000 -1.000000 0.000000 0.000000 0.000000 -1.000000 1.000000 0.000000 0.000000 2412b.dat
1 71 40.000000 -248.000000 50.000000 -1.000000 0.000000 0.000000 0.000000 1.000000 0.000000 0.000000 0.000000 -1.000000 99781.dat
1 87 40.000000 -238.000000 72.000000 -1.000000 0.000000 0.000000 0.000000 0.000000 -1.000000 0.000000 -1.000000 0.000000 2412b.dat
1 71 20.000000 -248.000000 -50.000000 1.000000 0.000000 0.000000 0.000000 1.000000 0.000000 0.000000 0.000000 1.000000 2436b.dat
1 87 0.000000 -238.000000 -72.000000 1.000000 0.000000 0.000000 0.000000 0.000000 -1.000000 0.000000 1.000000 0.000000 2412b.dat
1 87 40.000000 -238.000000 -72.000000 1.000000 0.000000 0.000000 0.000000 0.000000 -1.000000 0.000000 1.000000 0.000000 2412b.dat
1 71 -50.000000 -248.000000 -20.000000 0.000000 0.000000 1.000000 0.000000 1.000000 0.000000 -1.000000 0.000000 0.000000 2436b.dat
1 87 -72.000000 -238.000000 0.000000 0.000000 1.000000 0.000000 0.000000 0.000000 -1.000000 -1.000000 0.000000 0.000000 2412b.dat
1 87 -72.000000 -238.000000 -40.000000 0.000000 1.000000 0.000000 0.000000 0.000000 -1.000000 -1.000000 0.000000 0.000000 2412b.dat
1 71 -20.000000 -248.000000 50.000000 -1.000000 0.000000 0.000000 0.000000 1.000000 0.000000 0.000000 0.000000 -1.000000 2436b.dat
1 87 0.000000 -238.000000 72.000000 -1.000000 0.000000 0.000000 0.000000 0.000000 -1.000000 0.000000 -1.000000 0.000000 2412b.dat
1 87 -40.000000 -238.000000 72.000000 -1.000000 0.000000 0.000000 0.000000 0.000000 -1.000000 0.000000 -1.000000 0.000000 2412b.dat
1 71 50.000000 -248.000000 20.000000 0.000000 0.000000 -1.000000 0.000000 1.000000 0.000000 1.000000 0.000000 0.000000 2436b.dat
1 87 72.000000 -238.000000 0.000000 0.000000 -1.000000 0.000000 0.000000 0.000000 -1.000000 1.000000 0.000000 0.000000 2412b.dat
1 87 72.000000 -238.000000 40.000000 0.000000 -1.000000 0.000000 0.000000 0.000000 -1.000000 1.000000 0.000000 0.000000 2412b.dat
1 71 -50.000000 -248.000000 40.000000 0.000000 0.000000 1.000000 0.000000 1.000000 0.000000 -1.000000 0.000000 0.000000 99781.dat
1 87 -72.000000 -238.000000 40.000000 0.000000 1.000000 0.000000 0.000000 0.000000 -1.000000 -1.000000 0.000000 0.000000 2412b.dat
1 71 0.000000 -256.000000 0.000000 1.000000 0.000000 0.000000 0.000000 1.000000 0.000000 0.000000 0.000000 1.000000 3031.dat
1 71 0.000000 -264.000000 0.000000 1.000000 0.000000 0.000000 0.000000 1.000000 0.000000 0.000000 0.000000 1.000000 3022.dat
1 72 0.000000 -272.000000 0.000000 1.000000 0.000000 0.000000 0.000000 1.000000 0.000000 0.000000 0.000000 1.000000 4032a.dat
1 71 0.000000 -272.000000 0.000000 -1.000000 0.000000 0.000000 0.000000 1.000000 0.000000 0.000000 0.000000 -1.000000 11833.dat
1 71 0.000000 -280.000000 0.000000 0.000000 0.000000 -1.000000 0.000000 1.000000 0.000000 1.000000 0.000000 0.000000 3709b.dat
1 87 30.000000 -280.000000 0.000000 0.000000 0.000000 -1.000000 0.000000 1.000000 0.000000 1.000000 0.000000 0.000000 2412b.dat
1 87 -30.000000 -280.000000 0.000000 0.000000 0.000000 -1.000000 0.000000 1.000000 0.000000 1.000000 0.000000 0.000000 2412b.dat
1 71 0.000000 -334.000000 0.000000 0.000000 0.000000 -1.000000 -1.000000 0.000000 0.000000 0.000000 1.000000 0.000000 44294.dat
1 71 0.000000 -412.000000 0.000000 0.000000 0.000000 -1.000000 0.000000 1.000000 0.000000 1.000000 0.000000 0.000000 59900.dat
1 71 37.071000 -264.000000 -37.071000 0.707100 0.000000 0.707100 0.000000 1.000000 0.000000 -0.707100 0.000000 0.707100 92280.dat
1 71 -37.071000 -264.000000 -37.071000 -0.707100 0.000000 0.707100 0.000000 1.000000 0.000000 -0.707100 0.000000 -0.707100 92280.dat
1 71 -37.071000 -264.000000 37.071000 -0.707100 0.000000 -0.707100 0.000000 1.000000 0.000000 0.707100 0.000000 -0.707100 92280.dat
1 71 37.071000 -264.000000 37.071000 0.707100 0.000000 -0.707100 0.000000 1.000000 0.000000 0.707100 0.000000 0.707100 92280.dat
1 72 0.000000 -436.000000 0.000000 0.707100 0.000000 -0.707100 0.000000 1.000000 0.000000 0.707100 0.000000 0.707100 4733.dat
1 71 12.727800 -426.000000 12.727800 0.000000 -0.707100 -0.707100 1.000000 0.000000 0.000000 0.000000 -0.707100 0.707100 3024.dat
1 71 -12.727800 -426.000000 -12.727800 0.000000 0.707100 -0.707100 -1.000000 0.000000 0.000000 0.000000 0.707100 0.707100 3024.dat
1 71 12.727800 -426.000000 -12.727800 0.000000 -0.707100 0.707100 1.000000 0.000000 0.000000 0.000000 0.707100 0.707100 3024.dat
1 71 -12.727800 -426.000000 12.727800 0.000000 0.707100 0.707100 -1.000000 0.000000 0.000000 0.000000 -0.707100 0.707100 3024.dat
1 71 -24.041400 -426.000000 -24.041400 0.707100 0.707100 0.000000 0.000000 0.000000 -1.000000 -0.707100 0.707100 0.000000 61252.dat
1 71 24.041400 -426.000000 24.041400 -0.707100 -0.707100 0.000000 0.000000 0.000000 -1.000000 0.707100 -0.707100 0.000000 61252.dat
1 71 -24.041400 -426.000000 24.041400 -0.707100 0.707100 0.000000 0.000000 0.000000 -1.000000 -0.707100 -0.707100 0.000000 61252.dat
1 71 24.041400 -426.000000 -24.041400 0.707100 -0.707100 0.000000 0.000000 0.000000 -1.000000 0.707100 0.707100 0.000000 61252.dat
1 87 0.000000 -664.000000 0.000000 -1.000000 0.000000 0.000000 0.000000 1.000000 0.000000 0.000000 0.000000 -1.000000 30033.dat
1 71 0.000000 -688.000000 0.000000 -1.000000 0.000000 0.000000 0.000000 1.000000 0.000000 0.000000 0.000000 -1.000000 30367b.dat
1 71 0.000000 -744.000000 0.000000 -1.000000 0.000000 0.000000 0.000000 1.000000 0.000000 0.000000 0.000000 -1.000000 30374.dat
1 72 0.000000 -656.000000 0.000000 0.707100 0.000000 0.707100 0.000000 1.000000 0.000000 -0.707100 0.000000 0.707100 4733.dat
1 71 -12.727800 -646.000000 -12.727800 0.707100 0.707100 0.000000 0.000000 0.000000 -1.000000 -0.707100 0.707100 0.000000 61252.dat
1 71 12.727800 -646.000000 12.727800 -0.707100 -0.707100 0.000000 0.000000 0.000000 -1.000000 0.707100 -0.707100 0.000000 61252.dat
1 71 -12.727800 -646.000000 12.727800 -0.707100 0.707100 0.000000 0.000000 0.000000 -1.000000 -0.707100 -0.707100 0.000000 61252.dat
1 71 12.727800 -646.000000 -12.727800 0.707100 -0.707100 0.000000 0.000000 0.000000 -1.000000 0.707100 0.707100 0.000000 61252.dat
1 71 -12.727800 -646.000000 12.727800 -0.707100 0.707100 0.000000 0.000000 0.000000 -1.000000 -0.707100 -0.707100 0.000000 50746.dat
1 71 12.727800 -646.000000 -12.727800 0.707100 -0.707100 0.000000 0.000000 0.000000 -1.000000 0.707100 0.707100 0.000000 50746.dat
1 71 12.727800 -646.000000 12.727800 -0.707100 -0.707100 0.000000 0.000000 0.000000 -1.000000 0.707100 -0.707100 0.000000 50746.dat
1 71 -12.727800 -646.000000 -12.727800 0.707100 0.707100 0.000000 0.000000 0.000000 -1.000000 -0.707100 0.707100 0.000000 50746.dat
1 71 18.384600 -426.000000 18.384600 0.707100 -0.707100 0.000000 0.000000 0.000000 1.000000 -0.707100 -0.707100 0.000000 61252.dat
1 71 -18.384600 -426.000000 -18.384600 -0.707100 0.707100 0.000000 0.000000 0.000000 1.000000 0.707100 0.707100 0.000000 61252.dat
1 71 -18.384600 -426.000000 18.384600 0.707100 0.707100 0.000000 0.000000 0.000000 1.000000 0.707100 -0.707100 0.000000 61252.dat
1 71 18.384600 -426.000000 -18.384600 -0.707100 -0.707100 0.000000 0.000000 0.000000 1.000000 -0.707100 0.707100 0.000000 61252.dat
1 71 29.288800 -337.042600 29.288800 -0.153016 -0.690342 0.707100 -0.976300 0.216400 0.000000 -0.153016 -0.690342 -0.707100 3666.dat
1 71 34.811530 -338.773800 34.811530 -0.153016 -0.690342 0.707100 -0.976300 0.216400 0.000000 -0.153016 -0.690342 -0.707100 3023.dat
1 71 28.690880 -377.825800 28.690880 -0.153016 -0.690342 0.707100 -0.976300 0.216400 0.000000 -0.153016 -0.690342 -0.707100 60478.dat
1 71 40.932190 -299.721800 40.932190 0.153016 -0.690342 -0.707100 0.976300 0.216400 0.000000 0.153016 -0.690342 0.707100 60478.dat
1 71 40.334270 -340.505000 40.334270 0.153016 -0.690342 -0.707100 0.976300 0.216400 0.000000 0.153016 -0.690342 0.707100 6636.dat
1 71 -29.288800 -337.042600 29.288800 0.153016 0.690342 0.707100 -0.976300 0.216400 0.000000 -0.153016 -0.690342 0.707100 3666.dat
1 71 -34.811530 -338.773800 34.811530 0.153016 0.690342 0.707100 -0.976300 0.216400 0.000000 -0.153016 -0.690342 0.707100 3023.dat
1 71 -28.690880 -377.825800 28.690880 0.153016 0.690342 0.707100 -0.976300 0.216400 0.000000 -0.153016 -0.690342 0.707100 60478.dat
1 71 -40.932190 -299.721800 40.932190 -0.153016 0.690342 -0.707100 0.976300 0.216400 0.000000 0.153016 -0.690342 -0.707100 60478.dat
1 71 -40.334270 -340.505000 40.334270 -0.153016 0.690342 -0.707100 0.976300 0.216400 0.000000 0.153016 -0.690342 -0.707100 6636.dat
1 71 -29.288800 -337.042600 -29.288800 0.153016 0.690342 -0.707100 -0.976300 0.216400 0.000000 0.153016 0.690342 0.707100 3666.dat
1 71 -34.811530 -338.773800 -34.811530 0.153016 0.690342 -0.707100 -0.976300 0.216400 0.000000 0.153016 0.690342 0.707100 3023.dat
1 71 -28.690880 -377.825800 -28.690880 0.153016 0.690342 -0.707100 -0.976300 0.216400 0.000000 0.153016 0.690342 0.707100 60478.dat
1 71 -40.932190 -299.721800 -40.932190 -0.153016 0.690342 0.707100 0.976300 0.216400 0.000000 -0.153016 0.690342 -0.707100 60478.dat
1 71 -40.334270 -340.505000 -40.334270 -0.153016 0.690342 0.707100 0.976300 0.216400 0.000000 -0.153016 0.690342 -0.707100 6636.dat
1 71 29.288800 -337.042600 -29.288800 -0.153016 -0.690342 -0.707100 -0.976300 0.216400 0.000000 0.153016 0.690342 -0.707100 3666.dat
1 71 34.811530 -338.773800 -34.811530 -0.153016 -0.690342 -0.707100 -0.976300 0.216400 0.000000 0.153016 0.690342 -0.707100 3023.dat
1 71 28.690880 -377.825800 -28.690880 -0.153016 -0.690342 -0.707100 -0.976300 0.216400 0.000000 0.153016 0.690342 -0.707100 60478.dat
1 71 40.932190 -299.721800 -40.932190 0.153016 -0.690342 0.707100 0.976300 0.216400 0.000000 -0.153016 0.690342 0.707100 60478.dat
1 71 40.334270 -340.505000 -40.334270 0.153016 -0.690342 0.707100 0.976300 0.216400 0.000000 -0.153016 0.690342 0.707100 6636.dat
1 71 73.633370 -69.490800 -73.633370 0.425533 -0.564690 0.707100 0.798600 0.601800 0.000000 -0.425533 0.564690 0.707100 3623.dat
1 71 73.895560 -82.291200 -73.895560 0.425533 -0.564690 0.707100 0.798600 0.601800 0.000000 -0.425533 0.564690 0.707100 3023.dat
1 71 90.916880 -50.347200 -90.916880 -0.425533 -0.564690 -0.707100 -0.798600 0.601800 0.000000 0.425533 0.564690 -0.707100 99780.dat
1 71 78.413100 -87.105600 -78.413100 -0.425533 -0.564690 -0.707100 -0.798600 0.601800 0.000000 0.425533 0.564690 -0.707100 60478.dat
1 71 95.434390 -55.161600 -95.434390 0.425533 -0.564690 0.707100 0.798600 0.601800 0.000000 -0.425533 0.564690 0.707100 60478.dat
1 71 99.951920 -59.976000 -99.951920 0.425533 -0.564690 0.707100 0.798600 0.601800 0.000000 -0.425533 0.564690 0.707100 99781.dat
1 71 103.347100 -59.536800 -72.234740 0.425533 -0.707100 -0.564690 0.798600 0.000000 0.601800 -0.425533 -0.707100 0.564690 3070b.dat
1 71 74.493480 -61.944000 -105.605900 0.425533 0.707100 0.564690 0.798600 0.000000 -0.601800 -0.425533 0.707100 -0.564690 3070b.dat
1 71 83.004140 -45.972000 -114.116500 -0.564690 0.707100 0.425533 0.601800 0.000000 0.798600 0.564690 0.707100 -0.425533 2555.dat
1 71 111.857800 -43.564800 -80.745380 -0.564690 -0.707100 -0.425533 0.601800 0.000000 -0.798600 0.564690 -0.707100 0.425533 2555.dat
1 71 82.930600 -91.920000 -82.930600 -0.425533 -0.564690 -0.707100 -0.798600 0.601800 0.000000 0.425533 0.564690 -0.707100 3023.dat
1 71 95.958780 -80.762400 -95.958780 -0.425533 -0.564690 -0.707100 -0.798600 0.601800 0.000000 0.425533 0.564690 -0.707100 2431.dat
1 71 73.633370 -69.490800 73.633370 0.425533 -0.564690 -0.707100 0.798600 0.601800 0.000000 0.425533 -0.564690 0.707100 3623.dat
1 71 73.895560 -82.291200 73.895560 0.425533 -0.564690 -0.707100 0.798600 0.601800 0.000000 0.425533 -0.564690 0.707100 3023.dat
1 71 90.916880 -50.347200 90.916880 -0.425533 -0.564690 0.707100 -0.798600 0.601800 0.000000 -0.425533 -0.564690 -0.707100 99780.dat
1 71 78.413100 -87.105600 78.413100 -0.425533 -0.564690 0.707100 -0.798600 0.601800 0.000000 -0.425533 -0.564690 -0.707100 60478.dat
1 71 95.434390 -55.161600 95.434390 0.425533 -0.564690 -0.707100 0.798600 0.601800 0.000000 0.425533 -0.564690 0.707100 60478.dat
1 71 99.951920 -59.976000 99.951920 0.425533 -0.564690 -0.707100 0.798600 0.601800 0.000000 0.425533 -0.564690 0.707100 99781.dat
1 71 72.234740 -59.536800 103.347100 0.425533 0.707100 -0.564690 0.798600 0.000000 0.601800 0.425533 -0.707100 -0.564690 3070b.dat
1 71 105.605900 -61.944000 74.493480 0.425533 -0.707100 0.564690 0.798600 0.000000 -0.601800 0.425533 0.707100 0.564690 3070b.dat
1 71 114.116500 -45.972000 83.004140 -0.564690 -0.707100 0.425533 0.601800 0.000000 0.798600 -0.564690 0.707100 0.425533 2555.dat
1 71 80.745380 -43.564800 111.857800 -0.564690 0.707100 -0.425533 0.601800 0.000000 -0.798600 -0.564690 -0.707100 -0.425533 2555.dat
1 71 82.930600 -91.920000 82.930600 -0.425533 -0.564690 0.707100 -0.798600 0.601800 0.000000 -0.425533 -0.564690 -0.707100 3023.dat
1 71 95.958780 -80.762400 95.958780 -0.425533 -0.564690 0.707100 -0.798600 0.601800 0.000000 -0.425533 -0.564690 -0.707100 2431.dat
1 71 -73.633370 -69.490800 -73.633370 -0.425533 0.564690 0.707100 0.798600 0.601800 0.000000 -0.425533 0.564690 -0.707100 3623.dat
1 71 -73.895560 -82.291200 -73.895560 -0.425533 0.564690 0.707100 0.798600 0.601800 0.000000 -0.425533 0.564690 -0.707100 3023.dat
1 71 -90.916880 -50.347200 -90.916880 0.425533 0.564690 -0.707100 -0.798600 0.601800 0.000000 0.425533 0.564690 0.707100 99780.dat
1 71 -78.413100 -87.105600 -78.413100 0.425533 0.564690 -0.707100 -0.798600 0.601800 0.000000 0.425533 0.564690 0.707100 60478.dat
1 71 -95.434390 -55.161600 -95.434390 -0.425533 0.564690 0.707100 0.798600 0.601800 0.000000 -0.425533 0.564690 -0.707100 60478.dat
1 71 -99.951920 -59.976000 -99.951920 -0.425533 0.564690 0.707100 0.798600 0.601800 0.000000 -0.425533 0.564690 -0.707100 99781.dat
1 71 -72.234740 -59.536800 -103.347100 -0.425533 -0.707100 0.564690 0.798600 0.000000 0.601800 -0.425533 0.707100 0.564690 3070b.dat
1 71 -105.605900 -61.944000 -74.493480 -0.425533 0.707100 -0.564690 0.798600 0.000000 -0.601800 -0.425533 -0.707100 -0.564690 3070b.dat
1 71 -114.116500 -45.972000 -83.004140 0.564690 0.707100 -0.425533 0.601800 0.000000 0.798600 0.564690 -0.707100 -0.425533 2555.dat
1 71 -80.745380 -43.564800 -111.857800 0.564690 -0.707100 0.425533 0.601800 0.000000 -0.798600 0.564690 0.707100 0.425533 2555.dat
1 71 -82.930600 -91.920000 -82.930600 0.425533 0.564690 -0.707100 -0.798600 0.601800 0.000000 0.425533 0.564690 0.707100 3023.dat
1 71 -95.958780 -80.762400 -95.958780 0.425533 0.564690 -0.707100 -0.798600 0.601800 0.000000 0.425533 0.564690 0.707100 2431.dat
1 71 -73.633370 -69.490800 73.633370 -0.425533 0.564690 -0.707100 0.798600 0.601800 0.000000 0.425533 -0.564690 -0.707100 3623.dat
1 71 -73.895560 -82.291200 73.895560 -0.425533 0.564690 -0.707100 0.798600 0.601800 0.000000 0.425533 -0.564690 -0.707100 3023.dat
1 71 -90.916880 -50.347200 90.916880 0.425533 0.564690 0.707100 -0.798600 0.601800 0.000000 -0.425533 -0.564690 0.707100 99780.dat
1 71 -78.413100 -87.105600 78.413100 0.425533 0.564690 0.707100 -0.798600 0.601800 0.000000 -0.425533 -0.564690 0.707100 60478.dat
1 71 -95.434390 -55.161600 95.434390 -0.425533 0.564690 -0.707100 0.798600 0.601800 0.000000 0.425533 -0.564690 -0.707100 60478.dat
1 71 -99.951920 -59.976000 99.951920 -0.425533 0.564690 -0.707100 0.798600 0.601800 0.000000 0.425533 -0.564690 -0.707100 99781.dat
1 71 -103.347100 -59.536800 72.234740 -0.425533 0.707100 0.564690 0.798600 0.000000 0.601800 0.425533 0.707100 -0.564690 3070b.dat
1 71 -74.493480 -61.944000 105.605900 -0.425533 -0.707100 -0.564690 0.798600 0.000000 -0.601800 0.425533 -0.707100 0.564690 3070b.dat
1 71 -83.004140 -45.972000 114.116500 0.564690 -0.707100 -0.425533 0.601800 0.000000 0.798600 -0.564690 -0.707100 0.425533 2555.dat
1 71 -111.857800 -43.564800 80.745380 0.564690 0.707100 0.425533 0.601800 0.000000 -0.798600 -0.564690 0.707100 -0.425533 2555.dat
1 71 -82.930600 -91.920000 82.930600 0.425533 0.564690 0.707100 -0.798600 0.601800 0.000000 -0.425533 -0.564690 0.707100 3023.dat
1 71 -95.958780 -80.762400 95.958780 0.425533 0.564690 0.707100 -0.798600 0.601800 0.000000 -0.425533 -0.564690 0.707100 2431.dat
1 71 63.541210 -178.645000 63.541210 0.259152 -0.657886 -0.707100 0.930400 0.366500 0.000000 0.259152 -0.657886 0.707100 60478.dat
1 71 60.869640 -166.409000 60.869640 0.259152 -0.657886 -0.707100 0.930400 0.366500 0.000000 0.259152 -0.657886 0.707100 3024.dat
1 71 53.095080 -194.321000 53.095080 -0.259152 -0.657886 0.707100 -0.930400 0.366500 0.000000 -0.259152 -0.657886 -0.707100 60478.dat
1 71 53.015040 -172.781000 53.015040 -0.259152 -0.657886 0.707100 -0.930400 0.366500 0.000000 -0.259152 -0.657886 -0.707100 3023.dat
1 71 55.766640 -206.557000 55.766640 -0.259152 -0.657886 0.707100 -0.930400 0.366500 0.000000 -0.259152 -0.657886 -0.707100 3024.dat
1 71 66.212780 -190.881000 66.212780 -0.259152 -0.657886 0.707100 -0.930400 0.366500 0.000000 -0.259152 -0.657886 -0.707100 63864.dat
1 71 63.541210 -178.645000 -63.541210 0.259152 -0.657886 0.707100 0.930400 0.366500 0.000000 -0.259152 0.657886 0.707100 60478.dat
1 71 60.869640 -166.409000 -60.869640 0.259152 -0.657886 0.707100 0.930400 0.366500 0.000000 -0.259152 0.657886 0.707100 3024.dat
1 71 53.095080 -194.321000 -53.095080 -0.259152 -0.657886 -0.707100 -0.930400 0.366500 0.000000 0.259152 0.657886 -0.707100 60478.dat
1 71 53.015040 -172.781000 -53.015040 -0.259152 -0.657886 -0.707100 -0.930400 0.366500 0.000000 0.259152 0.657886 -0.707100 3023.dat
1 71 55.766640 -206.557000 -55.766640 -0.259152 -0.657886 -0.707100 -0.930400 0.366500 0.000000 0.259152 0.657886 -0.707100 3024.dat
1 71 66.212780 -190.881000 -66.212780 -0.259152 -0.657886 -0.707100 -0.930400 0.366500 0.000000 0.259152 0.657886 -0.707100 63864.dat
1 71 -63.541210 -178.645000 -63.541210 -0.259152 0.657886 0.707100 0.930400 0.366500 0.000000 -0.259152 0.657886 -0.707100 60478.dat
1 71 -60.869640 -166.409000 -60.869640 -0.259152 0.657886 0.707100 0.930400 0.366500 0.000000 -0.259152 0.657886 -0.707100 3024.dat
1 71 -53.095080 -194.321000 -53.095080 0.259152 0.657886 -0.707100 -0.930400 0.366500 0.000000 0.259152 0.657886 0.707100 60478.dat
1 71 -53.015040 -172.781000 -53.015040 0.259152 0.657886 -0.707100 -0.930400 0.366500 0.000000 0.259152 0.657886 0.707100 3023.dat
1 71 -55.766640 -206.557000 -55.766640 0.259152 0.657886 -0.707100 -0.930400 0.366500 0.000000 0.259152 0.657886 0.707100 3024.dat
1 71 -66.212780 -190.881000 -66.212780 0.259152 0.657886 -0.707100 -0.930400 0.366500 0.000000 0.259152 0.657886 0.707100 63864.dat
1 71 -63.541210 -178.645000 63.541210 -0.259152 0.657886 -0.707100 0.930400 0.366500 0.000000 0.259152 -0.657886 -0.707100 60478.dat
1 71 -60.869640 -166.409000 60.869640 -0.259152 0.657886 -0.707100 0.930400 0.366500 0.000000 0.259152 -0.657886 -0.707100 3024.dat
1 71 -53.095080 -194.321000 53.095080 0.259152 0.657886 0.707100 -0.930400 0.366500 0.000000 -0.259152 -0.657886 0.707100 60478.dat
1 71 -53.015040 -172.781000 53.015040 0.259152 0.657886 0.707100 -0.930400 0.366500 0.000000 -0.259152 -0.657886 0.707100 3023.dat
1 71 -55.766640 -206.557000 55.766640 0.259152 0.657886 0.707100 -0.930400 0.366500 0.000000 -0.259152 -0.657886 0.707100 3024.dat
1 71 -66.212780 -190.881000 66.212780 0.259152 0.657886 0.707100 -0.930400 0.366500 0.000000 -0.259152 -0.657886 0.707100 63864.dat
1 71 17.458300 -476.057200 17.458300 0.030830 -0.706393 -0.707100 0.999000 0.043600 0.000000 0.030830 -0.706393 0.707100 60478.dat
1 71 21.259670 -536.346000 21.259670 -0.030830 -0.706393 0.707100 -0.999000 0.043600 0.000000 -0.030830 -0.706393 -0.707100 4162.dat
1 71 13.758750 -595.937200 13.758750 -0.030830 -0.706393 0.707100 -0.999000 0.043600 0.000000 -0.030830 -0.706393 -0.707100 60478.dat
1 71 15.608530 -535.997200 15.608530 -0.030830 -0.706393 0.707100 -0.999000 0.043600 0.000000 -0.030830 -0.706393 -0.707100 3710.dat
1 71 -17.458300 -476.057200 -17.458300 -0.030830 0.706393 0.707100 0.999000 0.043600 0.000000 -0.030830 0.706393 -0.707100 60478.dat
1 71 -21.259670 -536.346000 -21.259670 0.030830 0.706393 -0.707100 -0.999000 0.043600 0.000000 0.030830 0.706393 0.707100 4162.dat
