0 6604-1-Formula1Car.ldr
0 Name: 6604-1 - Formula 1 Car
0 Author: Nenufar
0 Theme: Automobiles
0 CustomBrick

1 15 0.000000 -13.574110 -14.626650 1.000000 0.000000 0.000000 0.000000 0.965927 -0.258816 0.000000 0.258816 0.965927 3020.dat
1 0 10.000000 -70.328300 42.635610 1.000000 0.000000 0.000000 0.000000 0.965927 -0.258816 0.000000 0.258816 0.965927 3062b.dat
1 0 -10.000000 -70.328300 42.635610 1.000000 0.000000 0.000000 0.000000 0.965927 -0.258816 0.000000 0.258816 0.965927 3062b.dat
1 0 0.000000 -18.713360 -26.356450 1.000000 0.000000 0.000000 0.000000 0.965927 -0.258816 0.000000 0.258816 0.965927 3829c01.dat
1 15 0.000000 -75.467560 30.905810 1.000000 0.000000 0.000000 0.000000 0.965927 -0.258816 0.000000 0.258816 0.965927 4859.dat
1 15 -30.000000 -44.520840 8.139580 1.000000 0.000000 0.000000 0.000000 0.965927 -0.258816 0.000000 0.258816 0.965927 4286.dat
1 15 30.000000 -44.520840 8.139580 1.000000 0.000000 0.000000 0.000000 0.965927 -0.258816 0.000000 0.258816 0.965927 4286.dat
1 15 0.000000 -44.446720 -53.957100 1.000000 0.000000 0.000000 0.000000 0.965927 -0.258816 0.000000 0.258816 0.965927 3298p73.dat
1 0 0.000000 -39.418630 50.917720 -1.000000 0.000000 0.000000 0.000000 0.965927 0.258816 0.000000 0.258816 -0.965927 3839b.dat
1 0 26.000000 -39.265260 73.527840 0.000000 0.000000 1.000000 0.965927 -0.258816 0.000000 0.258816 0.965927 0.000000 4589.dat
1 0 -26.000000 -38.913260 72.214160 0.000000 0.000000 1.000000 0.965927 -0.258816 0.000000 0.258816 0.965927 0.000000 4589.dat
1 36 26.000000 -45.476840 96.710090 0.000000 0.000000 -1.000000 -0.965927 -0.258816 0.000000 -0.258816 0.965927 0.000000 6141.dat
1 36 -26.000000 -45.124840 95.396410 0.000000 0.000000 -1.000000 -0.965927 -0.258816 0.000000 -0.258816 0.965927 0.000000 6141.dat
1 0 0.000000 -8.471910 28.151490 1.000000 0.000000 0.000000 0.000000 0.965927 -0.258816 0.000000 0.258816 0.965927 4600.dat
1 0 0.000000 -5.772570 -74.652800 1.000000 0.000000 0.000000 0.000000 0.965927 -0.258816 0.000000 0.258816 0.965927 4600.dat
1 7 30.000000 -3.642280 29.445570 0.000000 0.000000 -1.000000 -0.258816 0.965927 0.000000 0.965927 0.258816 0.000000 4624.dat
1 7 30.000000 -0.942930 -73.358740 0.000000 0.000000 -1.000000 -0.258816 0.965927 0.000000 0.965927 0.258816 0.000000 4624.dat
1 7 -30.000000 -3.642280 29.445570 0.000000 0.000000 1.000000 0.258816 0.965927 0.000000 -0.965927 0.258816 0.000000 4624.dat
1 7 -30.000000 -0.942930 -73.358740 0.000000 0.000000 1.000000 0.258816 0.965927 0.000000 -0.965927 0.258816 0.000000 4624.dat
1 256 -30.000000 -3.642280 29.445570 0.000000 0.000000 1.000000 0.399588 -0.916695 0.000000 0.916695 0.399588 -0.000001 3641.dat
1 256 -30.000000 -0.942940 -73.358730 0.000000 0.000000 1.000000 0.399588 -0.916695 0.000000 0.916695 0.399588 0.000000 3641.dat
1 256 30.000000 -3.642280 29.445570 0.000000 0.000000 1.000000 0.916695 0.399589 0.000000 -0.399589 0.916695 0.000000 3641.dat
1 256 30.000000 -0.942930 -73.358740 0.000000 0.000000 1.000000 0.916695 0.399589 0.000000 -0.399589 0.916695 0.000000 3641.dat
1 15 0.000000 -8.323669 -96.041870 1.000000 0.000000 0.000000 0.000000 0.965927 -0.258816 0.000000 0.258816 0.965927 3022.dat
1 15 0.000000 1.991910 -103.630600 1.000000 0.000000 0.000000 0.000000 0.965927 -0.258816 0.000000 0.258816 0.965927 3710.dat
1 15 0.000000 -21.338580 14.351160 1.000000 0.000000 0.000000 0.000000 0.965927 -0.258816 0.000000 0.258816 0.965927 3023.dat
1 0 0.000000 -29.514350 10.089940 1.000000 0.000000 0.000000 0.000000 0.258816 0.965927 0.000000 -0.965927 0.258816 3817.dat
1 0 0.000000 -29.514350 10.089940 1.000000 0.000000 0.000000 0.000000 0.258816 0.965927 0.000000 -0.965927 0.258816 3816.dat
1 0 0.000010 -41.105460 6.984150 1.000000 0.000000 0.000000 0.000000 0.965927 -0.258816 0.000000 0.258816 0.965927 3815.dat
1 0 0.000000 -72.015140 -1.297950 1.000000 0.000000 0.000000 0.000000 0.965927 -0.258816 0.000000 0.258816 0.965927 973.dat
1 0 15.471830 -63.441900 0.999200 0.985328 0.121930 0.119421 -0.164855 0.861052 0.481056 -0.044173 -0.493686 0.868519 3819.dat
1 0 -15.574610 -63.411470 1.007360 0.985495 -0.119998 -0.119998 0.163921 0.856118 0.490097 0.043922 -0.502658 0.863370 3818.dat
1 14 -21.642060 -52.620740 -16.964780 1.000000 0.000000 0.000000 0.000000 0.965928 -0.258817 0.000000 0.258816 0.965928 3820.dat
1 14 21.520930 -52.716740 -17.286890 0.999999 -0.000009 -0.001774 -0.000467 0.963226 -0.268698 0.001711 0.268698 0.963225 3820.dat
1 14 0.000020 -95.197410 -7.509540 1.000000 0.000000 0.000000 0.000000 0.965928 -0.258817 0.000000 0.258816 0.965928 3626ap01.dat
1 15 0.000020 -95.197410 -7.509540 1.000000 0.000000 0.000000 0.000000 0.965928 -0.258817 0.000000 0.258816 0.965928 3842b.dat
1 15 0.000000 -18.676310 -57.404780 1.000000 0.000000 0.000000 0.000000 0.965927 -0.258816 0.000000 0.258816 0.965927 3022.dat
1 15 0.000000 -5.846680 -12.556110 0.000000 0.000000 1.000000 0.258816 0.965927 0.000000 -0.965927 0.258816 0.000000 3020.dat
1 15 0.000000 -47.146060 48.847190 0.000000 0.000000 1.000000 0.258816 0.965927 0.000000 -0.965927 0.258816 0.000000 3021.dat
1 15 0.000010 -34.242320 31.599190 1.000000 0.000000 0.000000 0.000000 0.965927 -0.258816 0.000000 0.258816 0.965927 3004.dat
1 15 0.000000 -5.809620 -43.604440 1.000000 0.000000 0.000000 0.000000 0.965927 -0.258816 0.000000 0.258816 0.965927 3023.dat
1 15 0.000000 -13.537030 -45.674960 1.000000 0.000000 0.000000 0.000000 0.965927 -0.258816 0.000000 0.258816 0.965927 3023.dat
0 STEP
