0 6604-3-GoCart.ldr
0 Name: 6604-3 - Go Cart
0 Author: Nenufar
0 Theme: Automobiles
0 CustomBrick

1 15 0.000170 -16.000060 20.000030 0.000000 0.000000 1.000000 0.000000 1.000000 0.000000 -1.000000 0.000000 0.000000 3020.dat
1 0 0.000170 -32.000060 -9.999969 1.000000 0.000000 0.000000 0.000000 1.000000 0.000000 0.000000 0.000000 1.000000 3829c01.dat
1 15 0.000170 -32.000060 -39.999980 1.000000 0.000000 0.000000 0.000000 1.000000 0.000000 0.000000 0.000000 1.000000 4859.dat
1 0 0.000180 -8.000060 40.000030 -1.000000 0.000000 0.000000 0.000000 1.000000 0.000002 0.000000 -0.000001 -0.999998 4600.dat
1 0 0.000170 -8.000060 -19.999970 -1.000000 0.000000 0.000000 0.000000 1.000000 0.000000 0.000000 0.000000 -1.000000 4600.dat
1 0 0.000200 -25.000100 28.000080 1.000000 0.000000 0.000000 0.000000 0.000000 1.000004 0.000000 -1.000000 -0.000001 3817.dat
1 0 0.000180 -25.000110 28.000040 1.000000 0.000000 0.000000 0.000000 0.000000 1.000006 0.000000 -1.000000 -0.000001 3816.dat
1 0 0.000230 -37.000150 28.000060 1.000000 0.000000 0.000000 0.000000 1.000006 0.000000 0.000000 -0.000001 1.000000 3815.dat
1 0 0.000210 -69.000160 28.000130 1.000000 0.000000 0.000000 0.000000 1.000006 0.000000 0.000000 -0.000001 1.000000 973.dat
1 0 15.472050 -60.124640 28.000110 0.985328 0.121931 0.119422 -0.170671 0.703943 0.689455 0.000000 -0.699719 0.714421 3819.dat
1 0 -15.574350 -60.093110 28.000080 0.985495 -0.119998 -0.119998 0.169704 0.696855 0.696855 0.000000 -0.707108 0.707107 3818.dat
1 14 -21.641900 -54.321380 7.847530 1.000000 0.000000 0.000000 0.000000 1.000006 0.000000 0.000000 -0.000001 1.000001 3820.dat
1 14 21.521130 -54.497600 7.561240 0.999999 -0.000009 -0.001774 -0.000009 0.999955 -0.010245 0.001774 0.010243 0.999948 3820.dat
1 14 0.000230 -93.000420 28.000110 1.000000 0.000000 0.000000 0.000000 1.000007 0.000000 0.000000 -0.000001 1.000001 3626ap01.dat
1 15 0.000230 -93.000420 28.000110 1.000000 0.000000 0.000000 0.000000 1.000007 0.000000 0.000000 -0.000001 1.000001 3842b.dat
1 15 0.000170 -24.000060 -19.999970 1.000000 0.000000 0.000000 0.000000 1.000000 0.000000 0.000000 0.000000 1.000000 3022.dat
1 15 0.000170 -16.000060 -29.999970 1.000000 0.000000 0.000000 0.000000 1.000000 0.000000 0.000000 0.000000 1.000000 3023.dat
1 7 -29.999830 -3.000050 40.000030 0.000000 0.000000 1.000000 0.000002 1.000000 0.000000 -0.999998 -0.000001 0.000000 4624.dat
1 7 -29.999830 -3.000060 -19.999970 0.000000 0.000000 1.000000 0.000000 1.000000 0.000000 -1.000000 0.000000 0.000000 4624.dat
1 7 30.000180 -3.000050 40.000040 0.000000 0.000000 -1.000000 -0.000002 1.000000 0.000000 0.999998 -0.000001 0.000000 4624.dat
1 7 30.000170 -3.000060 -19.999970 0.000000 0.000000 -1.000000 0.000000 1.000000 0.000000 1.000000 0.000000 0.000000 4624.dat
1 256 -29.999810 -3.000030 40.000030 0.000000 0.000000 1.000000 0.623228 -0.782040 0.000000 0.782040 0.623228 0.000000 3641.dat
1 256 -29.999830 -3.000060 -19.999970 0.000000 0.000000 1.000000 0.623228 -0.782040 0.000000 0.782040 0.623228 0.000000 3641.dat
1 256 30.000170 -3.000060 -19.999970 0.000000 0.000000 1.000000 0.782040 0.623228 0.000000 -0.623228 0.782040 0.000000 3641.dat
1 256 30.000180 -3.000050 40.000040 0.000000 0.000000 1.000000 0.782042 0.623227 0.000000 -0.623228 0.782039 0.000000 3641.dat
1 0 10.000180 -40.000060 50.000030 1.000000 0.000000 0.000000 0.000000 1.000000 0.000000 0.000000 0.000000 1.000000 3062b.dat
1 0 -9.999820 -40.000060 50.000030 1.000000 0.000000 0.000000 0.000000 1.000000 0.000000 0.000000 0.000000 1.000000 3062b.dat
1 15 0.000180 -48.000060 50.000030 1.000000 0.000000 0.000000 0.000000 1.000000 0.000000 0.000000 0.000000 1.000000 3710.dat
1 36 30.000180 -56.000060 50.000030 1.000000 0.000000 0.000000 0.000000 1.000000 0.000000 0.000000 0.000000 1.000000 6141.dat
1 36 -29.999820 -56.000060 50.000030 1.000000 0.000000 0.000000 0.000000 1.000000 0.000000 0.000000 0.000000 1.000000 6141.dat
0 STEP
